117 
0.000 5.000 0 
0.100 4.951 0 
0.200 4.902 0 
0.300 4.856 0 
0.400 4.810 0 
0.500 4.766 0 
0.600 4.723 0 
0.700 4.681 0 
0.800 4.640 0 
0.900 4.601 0 
1.000 4.562 0 
1.100 4.526 0 
1.200 4.490 0 
1.300 4.456 0 
1.400 4.423 0 
1.500 4.391 0 
1.600 4.360 0 
1.700 4.331 0 
1.800 4.303 0 
1.900 4.276 0 
2.000 4.250 0 
2.100 4.226 0 
2.200 4.202 0 
2.300 4.181 0 
2.400 4.160 0 
2.500 4.141 0 
2.600 4.122 0 
2.700 4.106 0 
2.800 4.090 0 
2.900 4.076 0 
3.000 4.062 0 
3.100 4.051 0 
3.200 4.040 0 
3.300 4.031 0 
3.400 4.022 0 
3.500 4.016 0 
3.600 4.010 0 
3.700 4.006 0 
3.800 4.003 0 
3.900 4.001 0 
4.000 4.000 0 
4.500 4.038 0 
5.000 4.056 0 
5.500 4.081 0 
6.000 4.113 0 
6.500 4.150 0 
7.000 4.193 0 
7.500 4.242 0 
8.000 4.295 0 
8.500 4.353 0 
9.000 4.415 0 
9.500 4.481 0 
10.000 4.550 0 
10.500 4.622 0 
11.000 4.697 0 
11.500 4.773 0 
12.000 4.852 0 
12.500 4.932 0 
13.000 5.013 0 
13.500 5.095 0 
14.000 5.178 0 
14.500 5.261 0 
15.000 5.344 0 
15.500 5.426 0 
16.000 5.508 0 
16.500 5.590 0 
17.000 5.670 0 
17.500 5.750 0 
18.000 5.828 0 
18.500 5.905 0 
19.000 5.981 0 
19.500 6.055 0 
20.000 6.128 0 
20.500 6.199 0 
21.000 6.269 0 
21.500 6.337 0 
22.000 6.403 0 
22.500 6.468 0 
23.000 6.531 0 
23.500 6.593 0 
24.000 6.654 0 
24.500 6.714 0 
25.000 6.772 0 
25.500 6.830 0 
26.000 6.887 0 
26.500 6.943 0 
27.000 6.999 0 
27.500 7.054 0 
28.000 7.109 0 
28.500 7.164 0 
29.000 7.219 0 
29.500 7.275 0 
30.000 7.331 0 
30.500 7.387 0 
31.000 7.444 0 
31.500 7.502 0 
32.000 7.560 0 
32.500 7.620 0 
33.000 7.680 0 
33.500 7.741 0 
34.000 7.803 0 
34.500 7.866 0 
35.000 7.930 0 
35.500 7.994 0 
36.000 8.059 0 
36.500 8.123 0 
37.000 8.187 0 
37.500 8.251 0 
38.000 8.314 0 
38.500 8.375 0 
39.000 8.434 0 
39.500 8.490 0 
40.000 8.542 0 
40.500 8.590 0 
41.000 8.633 0 
41.500 8.670 0 
41.621 8.677 0 
