117 
0.000 3.000 0 
0.100 2.951 0 
0.200 2.902 0 
0.300 2.856 0 
0.400 2.810 0 
0.500 2.766 0 
0.600 2.723 0 
0.700 2.681 0 
0.800 2.640 0 
0.900 2.601 0 
1.000 2.562 0 
1.100 2.526 0 
1.200 2.490 0 
1.300 2.456 0 
1.400 2.422 0 
1.500 2.391 0 
1.600 2.360 0 
1.700 2.331 0 
1.800 2.303 0 
1.900 2.276 0 
2.000 2.250 0 
2.100 2.226 0 
2.200 2.203 0 
2.300 2.181 0 
2.400 2.160 0 
2.500 2.141 0 
2.600 2.123 0 
2.700 2.106 0 
2.800 2.090 0 
2.900 2.076 0 
3.000 2.062 0 
3.100 2.051 0 
3.200 2.040 0 
3.300 2.031 0 
3.400 2.022 0 
3.500 2.016 0 
3.600 2.010 0 
3.700 2.006 0 
3.800 2.002 0 
3.900 2.001 0 
4.000 2.000 0 
4.500 2.038 0 
5.000 2.056 0 
5.500 2.081 0 
6.000 2.113 0 
6.500 2.150 0 
7.000 2.193 0 
7.500 2.242 0 
8.000 2.295 0 
8.500 2.353 0 
9.000 2.415 0 
9.500 2.481 0 
10.000 2.550 0 
10.500 2.622 0 
11.000 2.697 0 
11.500 2.773 0 
12.000 2.852 0 
12.500 2.932 0 
13.000 3.013 0 
13.500 3.095 0 
14.000 3.178 0 
14.500 3.261 0 
15.000 3.344 0 
15.500 3.426 0 
16.000 3.508 0 
16.500 3.590 0 
17.000 3.670 0 
17.500 3.750 0 
18.000 3.828 0 
18.500 3.905 0 
19.000 3.981 0 
19.500 4.055 0 
20.000 4.128 0 
20.500 4.199 0 
21.000 4.269 0 
21.500 4.337 0 
22.000 4.403 0 
22.500 4.468 0 
23.000 4.531 0 
23.500 4.593 0 
24.000 4.654 0 
24.500 4.714 0 
25.000 4.772 0 
25.500 4.830 0 
26.000 4.887 0 
26.500 4.943 0 
27.000 4.999 0 
27.500 5.054 0 
28.000 5.109 0 
28.500 5.164 0 
29.000 5.219 0 
29.500 5.275 0 
30.000 5.331 0 
30.500 5.387 0 
31.000 5.444 0 
31.500 5.502 0 
32.000 5.560 0 
32.500 5.620 0 
33.000 5.680 0 
33.500 5.741 0 
34.000 5.803 0 
34.500 5.866 0 
35.000 5.930 0 
35.500 5.994 0 
36.000 6.059 0 
36.500 6.123 0 
37.000 6.187 0 
37.500 6.251 0 
38.000 6.314 0 
38.500 6.375 0 
39.000 6.434 0 
39.500 6.490 0 
40.000 6.542 0 
40.500 6.590 0 
41.000 6.633 0 
41.500 6.670 0 
41.621 6.677 0 
