(title "Mach Number")
(labels "Position" "Mach Number")

((xy/key/label "axis")
-0.01	0.0034928
-0.00993696	0.00527722
-0.00987393	0.0107862
-0.00974786	0.0240583
-0.00962179	0.0354136
-0.00949571	0.0457955
-0.00936964	0.0548078
-0.00924357	0.0624772
-0.0091175	0.0689105
-0.00899143	0.074251
-0.00886536	0.0786324
-0.00873929	0.0821776
-0.00861321	0.0850054
-0.00848714	0.0872357
-0.00836107	0.0889529
-0.008235	0.090209
-0.00810893	0.0910635
-0.00798286	0.0915477
-0.00785679	0.0916575
-0.00773071	0.0913592
-0.00760464	0.0906498
-0.00747857	0.0894965
-0.0073525	0.0878332
-0.00722643	0.0856399
-0.00710036	0.0828727
-0.00697429	0.0794614
-0.00684821	0.07531
-0.00672214	0.0703309
-0.00659607	0.0644427
-0.00647	0.0575363
-0.00633636	0.0490408
-0.00620273	0.0394007
-0.00606909	0.0287099
-0.00593545	0.0178561
-0.00580182	0.0132996
-0.00566818	0.0201748
-0.00553455	0.034674
-0.00540091	0.0521533
-0.00526727	0.0711323
-0.00513364	0.0912871
-0.005	0.112363
-0.00486636	0.134178
-0.00473273	0.156584
-0.00459909	0.179446
-0.00446545	0.202652
-0.00433182	0.22611
-0.00419818	0.249744
-0.00406455	0.273493
-0.00393091	0.29731
-0.00379727	0.321159
-0.00366364	0.345003
-0.00353	0.368819
-0.00340393	0.391251
-0.00327786	0.413618
-0.00315179	0.435896
-0.00302571	0.45807
-0.00289964	0.48012
-0.00277357	0.502019
-0.0026475	0.52374
-0.00252143	0.545252
-0.00239536	0.566522
-0.00226929	0.587513
-0.00214321	0.608186
-0.00201714	0.628497
-0.00189107	0.6484
-0.001765	0.667846
-0.00163893	0.68678
-0.00151286	0.705145
-0.00138679	0.722881
-0.00126071	0.739923
-0.00113464	0.756202
-0.00100857	0.771647
-0.0008825	0.786181
-0.000756428	0.799727
-0.000630357	0.812206
-0.000504286	0.823544
-0.000378214	0.833676
-0.000252143	0.842541
-0.000126071	0.850078
1.52316e-10	0.856239
0.000138276	0.861567
0.000276552	0.865588
0.000414827	0.868334
0.000553103	0.869956
0.000691379	0.870662
0.000829655	0.870686
0.00096793	0.870285
0.00110621	0.86957
0.00124448	0.868697
0.00138276	0.867942
0.00152103	0.867498
0.00165931	0.867456
0.00179758	0.867847
0.00193586	0.868807
0.00207414	0.870519
0.00221241	0.872961
0.00235069	0.8761
0.00248896	0.880025
0.00262724	0.8848
0.00276552	0.890443
0.00290379	0.896958
0.00304207	0.904341
0.00318034	0.912592
0.00331862	0.921705
0.00345689	0.931673
0.00359517	0.942479
0.00373345	0.954095
0.00387172	0.96648
0.00401	0.979631
0.00414827	0.993573
0.00428655	1.00828
0.00442482	1.02365
0.0045631	1.03966
0.00470138	1.05628
0.00483965	1.07342
0.00497793	1.09098
0.0051162	1.10889
0.00525448	1.12711
0.00539275	1.14556
0.00553103	1.1641
0.00566931	1.1826
0.00580758	1.20088
0.00594586	1.21873
0.00608413	1.23591
0.00622241	1.25216
0.00636068	1.26717
0.00649896	1.28063
0.00663724	1.2923
0.00677551	1.302
0.00691379	1.30978
0.00705206	1.31591
0.00719034	1.32088
0.00732861	1.32536
0.00746689	1.33009
0.00760517	1.3357
0.00774344	1.34272
0.00788172	1.3514
0.00801999	1.36177
0.00815827	1.37362
0.00829654	1.3866
0.00843482	1.40031
0.0085731	1.41436
0.00871137	1.42845
0.00884965	1.44238
0.00898792	1.45601
0.0091262	1.46933
0.0091262	1.46933
0.00926447	1.48233
0.00940275	1.49506
0.00954103	1.50761
0.0096793	1.52003
0.00981758	1.5324
0.00995585	1.54476
0.0100941	1.55716
0.0102324	1.56963
0.0103707	1.58216
0.010509	1.59477
0.0106472	1.60743
0.0107855	1.62013
0.0109238	1.63284
0.0110621	1.64555
0.0112003	1.65823
0.0113386	1.67085
0.0114769	1.68341
0.0116152	1.69589
0.0117534	1.70829
0.0118917	1.72062
0.01203	1.73287
0.0121683	1.74506
0.0123065	1.75721
0.0124448	1.7693
0.0125831	1.78136
0.0127214	1.79336
0.0128596	1.8053
0.0129979	1.81714
0.0131362	1.82886
0.0132745	1.84042
0.0134127	1.85178
0.013551	1.86292
0.0136893	1.87381
0.0138276	1.88445
0.0139659	1.89485
0.0141041	1.90504
0.0142424	1.91505
0.0143807	1.92494
0.014519	1.93477
0.0146572	1.9446
0.0147955	1.95449
0.0149338	1.96449
0.0150721	1.97463
0.0152103	1.98493
0.0153486	1.99538
0.0154869	2.00598
0.0156252	2.01669
0.0157634	2.02748
0.0159017	2.03829
0.01604	2.04908
0.0161783	2.05979
0.0163165	2.0704
0.0164548	2.08085
0.0165931	2.09112
0.0167314	2.1012
0.0168696	2.11107
0.0170079	2.12074
0.0171462	2.1302
0.0172845	2.13947
0.0174227	2.14857
0.017561	2.1575
0.0176993	2.16629
0.0178376	2.17494
0.0179758	2.18347
0.0181141	2.19189
0.0182524	2.20022
0.0183907	2.20845
0.0185289	2.21659
0.0186672	2.22466
0.0188055	2.23266
0.0189438	2.2406
0.0190821	2.24847
0.0192203	2.25629
0.0193586	2.26405
0.0194969	2.27177
0.0196352	2.27945
0.0197734	2.28708
0.0199117	2.29466
0.02005	2.30221
0.0201883	2.3097
0.0203265	2.31714
0.0204648	2.32453
0.0206031	2.33186
0.0207414	2.33911
0.0208796	2.3463
0.0210179	2.35341
0.0211562	2.36044
0.0212945	2.36738
0.0214327	2.37424
0.021571	2.38102
0.0217093	2.38772
0.0218476	2.39435
0.0219858	2.40091
0.0221241	2.4074
0.0222624	2.41383
0.0224007	2.42022
0.0225389	2.42655
0.0226772	2.43284
0.0228155	2.43909
0.0229538	2.44529
0.0230921	2.45145
0.0232303	2.45757
0.0233686	2.46363
0.0235069	2.46964
0.0236452	2.47558
0.0237834	2.48144
0.0239217	2.48722
0.02406	2.49291
0.0241983	2.49849
0.0243365	2.50396
0.0244748	2.50932
0.0246131	2.51455
0.0247514	2.51966
0.0248896	2.52464
0.0250279	2.52951
0.0251662	2.53425
0.0253045	2.53887
0.0254427	2.54339
0.025581	2.54781
0.0257193	2.55214
0.0258576	2.5564
0.0259958	2.56058
0.0261341	2.5647
0.0262724	2.56878
0.0264107	2.57281
0.0265489	2.5768
0.0266872	2.58075
0.0266872	2.58075
0.0268255	2.58468
0.0269638	2.58858
0.027102	2.59244
0.0272403	2.59626
0.0273786	2.60004
0.0275169	2.60377
0.0276551	2.60744
0.0277934	2.61105
0.0279317	2.61458
0.02807	2.61804
0.0282083	2.6214
0.0283465	2.62466
0.0284848	2.62783
0.0286231	2.63088
0.0287614	2.63382
0.0288996	2.63664
0.0290379	2.63935
0.0291762	2.64194
0.0293145	2.64442
0.0294527	2.64679
0.029591	2.64905
0.0297293	2.65121
0.0298676	2.65329
0.0300058	2.65528
0.0301441	2.6572
0.0302824	2.65905
0.0304207	2.66085
0.0305589	2.66259
0.0306972	2.66428
0.0308355	2.66593
0.0309738	2.66755
0.031112	2.66912
0.0312503	2.67066
0.0313886	2.67216
0.0315269	2.67362
0.0316651	2.67504
0.0318034	2.67641
0.0319417	2.67774
0.03208	2.67901
0.0322182	2.68023
0.0323565	2.68138
0.0324948	2.68248
0.0326331	2.68351
0.0327714	2.68448
0.0329096	2.68538
0.0330479	2.68622
0.0331862	2.68699
0.0333245	2.6877
0.0334627	2.68834
0.033601	2.68893
0.0337393	2.68947
0.0338776	2.68996
0.0340158	2.6904
0.0341541	2.69082
0.0342924	2.69122
0.0344307	2.69161
0.0345689	2.692
0.0347072	2.69238
0.0348455	2.69276
0.0349838	2.69317
0.035122	2.69358
0.0352603	2.69402
0.0353986	2.69449
0.0355369	2.695
0.0356751	2.69556
0.0358134	2.69617
0.0359517	2.69684
0.03609	2.69757
0.0362282	2.69836
0.0363665	2.69923
0.0365048	2.70016
0.0366431	2.70118
0.0367813	2.70228
0.0369196	2.70346
0.0370579	2.70474
0.0371962	2.7061
0.0373344	2.70756
0.0374727	2.70912
0.037611	2.71078
0.0377493	2.71253
0.0378876	2.71439
0.0380258	2.71635
0.0381641	2.71841
0.0383024	2.72057
0.0384407	2.72283
0.0385789	2.72519
0.0387172	2.72763
0.0388555	2.73017
0.0389938	2.73279
0.039132	2.73548
0.0392703	2.73826
0.0394086	2.7411
0.0395469	2.74401
0.0396851	2.74697
0.0398234	2.75
0.0399617	2.75307
0.0401	2.7562
0.0402382	2.75938
0.0403765	2.7626
0.0405148	2.76588
0.0406531	2.7692
0.0407913	2.77257
0.0409296	2.77599
0.0410679	2.77947
0.0412062	2.78299
0.0413444	2.78657
0.0414827	2.79021
0.041621	2.7939
0.0417684	2.7979
0.0419161	2.80197
0.042064	2.80612
0.0422122	2.81035
0.0423606	2.81465
0.0425092	2.81904
0.0426581	2.82351
0.0428072	2.82805
0.0429565	2.83268
0.0431061	2.83739
0.043256	2.84218
0.043406	2.84705
0.0435563	2.85199
0.0437069	2.85701
0.0438577	2.8621
0.0440087	2.86725
0.04416	2.87247
0.0443115	2.87776
0.0444632	2.8831
0.0446152	2.88851
0.0447675	2.89396
0.0449199	2.89947
0.0450727	2.90504
0.0452257	2.91065
0.0453789	2.91631
0.0455323	2.92201
0.045686	2.92776
0.04584	2.93356
0.0459942	2.9394
0.0461487	2.94529
0.0463034	2.95122
0.0463034	2.95122
0.0464583	2.9572
0.0466135	2.96322
0.0467689	2.96929
0.0469246	2.9754
0.0470806	2.98155
0.0472368	2.98775
0.0473932	2.994
0.0475499	3.00029
0.0477068	3.00661
0.047864	3.01298
0.0480215	3.01939
0.0481792	3.02584
0.0483371	3.03232
0.0484953	3.03884
0.0486538	3.04538
0.0488125	3.05196
0.0489715	3.05856
0.0491307	3.06518
0.0492902	3.07182
0.0494499	3.07849
0.0496099	3.08516
0.0497701	3.09185
0.0499306	3.09855
0.0500914	3.10526
0.0502524	3.11197
0.0504137	3.11869
0.0505752	3.12541
0.050737	3.13213
0.050899	3.13884
0.0510613	3.14555
0.0512239	3.15226
0.0513867	3.15896
0.0515498	3.16566
0.0517132	3.17234
0.0518768	3.17902
0.0520407	3.18568
0.0522048	3.19234
0.0523692	3.19897
0.0525339	3.2056
0.0526988	3.2122
0.052864	3.21879
0.0530294	3.22536
0.0531952	3.2319
0.0533612	3.23842
0.0535274	3.24491
0.0536939	3.25137
0.0538607	3.25779
0.0540278	3.26418
0.0541951	3.27052
0.0543627	3.27682
0.0545305	3.28306
0.0546987	3.28925
0.054867	3.29537
0.0550357	3.30142
0.0552046	3.30739
0.0553739	3.31328
0.0555433	3.31907
0.0557131	3.32477
0.0558831	3.33035
0.0560534	3.33581
0.056224	3.34112
0.0563948	3.34626
0.0565659	3.3512
0.0567373	3.35594
0.056909	3.3605
0.0570809	3.36487
0.0572531	3.36903
0.0574256	3.37292
0.0575983	3.37648
0.0577714	3.37956
0.0579447	3.3821
0.0581183	3.38408
0.0582922	3.38548
0.0584663	3.38631
0.0586408	3.38663
0.0588155	3.38656
0.0589905	3.38614
0.0591657	3.38536
0.0593413	3.38423
0.0595171	3.38273
0.0596932	3.38087
0.0598696	3.37863
0.0600463	3.37599
0.0602233	3.37294
0.0604005	3.3695
0.060578	3.36569
0.0607558	3.36158
0.0609339	3.35718
0.0611123	3.35252
0.061291	3.34759
0.0614699	3.34239
0.0616492	3.33691
0.0618287	3.33112
0.0620085	3.325
0.0621886	3.31854
0.062369	3.3117
0.0625497	3.30443
0.0627307	3.29666
0.062912	3.28832
0.0630935	3.27929
0.0632753	3.26945
0.0634575	3.25867
0.0636399	3.24681
0.0638226	3.23372
0.0640056	3.21924
0.0641889	3.20324
0.0643725	3.18561
0.0645564	3.16625
0.0647406	3.145
0.0649251	3.12155
0.0651099	3.09605
0.065295	3.06924
0.0654803	3.04168
0.065666	3.01371
0.0658519	2.98575
0.0660382	2.95822
0.0662248	2.93138
0.0664116	2.90567
0.0665988	2.88158
0.0667862	2.85906
0.066974	2.83805
0.0671621	2.81884
0.0673504	2.80186
0.0673504	2.80186
0.0675391	2.78758
0.0677281	2.77624
0.0679173	2.76765
0.0681069	2.76133
0.0682968	2.75678
0.0684869	2.75388
0.0686774	2.75251
0.0688682	2.75225
0.0690593	2.75268
0.0692507	2.75362
0.0694424	2.75493
0.0696344	2.75646
0.0698267	2.75811
0.0700194	2.75974
0.0702123	2.76123
0.0704056	2.76264
0.0705991	2.76436
0.070793	2.7663
0.0709872	2.76751
0.0711816	2.76765
0.0713765	2.76714
0.0715716	2.76611
0.071767	2.76458
0.0719627	2.76258
0.0721588	2.76016
0.0723551	2.75737
0.0725518	2.75429
0.0727488	2.75096
0.0729461	2.74746
0.0731438	2.74381
0.0733417	2.73989
0.0735399	2.73559
0.0737385	2.73114
0.0739374	2.72679
0.0741366	2.72255
0.0743362	2.71845
0.074536	2.71456
0.0747362	2.71093
0.0749367	2.70755
0.0751375	2.70442
0.0753386	2.70159
0.0755401	2.69909
0.0757419	2.69693
0.075944	2.69511
0.0761464	2.69344
0.0763492	2.69165
0.0765522	2.68972
0.0767557	2.68772
0.0769594	2.68555
0.0771634	2.6832
0.0773678	2.68063
0.0775725	2.67782
0.0777776	2.67477
0.0779829	2.67148
0.0781886	2.66794
0.0783947	2.6642
0.078601	2.66034
0.0788077	2.65644
0.0790147	2.65257
0.0792221	2.64881
0.0794297	2.64519
0.0796377	2.64172
0.0798461	2.63847
0.0800548	2.63546
0.0802638	2.63269
0.0804731	2.63021
0.0806828	2.62811
0.0808928	2.62645
0.0811032	2.62523
0.0813139	2.6244
0.0815249	2.62387
0.0817363	2.62356
0.081948	2.62343
0.08216	2.62342
0.0823724	2.62349
0.0825851	2.62363
0.0827982	2.62382
0.0830116	2.62404
0.0832254	2.62428
0.0834395	2.62454
0.0836539	2.62482
0.0838687	2.62514
0.0840838	2.6255
0.0842993	2.62591
0.0845151	2.62638
0.0847313	2.62694
0.0849478	2.62758
0.0851646	2.62831
0.0853818	2.62915
0.0855994	2.63014
0.0858172	2.63132
0.0860355	2.63271
0.0862541	2.63437
0.086473	2.63633
0.0866923	2.63864
0.086912	2.64134
0.087132	2.64444
0.0873523	2.64788
0.087573	2.65154
0.0877941	2.65535
0.0880155	2.65926
0.0882373	2.66323
0.0884594	2.66723
0.0886819	2.67123
0.0889047	2.67521
0.0891279	2.67919
0.0893514	2.68317
0.0895753	2.68718
0.0897996	2.69125
0.0900242	2.69543
0.0902492	2.69975
0.0904746	2.70425
0.0907003	2.70896
0.0909263	2.71392
0.0911528	2.71913
0.0913796	2.72461
0.0916067	2.73034
0.0918342	2.73634
0.0920621	2.74256
0.0922904	2.749
0.092519	2.75563
0.092748	2.76242
0.0929773	2.76936
0.093207	2.7764
0.0934371	2.78355
0.0936676	2.79079
0.0938984	2.79811
0.0941296	2.80551
0.0943611	2.81299
0.0945931	2.82055
0.0948254	2.82822
0.095058	2.83599
0.095058	2.83599
0.0952911	2.84388
0.0955245	2.8519
0.0957583	2.86006
0.0959925	2.86838
0.096227	2.87684
0.0964619	2.88546
0.0966972	2.89424
0.0969329	2.90318
0.097169	2.91227
0.0974054	2.92152
0.0976422	2.93092
0.0978794	2.94046
0.098117	2.95016
0.0983549	2.96001
0.0985932	2.97001
0.0988319	2.98019
0.099071	2.99053
0.0993105	3.00105
0.0995504	3.01177
0.0997906	3.02269
0.100031	3.03382
0.100272	3.04516
0.100514	3.05673
0.100755	3.06853
0.100998	3.08055
0.10124	3.09279
0.101483	3.10524
0.101726	3.11788
0.10197	3.13068
0.102214	3.14364
0.102459	3.15671
0.102704	3.16987
0.102949	3.18307
0.103195	3.19627
0.103441	3.20943
0.103687	3.2225
0.103934	3.23543
0.104181	3.24818
0.104429	3.26069
0.104677	3.27289
0.104926	3.28475
0.105174	3.29621
0.105424	3.30722
0.105673	3.31772
0.105923	3.32764
0.106174	3.33686
0.106425	3.34537
0.106676	3.35316
0.106928	3.36016
0.10718	3.36624
0.107432	3.371
0.107685	3.37379
0.107938	3.37457
0.108192	3.37398
0.108446	3.37234
0.108701	3.36958
0.108956	3.36558
0.109211	3.36012
0.109467	3.35299
0.109723	3.344
0.109979	3.33304
0.110236	3.32004
0.110494	3.30496
0.110751	3.28752
0.111009	3.26715
0.111268	3.24447
0.111527	3.22081
0.111787	3.19674
0.112046	3.17277
0.112307	3.14937
0.112567	3.12696
0.112828	3.1058
0.11309	3.08622
0.113352	3.06851
0.113614	3.05264
0.113877	3.03853
0.11414	3.0262
0.114404	3.01565
0.114668	3.00683
0.114932	2.9993
0.115197	2.99229
0.115462	2.98555
0.115728	2.97906
0.115994	2.97261
0.116261	2.966
0.116528	2.95909
0.116795	2.9518
0.117063	2.94413
0.117332	2.93608
0.1176	2.92775
0.117869	2.91921
0.118139	2.91056
0.118409	2.90188
0.11868	2.89325
0.11895	2.88473
0.119222	2.87633
0.119494	2.86806
0.119766	2.85986
0.120038	2.85169
0.120311	2.84348
0.120585	2.83517
0.120859	2.8267
0.121133	2.81803
0.121408	2.80916
0.121683	2.8001
0.121959	2.79091
0.122235	2.78166
0.122512	2.77242
0.122789	2.76329
0.123066	2.75436
0.123344	2.7457
0.123623	2.73739
0.123901	2.72945
0.124181	2.72191
0.12446	2.71474
0.12474	2.70794
0.125021	2.70145
0.125302	2.69523
0.125584	2.68923
0.125866	2.68341
0.126148	2.67775
0.126431	2.67224
0.126714	2.6669
0.126998	2.66174
0.126998	2.66174
0.127282	2.65682
0.127567	2.65218
0.127852	2.64787
0.128137	2.64392
0.128423	2.64035
0.12871	2.63716
0.128997	2.63435
0.129284	2.63191
0.129572	2.62981
0.129861	2.628
0.130149	2.62643
0.130439	2.62517
0.130728	2.62422
0.131019	2.62354
0.131309	2.62316
0.1316	2.62312
0.131892	2.62333
0.132184	2.62379
0.132476	2.62451
0.132769	2.62553
0.133063	2.62691
0.133357	2.62871
0.133651	2.63099
0.133946	2.63386
0.134241	2.63735
0.134537	2.64138
0.134834	2.64583
0.13513	2.6506
0.135428	2.65562
0.135725	2.66082
0.136023	2.66617
0.136322	2.67165
0.136621	2.67726
0.136921	2.68304
0.137221	2.68902
0.137522	2.69523
0.137823	2.70171
0.138124	2.70847
0.138426	2.71551
0.138729	2.72282
0.139032	2.73038
0.139335	2.73814
0.139639	2.74607
0.139944	2.75411
0.140249	2.76224
0.140554	2.77043
0.14086	2.77867
0.141166	2.78694
0.141473	2.79527
0.141781	2.80368
0.142089	2.81219
0.142397	2.82085
0.142706	2.82967
0.143015	2.83869
0.143325	2.84792
0.143636	2.85739
0.143946	2.86708
0.144258	2.877
0.14457	2.88714
0.144882	2.89747
0.145195	2.90798
0.145508	2.91864
0.145822	2.92943
0.146137	2.94032
0.146451	2.9513
0.146767	2.96234
0.147083	2.97343
0.147399	2.98454
0.147716	2.99566
0.148033	3.00676
0.148351	3.01783
0.14867	3.02883
0.148989	3.03974
0.149308	3.05052
0.149628	3.06114
0.149948	3.07157
0.150269	3.08177
0.150591	3.0917
0.150913	3.10132
0.151235	3.1106
0.151559	3.11951
0.151882	3.128
0.152206	3.13605
0.152531	3.14363
0.152856	3.15071
0.153181	3.15727
0.153508	3.16328
0.153834	3.16872
0.154162	3.17348
0.154489	3.17754
0.154818	3.18094
0.155146	3.18376
0.155476	3.18564
0.155805	3.18621
0.156136	3.18586
0.156467	3.185
0.156798	3.18358
0.15713	3.18152
0.157463	3.17869
0.157796	3.17496
0.158129	3.1702
0.158463	3.1642
0.158798	3.15673
0.159133	3.14788
0.159469	3.13795
0.159805	3.12715
0.160142	3.11561
0.160479	3.10345
0.160817	3.09078
0.161155	3.07767
0.161494	3.06413
0.161834	3.05017
0.162174	3.03578
0.162514	3.02094
0.162855	3.00565
0.163197	2.98993
0.163539	2.97383
0.163882	2.95744
0.164225	2.94088
0.164569	2.92428
0.164913	2.9078
0.165258	2.89158
0.165604	2.87574
0.16595	2.8604
0.166297	2.84562
0.166644	2.83145
0.166991	2.81789
0.16734	2.80495
0.167689	2.79258
0.168038	2.78077
0.168388	2.76952
0.168738	2.75883
0.16909	2.74874
0.169441	2.73929
0.169793	2.73053
0.170146	2.72251
0.170499	2.71526
0.170853	2.7088
0.171208	2.70311
0.171563	2.69817
0.171918	2.69391
0.172275	2.69027
0.172631	2.68716
0.172989	2.68457
0.173347	2.68256
0.173705	2.68105
0.174064	2.68022
0.174424	2.68011
0.174784	2.6804
0.175145	2.68102
0.175506	2.68202
0.175868	2.68348
0.17623	2.68554
0.17623	2.68554
0.176594	2.68837
0.176957	2.69196
0.177321	2.69611
0.177686	2.70067
0.178052	2.70553
0.178418	2.71055
0.178784	2.71566
0.179151	2.72082
0.179519	2.72605
0.179888	2.73139
0.180256	2.73689
0.180626	2.7426
0.180996	2.74856
0.181367	2.75478
0.181738	2.76123
0.18211	2.76786
0.182483	2.77462
0.182856	2.78144
0.183229	2.78826
0.183604	2.79507
0.183979	2.80184
0.184354	2.8086
0.18473	2.81536
0.185107	2.82217
0.185484	2.82907
0.185862	2.83607
0.186241	2.8432
0.18662	2.85044
0.186999	2.85778
0.18738	2.86518
0.187761	2.8726
0.188142	2.87999
0.188524	2.88733
0.188907	2.8946
0.189291	2.90176
0.189675	2.90883
0.190059	2.9158
0.190444	2.92269
0.19083	2.9295
0.191217	2.93624
0.191604	2.9429
0.191992	2.94947
0.19238	2.95593
0.192769	2.96224
0.193158	2.96837
0.193549	2.97428
0.193939	2.97992
0.194331	2.98525
0.194723	2.99022
0.195116	2.99481
0.195509	2.99899
0.195903	3.00271
0.196298	3.00598
0.196693	3.00877
0.197089	3.01103
0.197485	3.01275
0.197882	3.01405
0.19828	3.01459
0.198678	3.01437
0.199077	3.01383
0.199477	3.01289
0.199877	3.01144
0.200278	3.00928
0.20068	3.00613
0.201082	3.00194
0.201485	2.99694
0.201889	2.99125
0.202293	2.98497
0.202698	2.9782
0.203103	2.97101
0.203509	2.96342
0.203916	2.95543
0.204324	2.94703
0.204732	2.93822
0.20514	2.92903
0.20555	2.91953
0.20596	2.90979
0.20637	2.89991
0.206782	2.88996
0.207194	2.88004
0.207607	2.87022
0.20802	2.86058
0.208434	2.85123
0.208849	2.8423
0.209264	2.83391
0.20968	2.82612
0.210097	2.81892
0.210514	2.81227
0.210932	2.80607
0.211351	2.80027
0.21177	2.79485
0.21219	2.78987
0.212611	2.78541
0.213032	2.78171
0.213454	2.77891
0.213877	2.77681
0.2143	2.77522
0.214724	2.7741
0.215149	2.77332
0.215574	2.77268
0.216	2.77213
0.216427	2.77175
0.216855	2.77162
0.217283	2.77183
0.217712	2.77245
0.218141	2.77343
0.218571	2.77466
0.219002	2.77605
0.219434	2.77752
0.219866	2.77896
0.220299	2.78031
0.220733	2.78154
0.221167	2.78263
0.221602	2.78358
0.222038	2.78438
0.222475	2.78501
0.222912	2.78544
0.22335	2.78561
0.223788	2.78546
0.224227	2.78492
0.224667	2.78393
0.225108	2.78243
0.225549	2.78037
0.225992	2.77769
0.226434	2.77437
0.226878	2.77038
0.227322	2.76569
0.227767	2.76028
0.228213	2.75411
0.228659	2.74717
0.229106	2.73943
0.229554	2.7309
0.230002	2.72157
0.230452	2.71145
0.230902	2.70055
0.231352	2.68891
0.231804	2.67655
0.232256	2.6635
0.232708	2.64979
0.233162	2.63548
0.233616	2.62061
0.234071	2.60526
0.234527	2.58947
0.234984	2.57327
0.235441	2.55668
0.235899	2.53977
0.236357	2.5226
0.236817	2.5052
0.237277	2.4876
0.237738	2.46984
0.238199	2.45194
0.238662	2.43391
0.239125	2.4158
0.239589	2.39763
0.240053	2.37945
0.240519	2.36127
0.240985	2.34314
0.241451	2.32508
0.241919	2.3071
0.242387	2.28924
0.242856	2.27151
0.243326	2.25395
0.243797	2.23657
0.244268	2.2194
0.24474	2.20247
0.245213	2.18578
0.245687	2.16936
0.246161	2.15322
0.246636	2.13738
0.247112	2.12185
0.247588	2.10664
0.248066	2.09176
0.248544	2.07722
0.249023	2.06302
0.249503	2.04916
0.249983	2.03564
0.250464	2.02248
0.250946	2.00966
0.251429	1.99719
0.251913	1.98505
0.251913	1.98505
0.252397	1.97324
0.252882	1.96172
0.253368	1.9505
0.253855	1.93957
0.254342	1.92895
0.25483	1.9186
0.255319	1.90852
0.255809	1.89868
0.2563	1.88907
0.256791	1.87968
0.257283	1.87049
0.257776	1.8615
0.25827	1.85268
0.258764	1.84402
0.259259	1.83551
0.259756	1.82712
0.260252	1.81886
0.26075	1.81069
0.261249	1.80262
0.261748	1.79462
0.262248	1.78669
0.262749	1.77881
0.26325	1.77097
0.263753	1.76317
0.264256	1.75539
0.26476	1.74763
0.265265	1.73987
0.265771	1.73213
0.266277	1.72438
0.266785	1.71662
0.267293	1.70886
0.267802	1.70109
0.268312	1.6933
0.268822	1.68551
0.269334	1.6777
0.269846	1.66988
0.270359	1.66205
0.270873	1.65422
0.271388	1.64639
0.271903	1.63856
0.272419	1.63075
0.272937	1.62295
0.273455	1.61516
0.273973	1.60739
0.274493	1.59965
0.275014	1.59194
0.275535	1.58427
0.276057	1.57665
0.27658	1.56908
0.277104	1.56158
0.277629	1.55413
0.278154	1.54675
0.27868	1.53945
0.279208	1.53222
0.279736	1.52508
0.280265	1.51801
0.280794	1.51103
0.281325	1.50414
0.281856	1.49734
0.282389	1.49062
0.282922	1.48399
0.283456	1.47745
0.283991	1.47099
0.284526	1.46462
0.285063	1.45833
0.2856	1.45211
0.286139	1.44598
0.286678	1.43992
0.287218	1.43393
0.287759	1.428
0.2883	1.42214
0.288843	1.41635
0.289386	1.4106
0.289931	1.40492
0.290476	1.39928
0.291022	1.39368
0.291569	1.38814
0.292117	1.38263
0.292666	1.37716
0.292666	1.37716
0.293215	1.37172
0.293766	1.36632
0.294317	1.36095
0.294869	1.3556
0.295422	1.35029
0.295976	1.345
0.296531	1.33973
0.297087	1.33449
0.297644	1.32927
0.298201	1.32407
0.29876	1.3189
0.299319	1.31375
0.29988	1.30862
0.300441	1.30352
0.301003	1.29844
0.301566	1.29339
0.30213	1.28836
0.302694	1.28336
0.30326	1.27838
0.303827	1.27344
0.304394	1.26852
0.304962	1.26363
0.305532	1.25876
0.306102	1.25393
0.306673	1.24913
0.307245	1.24436
0.307818	1.23962
0.308392	1.23491
0.308967	1.23023
0.309543	1.22558
0.310119	1.22096
0.310697	1.21637
0.311275	1.21182
0.311855	1.20729
0.312435	1.20279
0.313016	1.19832
0.313598	1.19388
0.314182	1.18947
0.314766	1.18508
0.315351	1.18072
0.315937	1.1764
0.316523	1.17209
0.317111	1.16782
0.3177	1.16357
0.31829	1.15934
0.31888	1.15514
0.319472	1.15097
0.320065	1.14682
0.320658	1.1427
0.321252	1.1386
0.321848	1.13452
0.322444	1.13046
0.323042	1.12643
0.32364	1.12242
0.324239	1.11844
0.324839	1.11447
0.32544	1.11053
0.326042	1.1066
0.326646	1.1027
0.32725	1.09882
0.327855	1.09496
0.328461	1.09113
0.329067	1.08731
0.329675	1.08351
0.330284	1.07973
0.330894	1.07598
0.331505	1.07224
0.332117	1.06852
0.33273	1.06483
0.333343	1.06115
0.333958	1.05749
0.334574	1.05385
0.335191	1.05023
0.335808	1.04663
0.336427	1.04304
0.337047	1.03948
0.337667	1.03593
0.338289	1.0324
0.338912	1.02889
0.339536	1.0254
0.34016	1.02193
0.340786	1.01847
0.341413	1.01503
0.34204	1.01161
0.342669	1.0082
0.343299	1.00481
0.343929	1.00144
0.344561	0.998088
0.345194	0.994751
0.345828	0.99143
0.346462	0.988126
0.347098	0.984837
0.347735	0.981565
0.348373	0.978309
0.349012	0.975069
0.349652	0.971844
0.350292	0.968635
0.350934	0.965441
0.351577	0.962262
0.352221	0.959099
0.352866	0.95595
0.353512	0.952816
0.354159	0.949696
0.354807	0.946591
0.355457	0.9435
0.356107	0.940424
0.356758	0.937361
0.35741	0.934313
0.358064	0.931278
0.358718	0.928257
0.359373	0.92525
0.36003	0.922256
0.360687	0.919275
0.361346	0.916308
0.362006	0.913354
0.362666	0.910412
0.363328	0.907484
0.363991	0.904568
0.364655	0.901665
0.36532	0.898775
0.365986	0.895896
0.366653	0.89303
0.367321	0.890177
0.36799	0.887335
0.36866	0.884505
0.369332	0.881687
0.370004	0.878881
0.370678	0.876086
0.371352	0.873303
0.372028	0.870531
0.372704	0.86777
0.373382	0.865021
0.374061	0.862283
0.374741	0.859556
0.375422	0.85684
0.376104	0.854135
0.376788	0.85144
0.377472	0.848756
0.378158	0.846083
0.378844	0.843419
0.379532	0.840766
0.380221	0.838124
0.38091	0.835491
0.381601	0.832868
0.382293	0.830255
0.382987	0.827652
0.383681	0.825059
0.384376	0.822475
0.385073	0.8199
0.38577	0.817335
0.386469	0.814779
0.387169	0.812232
0.38787	0.809694
0.388572	0.807166
0.389275	0.804646
0.38998	0.802135
0.390685	0.799632
0.391392	0.797139
0.3921	0.794653
0.392809	0.792177
0.393519	0.789708
0.39423	0.787248
0.394942	0.784796
0.395655	0.782352
0.39637	0.779916
0.397086	0.777488
0.397803	0.775068
0.398521	0.772656
0.39924	0.770251
0.39996	0.767854
0.400682	0.765464
0.401404	0.763081
0.402128	0.760706
0.402853	0.758338
0.403579	0.755977
0.404306	0.753623
0.405035	0.751277
0.405765	0.748937
0.406495	0.746604
0.407227	0.744277
0.40796	0.741957
0.408695	0.739644
0.40943	0.737337
0.410167	0.735037
0.410905	0.732743
0.411644	0.730455
0.412384	0.728173
0.413125	0.725897
0.413868	0.723626
0.414612	0.721361
0.415357	0.7191
0.416103	0.716845
0.41685	0.714594
0.417599	0.712347
0.418348	0.710104
0.419099	0.707866
0.419851	0.705632
0.420605	0.703402
0.421359	0.701178
0.422115	0.698959
0.422872	0.696745
0.42363	0.694538
0.42439	0.692336
0.42515	0.690141
0.425912	0.687951
0.426675	0.685767
0.427439	0.683587
0.428205	0.681413
0.428972	0.679243
0.42974	0.677077
0.430509	0.674916
0.431279	0.672758
0.432051	0.670604
0.432824	0.668454
0.432824	0.668454
0.433598	0.666307
0.434373	0.664163
0.43515	0.662023
0.435928	0.659886
0.436707	0.657752
0.437487	0.655621
0.438269	0.653493
0.439052	0.651368
0.439836	0.649246
0.440621	0.647127
0.441408	0.645011
0.442196	0.642897
0.442985	0.640786
0.443775	0.638677
0.444567	0.636571
0.44536	0.634468
0.446154	0.632366
0.446949	0.630267
0.447746	0.62817
0.448544	0.626075
0.449343	0.623982
0.450144	0.621891
0.450946	0.619801
0.451749	0.617714
0.452554	0.615628
0.453359	0.613544
0.454166	0.611461
0.454975	0.609379
0.455784	0.6073
0.456595	0.605221
0.457407	0.603144
0.458221	0.601067
0.459036	0.598992
0.459852	0.596918
0.460669	0.594845
0.461488	0.592773
0.462308	0.590702
0.463129	0.588632
0.463952	0.586562
0.464776	0.584493
0.465601	0.582424
0.466428	0.580356
0.467256	0.578288
0.468085	0.576221
0.468916	0.574154
0.469748	0.572086
0.470581	0.570019
0.471416	0.567952
0.472252	0.565885
0.473089	0.563817
0.473928	0.561749
0.474768	0.559681
0.475609	0.557612
0.476451	0.555543
0.477296	0.553474
0.478141	0.551405
0.478988	0.549335
0.479836	0.547266
0.480685	0.545196
0.481536	0.543126
0.482388	0.541055
0.483242	0.538984
0.484096	0.536912
0.484953	0.534839
0.48581	0.532765
0.486669	0.53069
0.48753	0.528614
0.488392	0.526538
0.489255	0.52446
0.490119	0.52238
0.490985	0.5203
0.491852	0.518218
0.492721	0.516135
0.493591	0.51405
0.494463	0.511964
0.495336	0.509877
0.49621	0.507788
0.497085	0.505697
0.497963	0.503605
0.498841	0.501511
0.499721	0.499416
0.500602	0.497319
0.501485	0.495219
0.502369	0.493118
0.503255	0.491015
0.504142	0.488911
0.50503	0.486804
0.50592	0.484695
0.506811	0.482584
0.507704	0.480471
0.508598	0.478356
0.509493	0.476238
0.51039	0.474119
0.511288	0.471997
0.512188	0.469872
0.51309	0.467746
0.513992	0.465616
0.514896	0.463485
0.515802	0.461351
0.516709	0.459214
0.517618	0.457075
0.518528	0.454933
0.519439	0.452788
0.520352	0.450641
0.521266	0.44849
0.522182	0.446337
0.523099	0.444182
0.524018	0.442023
0.524938	0.439861
0.52586	0.437697
0.526783	0.435529
0.527708	0.433359
0.528634	0.431185
0.529561	0.429008
0.530491	0.426828
0.531421	0.424645
0.532353	0.422459
0.533287	0.420269
0.534222	0.418076
0.535158	0.41588
0.536096	0.413681
0.537036	0.411478
0.537977	0.409271
0.53892	0.407061
0.539864	0.404848
0.540809	0.402631
0.541757	0.40041
0.542705	0.398186
0.543655	0.395958
0.544607	0.393726
0.54556	0.391491
0.546515	0.389252
0.547471	0.387009
0.548429	0.384762
0.549388	0.382511
0.550349	0.380256
0.551311	0.377997
0.552275	0.375735
0.553241	0.373468
0.554208	0.371197
0.555176	0.368921
0.556147	0.366642
0.557118	0.364358
0.558092	0.36207
0.559066	0.359777
0.560043	0.35748
0.561021	0.355179
0.562	0.352873
0.562981	0.350563
0.563964	0.348249
0.564948	0.345931
0.565934	0.34361
0.566921	0.341284
0.56791	0.338955
0.568901	0.336621
0.569893	0.334283
0.570886	0.331942
0.571882	0.329596
0.572879	0.327245
0.573877	0.324891
0.574877	0.322532
0.575879	0.320169
0.576882	0.317802
0.577887	0.315431
0.578894	0.313055
0.579902	0.310675
0.580839	0.308461
0.581777	0.306247
0.582715	0.304032
0.583652	0.301816
0.583652	0.301816
0.58459	0.299601
0.585528	0.297384
0.586465	0.295167
0.587403	0.292949
0.588341	0.29073
0.589278	0.288511
0.590216	0.286292
0.591154	0.284075
0.592091	0.281858
0.593029	0.279644
0.593966	0.277432
0.594904	0.275222
0.595842	0.273015
0.596779	0.27081
0.597717	0.268606
0.598655	0.266404
0.599592	0.264203
0.60053	0.262004
0.601468	0.259807
0.602405	0.257611
0.603343	0.255417
0.60449	0.252733
0.605638	0.250053
0.606786	0.247377
0.607933	0.244704
0.609081	0.242035
0.610228	0.23937
0.611376	0.236709
0.612523	0.234053
0.613671	0.231402
0.614818	0.228757
0.615966	0.226117
0.617114	0.223483
0.618261	0.220856
0.619409	0.218235
0.620556	0.215622
0.621704	0.213016
0.622851	0.210418
0.623999	0.207828
0.625146	0.205247
0.626294	0.202674
0.627441	0.200111
0.628589	0.197558
0.629737	0.195015
0.630884	0.192482
0.632032	0.18996
0.633179	0.187449
0.634327	0.18495
0.635474	0.182464
0.636622	0.17999
0.637769	0.177528
0.638917	0.17508
0.640065	0.172646
0.641212	0.170226
0.64236	0.16782
0.643507	0.165429
0.644655	0.163054
0.645802	0.160694
0.64695	0.158349
0.648097	0.156021
0.649245	0.15371
0.650392	0.151415
0.65154	0.149138
0.652688	0.146878
0.653835	0.144636
0.654983	0.142412
0.65613	0.140207
0.657278	0.13802
0.658425	0.135852
0.659573	0.133703
0.66072	0.131574
0.661868	0.129465
0.663016	0.127376
0.664163	0.125308
0.665311	0.12326
0.666458	0.121232
0.667606	0.119226
0.668753	0.117241
0.669901	0.115278
0.671048	0.113336
0.672196	0.111416
0.673343	0.109518
0.674491	0.107642
0.675639	0.105789
0.676786	0.103957
0.677934	0.102148
0.679081	0.100361
0.680229	0.0985966
0.681376	0.0968545
0.682524	0.0951349
0.683671	0.0934376
0.684819	0.0917626
0.685967	0.0901097
0.687114	0.088479
0.688262	0.0868702
0.689409	0.0852832
0.690557	0.0837179
0.691704	0.0821739
0.692852	0.0806512
0.693999	0.0791494
0.695147	0.0776683
0.696294	0.0762075
0.697442	0.0747668
0.69859	0.0733457
0.699737	0.0719438
0.700885	0.0705607
0.702032	0.0691959
0.70318	0.0678489
0.704327	0.0665191
0.705475	0.0652061
0.706622	0.0639092
0.70777	0.0626278
0.708918	0.0613613
0.710065	0.0601091
0.711213	0.0588704
0.71236	0.0576445
0.713508	0.0564306
0.714655	0.0552278
0.715803	0.0540355
0.71695	0.0528526
0.718098	0.0516783
0.719245	0.0505116
0.720393	0.0493515
0.721541	0.0481971
0.722688	0.0470472
0.723836	0.0459009
0.724983	0.0447569
0.726131	0.0436142
0.727278	0.0424717
0.728426	0.0413279
0.729573	0.0401818
0.730721	0.0390321
0.731869	0.0378774
0.733016	0.0367164
0.734164	0.0355477
0.735311	0.0343699
0.736459	0.0331815
0.737606	0.031981
0.738754	0.0307668
0.739901	0.0295375
0.741049	0.0282913
0.742197	0.0270267
0.743344	0.0257418
0.744492	0.024435
0.745639	0.0231043
0.746787	0.0217479
0.747934	0.0203638
0.749082	0.0189497
0.750229	0.0175041
0.751377	0.0160239
0.752524	0.0145084
0.753672	0.0129536
0.75482	0.0113614
0.755967	0.00972587
0.757115	0.00805938
0.758262	0.00635225
0.75941	0.00466475
0.760557	0.00301407
0.761705	0.00152942
0.762279	0.000922688
0.762852	0.000433073
0.763139	0.00025458
0.763426	0.00012257
0.763713	4.20688e-05
0.764	1.86975e-05
)
