(title "Total Pressure")
(labels "Position" "Total Pressure")

((xy/key/label "axis")
-0.01	5128.18
-0.00993696	5127.91
-0.00987393	5127.47
-0.00974786	5127.09
-0.00962179	5127.07
-0.00949571	5127.1
-0.00936964	5127.15
-0.00924357	5127.21
-0.0091175	5127.27
-0.00899143	5127.35
-0.00886536	5127.43
-0.00873929	5127.51
-0.00861321	5127.56
-0.00848714	5127.62
-0.00836107	5127.7
-0.008235	5127.83
-0.00810893	5128
-0.00798286	5128.22
-0.00785679	5128.48
-0.00773071	5128.71
-0.00760464	5128.89
-0.00747857	5129.05
-0.0073525	5129.18
-0.00722643	5129.31
-0.00710036	5129.47
-0.00697429	5129.68
-0.00684821	5129.9
-0.00672214	5130.15
-0.00659607	5130.4
-0.00647	5130.68
-0.00633636	5131.01
-0.00620273	5131.34
-0.00606909	5131.72
-0.00593545	5132.24
-0.00580182	5132.83
-0.00566818	5133.2
-0.00553455	5133.47
-0.00540091	5133.91
-0.00526727	5134.43
-0.00513364	5134.99
-0.005	5135.59
-0.00486636	5136.22
-0.00473273	5136.87
-0.00459909	5137.55
-0.00446545	5138.25
-0.00433182	5138.95
-0.00419818	5139.66
-0.00406455	5140.37
-0.00393091	5141.07
-0.00379727	5141.78
-0.00366364	5142.47
-0.00353	5143.16
-0.00340393	5143.79
-0.00327786	5144.4
-0.00315179	5144.99
-0.00302571	5145.56
-0.00289964	5146.11
-0.00277357	5146.64
-0.0026475	5147.15
-0.00252143	5147.63
-0.00239536	5148.09
-0.00226929	5148.53
-0.00214321	5148.95
-0.00201714	5149.34
-0.00189107	5149.71
-0.001765	5150.06
-0.00163893	5150.38
-0.00151286	5150.68
-0.00138679	5150.95
-0.00126071	5151.2
-0.00113464	5151.43
-0.00100857	5151.63
-0.0008825	5151.81
-0.000756428	5151.97
-0.000630357	5152.1
-0.000504286	5152.22
-0.000378214	5152.32
-0.000252143	5152.4
-0.000126071	5152.44
1.52316e-10	5152.38
0.000138276	5152.21
0.000276552	5152.09
0.000414827	5151.87
0.000553103	5151.84
0.000691379	5151.93
0.000829655	5151.7
0.00096793	5151.38
0.00110621	5151.18
0.00124448	5151.1
0.00138276	5151.1
0.00152103	5151.38
0.00165931	5152.22
0.00179758	5153.1
0.00193586	5153.2
0.00207414	5152.86
0.00221241	5152.72
0.00235069	5152.77
0.00248896	5152.89
0.00262724	5153.02
0.00276552	5153.14
0.00290379	5153.26
0.00304207	5153.4
0.00318034	5153.54
0.00331862	5153.7
0.00345689	5153.86
0.00359517	5154.04
0.00373345	5154.21
0.00387172	5154.36
0.00401	5154.56
0.00414827	5154.83
0.00428655	5155.07
0.00442482	5155.26
0.0045631	5155.51
0.00470138	5155.78
0.00483965	5155.94
0.00497793	5156.11
0.0051162	5156.31
0.00525448	5156.53
0.00539275	5156.73
0.00553103	5156.91
0.00566931	5157.06
0.00580758	5157.19
0.00594586	5157.29
0.00608413	5157.35
0.00622241	5157.34
0.00636068	5157.26
0.00649896	5157.09
0.00663724	5156.83
0.00677551	5156.49
0.00691379	5156.12
0.00705206	5155.82
0.00719034	5155.7
0.00732861	5155.83
0.00746689	5156.2
0.00760517	5156.75
0.00774344	5157.4
0.00788172	5158.05
0.00801999	5158.61
0.00815827	5159.05
0.00829654	5159.34
0.00843482	5159.52
0.0085731	5159.6
0.00871137	5159.62
0.00884965	5159.62
0.00898792	5159.63
0.0091262	5159.65
0.0091262	5159.65
0.00926447	5159.7
0.00940275	5159.77
0.00954103	5159.87
0.0096793	5159.99
0.00981758	5160.14
0.00995585	5160.29
0.0100941	5160.45
0.0102324	5160.61
0.0103707	5160.77
0.010509	5160.93
0.0106472	5161.08
0.0107855	5161.22
0.0109238	5161.35
0.0110621	5161.46
0.0112003	5161.58
0.0113386	5161.68
0.0114769	5161.77
0.0116152	5161.87
0.0117534	5161.97
0.0118917	5162.06
0.01203	5162.16
0.0121683	5162.27
0.0123065	5162.38
0.0124448	5162.49
0.0125831	5162.6
0.0127214	5162.71
0.0128596	5162.8
0.0129979	5162.88
0.0131362	5162.94
0.0132745	5162.97
0.0134127	5162.99
0.013551	5163
0.0136893	5162.99
0.0138276	5162.98
0.0139659	5162.99
0.0141041	5163.01
0.0142424	5163.05
0.0143807	5163.13
0.014519	5163.24
0.0146572	5163.38
0.0147955	5163.56
0.0149338	5163.76
0.0150721	5163.97
0.0152103	5164.18
0.0153486	5164.39
0.0154869	5164.58
0.0156252	5164.75
0.0157634	5164.89
0.0159017	5164.99
0.01604	5165.07
0.0161783	5165.12
0.0163165	5165.13
0.0164548	5165.13
0.0165931	5165.11
0.0167314	5165.09
0.0168696	5165.06
0.0170079	5165.02
0.0171462	5165
0.0172845	5164.98
0.0174227	5164.97
0.017561	5164.97
0.0176993	5164.97
0.0178376	5164.99
0.0179758	5165.01
0.0181141	5165.04
0.0182524	5165.07
0.0183907	5165.11
0.0185289	5165.15
0.0186672	5165.19
0.0188055	5165.24
0.0189438	5165.29
0.0190821	5165.34
0.0192203	5165.4
0.0193586	5165.46
0.0194969	5165.52
0.0196352	5165.58
0.0197734	5165.64
0.0199117	5165.7
0.02005	5165.75
0.0201883	5165.8
0.0203265	5165.85
0.0204648	5165.89
0.0206031	5165.93
0.0207414	5165.95
0.0208796	5165.98
0.0210179	5166
0.0211562	5166.01
0.0212945	5166.02
0.0214327	5166.03
0.021571	5166.05
0.0217093	5166.06
0.0218476	5166.08
0.0219858	5166.1
0.0221241	5166.12
0.0222624	5166.16
0.0224007	5166.19
0.0225389	5166.23
0.0226772	5166.27
0.0228155	5166.31
0.0229538	5166.34
0.0230921	5166.38
0.0232303	5166.4
0.0233686	5166.42
0.0235069	5166.43
0.0236452	5166.43
0.0237834	5166.41
0.0239217	5166.39
0.02406	5166.35
0.0241983	5166.3
0.0243365	5166.24
0.0244748	5166.17
0.0246131	5166.1
0.0247514	5166.02
0.0248896	5165.94
0.0250279	5165.87
0.0251662	5165.8
0.0253045	5165.73
0.0254427	5165.67
0.025581	5165.63
0.0257193	5165.59
0.0258576	5165.57
0.0259958	5165.56
0.0261341	5165.56
0.0262724	5165.56
0.0264107	5165.58
0.0265489	5165.6
0.0266872	5165.63
0.0266872	5165.63
0.0268255	5165.65
0.0269638	5165.68
0.027102	5165.69
0.0272403	5165.7
0.0273786	5165.7
0.0275169	5165.69
0.0276551	5165.67
0.0277934	5165.63
0.0279317	5165.58
0.02807	5165.52
0.0282083	5165.44
0.0283465	5165.36
0.0284848	5165.26
0.0286231	5165.16
0.0287614	5165.05
0.0288996	5164.94
0.0290379	5164.82
0.0291762	5164.71
0.0293145	5164.59
0.0294527	5164.49
0.029591	5164.39
0.0297293	5164.31
0.0298676	5164.23
0.0300058	5164.17
0.0301441	5164.12
0.0302824	5164.09
0.0304207	5164.06
0.0305589	5164.05
0.0306972	5164.04
0.0308355	5164.04
0.0309738	5164.05
0.031112	5164.05
0.0312503	5164.06
0.0313886	5164.06
0.0315269	5164.06
0.0316651	5164.05
0.0318034	5164.03
0.0319417	5164.02
0.03208	5164
0.0322182	5163.97
0.0323565	5163.94
0.0324948	5163.9
0.0326331	5163.85
0.0327714	5163.79
0.0329096	5163.73
0.0330479	5163.66
0.0331862	5163.59
0.0333245	5163.53
0.0334627	5163.47
0.033601	5163.42
0.0337393	5163.38
0.0338776	5163.34
0.0340158	5163.33
0.0341541	5163.36
0.0342924	5163.48
0.0344307	5163.67
0.0345689	5163.87
0.0347072	5164.06
0.0348455	5164.26
0.0349838	5164.49
0.035122	5164.7
0.0352603	5164.91
0.0353986	5165.12
0.0355369	5165.35
0.0356751	5165.58
0.0358134	5165.83
0.0359517	5166.09
0.03609	5166.35
0.0362282	5166.62
0.0363665	5166.9
0.0365048	5167.17
0.0366431	5167.44
0.0367813	5167.7
0.0369196	5167.95
0.0370579	5168.19
0.0371962	5168.42
0.0373344	5168.63
0.0374727	5168.83
0.037611	5169
0.0377493	5169.16
0.0378876	5169.31
0.0380258	5169.44
0.0381641	5169.57
0.0383024	5169.69
0.0384407	5169.82
0.0385789	5169.96
0.0387172	5170.11
0.0388555	5170.28
0.0389938	5170.46
0.039132	5170.65
0.0392703	5170.85
0.0394086	5171.04
0.0395469	5171.24
0.0396851	5171.42
0.0398234	5171.6
0.0399617	5171.77
0.0401	5171.94
0.0402382	5172.11
0.0403765	5172.28
0.0405148	5172.45
0.0406531	5172.61
0.0407913	5172.78
0.0409296	5172.95
0.0410679	5173.12
0.0412062	5173.3
0.0413444	5173.47
0.0414827	5173.65
0.041621	5173.83
0.0417684	5174.02
0.0419161	5174.21
0.042064	5174.4
0.0422122	5174.59
0.0423606	5174.79
0.0425092	5174.99
0.0426581	5175.2
0.0428072	5175.4
0.0429565	5175.6
0.0431061	5175.81
0.043256	5176.01
0.043406	5176.21
0.0435563	5176.41
0.0437069	5176.61
0.0438577	5176.8
0.0440087	5176.99
0.04416	5177.17
0.0443115	5177.35
0.0444632	5177.53
0.0446152	5177.7
0.0447675	5177.86
0.0449199	5178.03
0.0450727	5178.19
0.0452257	5178.34
0.0453789	5178.5
0.0455323	5178.65
0.045686	5178.81
0.04584	5178.96
0.0459942	5179.12
0.0461487	5179.28
0.0463034	5179.43
0.0463034	5179.43
0.0464583	5179.59
0.0466135	5179.75
0.0467689	5179.91
0.0469246	5180.07
0.0470806	5180.24
0.0472368	5180.4
0.0473932	5180.56
0.0475499	5180.72
0.0477068	5180.88
0.047864	5181.04
0.0480215	5181.2
0.0481792	5181.35
0.0483371	5181.5
0.0484953	5181.65
0.0486538	5181.79
0.0488125	5181.92
0.0489715	5182.05
0.0491307	5182.17
0.0492902	5182.29
0.0494499	5182.4
0.0496099	5182.51
0.0497701	5182.6
0.0499306	5182.7
0.0500914	5182.78
0.0502524	5182.86
0.0504137	5182.94
0.0505752	5183.01
0.050737	5183.08
0.050899	5183.14
0.0510613	5183.19
0.0512239	5183.25
0.0513867	5183.3
0.0515498	5183.34
0.0517132	5183.38
0.0518768	5183.41
0.0520407	5183.44
0.0522048	5183.47
0.0523692	5183.49
0.0525339	5183.5
0.0526988	5183.5
0.052864	5183.5
0.0530294	5183.48
0.0531952	5183.46
0.0533612	5183.42
0.0535274	5183.38
0.0536939	5183.31
0.0538607	5183.24
0.0540278	5183.14
0.0541951	5183.02
0.0543627	5182.89
0.0545305	5182.72
0.0546987	5182.53
0.054867	5182.31
0.0550357	5182.06
0.0552046	5181.77
0.0553739	5181.46
0.0555433	5181.12
0.0557131	5180.73
0.0558831	5180.3
0.0560534	5179.85
0.056224	5179.38
0.0563948	5178.8
0.0565659	5178.09
0.0567373	5177.32
0.056909	5176.59
0.0570809	5175.95
0.0572531	5175.4
0.0574256	5174.9
0.0575983	5174.26
0.0577714	5173.2
0.0579447	5171.58
0.0581183	5169.39
0.0582922	5166.49
0.0584663	5163.11
0.0586408	5159.75
0.0588155	5156.45
0.0589905	5153.18
0.0591657	5150.05
0.0593413	5147.06
0.0595171	5144.17
0.0596932	5141.4
0.0598696	5138.74
0.0600463	5136.24
0.0602233	5133.98
0.0604005	5132.08
0.060578	5130.53
0.0607558	5129.16
0.0609339	5127.93
0.0611123	5126.81
0.061291	5125.77
0.0614699	5124.77
0.0616492	5123.74
0.0618287	5122.64
0.0620085	5121.42
0.0621886	5120.04
0.062369	5118.45
0.0625497	5116.61
0.0627307	5114.47
0.062912	5111.98
0.0630935	5109.09
0.0632753	5105.79
0.0634575	5102.1
0.0636399	5098.04
0.0638226	5093.66
0.0640056	5089.05
0.0641889	5084.35
0.0643725	5079.82
0.0645564	5075.66
0.0647406	5071.56
0.0649251	5066.3
0.0651099	5059.98
0.065295	5054.76
0.0654803	5051.63
0.065666	5050.29
0.0658519	5050.62
0.0660382	5052.51
0.0662248	5054.91
0.0664116	5057.89
0.0665988	5062.19
0.0667862	5066.65
0.066974	5070.34
0.0671621	5073.4
0.0673504	5076.61
0.0673504	5076.61
0.0675391	5081.09
0.0677281	5087.52
0.0679173	5095.48
0.0681069	5103.78
0.0682968	5111.75
0.0684869	5120.31
0.0686774	5128.38
0.0688682	5134.42
0.0690593	5138.97
0.0692507	5142.31
0.0694424	5144.54
0.0696344	5145.76
0.0698267	5146.16
0.0700194	5145.84
0.0702123	5144.56
0.0704056	5143.15
0.0705991	5143.27
0.070793	5144.65
0.0709872	5143.36
0.0711816	5139.6
0.0713765	5136.54
0.0715716	5133.87
0.071767	5131.42
0.0719627	5129.26
0.0721588	5127.46
0.0723551	5126.08
0.0725518	5125.18
0.0727488	5124.82
0.0729461	5125.06
0.0731438	5125.82
0.0733417	5126.37
0.0735399	5126.03
0.0737385	5125.46
0.0739374	5125.26
0.0741366	5125.23
0.0743362	5125.15
0.074536	5125.18
0.0747362	5125.38
0.0749367	5125.61
0.0751375	5125.83
0.0753386	5126.11
0.0755401	5126.61
0.0757419	5127.3
0.075944	5128.45
0.0761464	5129.66
0.0763492	5130.08
0.0765522	5130.03
0.0767557	5129.87
0.0769594	5129.48
0.0771634	5129.06
0.0773678	5128.75
0.0775725	5128.45
0.0777776	5128.2
0.0779829	5127.93
0.0781886	5127.52
0.0783947	5127.02
0.078601	5126.61
0.0788077	5126.38
0.0790147	5126.33
0.0792221	5126.39
0.0794297	5126.49
0.0796377	5126.53
0.0798461	5126.56
0.0800548	5126.56
0.0802638	5126.44
0.0804731	5126.32
0.0806828	5126.39
0.0808928	5126.84
0.0811032	5127.67
0.0813139	5128.72
0.0815249	5129.81
0.0817363	5130.82
0.081948	5131.71
0.08216	5132.43
0.0823724	5132.98
0.0825851	5133.37
0.0827982	5133.62
0.0830116	5133.75
0.0832254	5133.8
0.0834395	5133.83
0.0836539	5133.86
0.0838687	5133.93
0.0840838	5134.03
0.0842993	5134.17
0.0845151	5134.35
0.0847313	5134.57
0.0849478	5134.82
0.0851646	5135.14
0.0853818	5135.53
0.0855994	5135.95
0.0858172	5136.35
0.0860355	5136.7
0.0862541	5136.95
0.086473	5137.02
0.0866923	5136.97
0.086912	5136.93
0.087132	5137.13
0.0873523	5137.5
0.087573	5137.81
0.0877941	5138.04
0.0880155	5138.22
0.0882373	5138.35
0.0884594	5138.45
0.0886819	5138.52
0.0889047	5138.58
0.0891279	5138.65
0.0893514	5138.72
0.0895753	5138.83
0.0897996	5138.97
0.0900242	5139.15
0.0902492	5139.38
0.0904746	5139.64
0.0907003	5139.94
0.0909263	5140.26
0.0911528	5140.6
0.0913796	5140.95
0.0916067	5141.3
0.0918342	5141.64
0.0920621	5141.97
0.0922904	5142.27
0.092519	5142.54
0.092748	5142.79
0.0929773	5143.01
0.093207	5143.2
0.0934371	5143.38
0.0936676	5143.55
0.0938984	5143.72
0.0941296	5143.89
0.0943611	5144.07
0.0945931	5144.26
0.0948254	5144.46
0.095058	5144.68
0.095058	5144.68
0.0952911	5144.92
0.0955245	5145.18
0.0957583	5145.46
0.0959925	5145.74
0.096227	5146.04
0.0964619	5146.35
0.0966972	5146.66
0.0969329	5146.98
0.097169	5147.3
0.0974054	5147.62
0.0976422	5147.94
0.0978794	5148.26
0.098117	5148.59
0.0983549	5148.93
0.0985932	5149.28
0.0988319	5149.65
0.099071	5150.04
0.0993105	5150.44
0.0995504	5150.87
0.0997906	5151.31
0.100031	5151.78
0.100272	5152.26
0.100514	5152.76
0.100755	5153.27
0.100998	5153.77
0.10124	5154.27
0.101483	5154.75
0.101726	5155.21
0.10197	5155.63
0.102214	5156.01
0.102459	5156.34
0.102704	5156.6
0.102949	5156.78
0.103195	5156.85
0.103441	5156.81
0.103687	5156.66
0.103934	5156.4
0.104181	5156.01
0.104429	5155.48
0.104677	5154.81
0.104926	5154.01
0.105174	5153.09
0.105424	5151.98
0.105673	5150.81
0.105923	5149.61
0.106174	5148.16
0.106425	5146.59
0.106676	5145.07
0.106928	5143.75
0.10718	5142.63
0.107432	5140.32
0.107685	5134.38
0.107938	5125.77
0.108192	5117.5
0.108446	5110.04
0.108701	5102.79
0.108956	5095.41
0.109211	5087.93
0.109467	5080.66
0.109723	5073.99
0.109979	5068.23
0.110236	5063.71
0.110494	5060.62
0.110751	5057.84
0.111009	5052.84
0.111268	5047.44
0.111527	5044.83
0.111787	5044.52
0.112046	5045.92
0.112307	5048.71
0.112567	5052.48
0.112828	5056.5
0.11309	5060.88
0.113352	5065.89
0.113614	5070.86
0.113877	5075.39
0.11414	5079.53
0.114404	5083.6
0.114668	5088.11
0.114932	5092.32
0.115197	5094.48
0.115462	5095.06
0.115728	5095.35
0.115994	5095.37
0.116261	5095.16
0.116528	5094.81
0.116795	5094.39
0.117063	5093.98
0.117332	5093.65
0.1176	5093.48
0.117869	5093.51
0.118139	5093.73
0.118409	5094.12
0.11868	5094.67
0.11895	5095.33
0.119222	5096.03
0.119494	5096.7
0.119766	5097.28
0.120038	5097.73
0.120311	5098.06
0.120585	5098.25
0.120859	5098.34
0.121133	5098.37
0.121408	5098.38
0.121683	5098.41
0.121959	5098.49
0.122235	5098.67
0.122512	5098.95
0.122789	5099.35
0.123066	5099.86
0.123344	5100.46
0.123623	5101.12
0.123901	5101.8
0.124181	5102.49
0.12446	5103.14
0.12474	5103.74
0.125021	5104.27
0.125302	5104.73
0.125584	5105.13
0.125866	5105.48
0.126148	5105.79
0.126431	5106.1
0.126714	5106.42
0.126998	5106.77
0.126998	5106.77
0.127282	5107.15
0.127567	5107.58
0.127852	5108.05
0.128137	5108.55
0.128423	5109.04
0.12871	5109.47
0.128997	5109.82
0.129284	5110.12
0.129572	5110.38
0.129861	5110.5
0.130149	5110.52
0.130439	5110.57
0.130728	5110.82
0.131019	5111.24
0.131309	5112.33
0.1316	5113.92
0.131892	5115.16
0.132184	5116.09
0.132476	5116.91
0.132769	5117.59
0.133063	5118.06
0.133357	5118.26
0.133651	5118.22
0.133946	5118.17
0.134241	5118.36
0.134537	5118.75
0.134834	5119.12
0.13513	5119.45
0.135428	5119.72
0.135725	5119.94
0.136023	5120.14
0.136322	5120.34
0.136621	5120.55
0.136921	5120.8
0.137221	5121.08
0.137522	5121.39
0.137823	5121.74
0.138124	5122.09
0.138426	5122.44
0.138729	5122.78
0.139032	5123.09
0.139335	5123.36
0.139639	5123.59
0.139944	5123.79
0.140249	5123.96
0.140554	5124.11
0.14086	5124.25
0.141166	5124.41
0.141473	5124.58
0.141781	5124.79
0.142089	5125.02
0.142397	5125.29
0.142706	5125.6
0.143015	5125.93
0.143325	5126.28
0.143636	5126.64
0.143946	5127
0.144258	5127.36
0.14457	5127.7
0.144882	5128.02
0.145195	5128.32
0.145508	5128.59
0.145822	5128.84
0.146137	5129.07
0.146451	5129.28
0.146767	5129.46
0.147083	5129.63
0.147399	5129.77
0.147716	5129.89
0.148033	5129.98
0.148351	5130.04
0.14867	5130.06
0.148989	5130.04
0.149308	5129.98
0.149628	5129.86
0.149948	5129.69
0.150269	5129.46
0.150591	5129.17
0.150913	5128.83
0.151235	5128.43
0.151559	5127.96
0.151882	5127.44
0.152206	5126.85
0.152531	5126.22
0.152856	5125.54
0.153181	5124.81
0.153508	5124.11
0.153834	5123.43
0.154162	5122.63
0.154489	5121.66
0.154818	5120.68
0.155146	5120.29
0.155476	5119.19
0.155805	5115.86
0.156136	5112.36
0.156467	5109.94
0.156798	5107.88
0.15713	5106.14
0.157463	5104.78
0.157796	5103.78
0.158129	5103.06
0.158463	5102.12
0.158798	5100.38
0.159133	5098.2
0.159469	5096.37
0.159805	5095.1
0.160142	5094.22
0.160479	5093.65
0.160817	5093.31
0.161155	5093.14
0.161494	5093.03
0.161834	5092.92
0.162174	5092.77
0.162514	5092.58
0.162855	5092.35
0.163197	5092.14
0.163539	5091.98
0.163882	5091.93
0.164225	5092.02
0.164569	5092.29
0.164913	5092.73
0.165258	5093.33
0.165604	5094.07
0.16595	5094.91
0.166297	5095.79
0.166644	5096.68
0.166991	5097.53
0.16734	5098.32
0.167689	5099.05
0.168038	5099.72
0.168388	5100.35
0.168738	5100.98
0.16909	5101.62
0.169441	5102.3
0.169793	5103.01
0.170146	5103.75
0.170499	5104.51
0.170853	5105.26
0.171208	5105.99
0.171563	5106.67
0.171918	5107.31
0.172275	5107.83
0.172631	5108.21
0.172989	5108.36
0.173347	5108.48
0.173705	5108.23
0.174064	5109.17
0.174424	5111.51
0.174784	5113.11
0.175145	5114.1
0.175506	5114.73
0.175868	5114.97
0.17623	5114.92
0.17623	5114.92
0.176594	5115.02
0.176957	5115.41
0.177321	5115.82
0.177686	5116.16
0.178052	5116.4
0.178418	5116.54
0.178784	5116.64
0.179151	5116.74
0.179519	5116.87
0.179888	5117.05
0.180256	5117.29
0.180626	5117.57
0.180996	5117.87
0.181367	5118.17
0.181738	5118.43
0.18211	5118.64
0.182483	5118.8
0.182856	5118.9
0.183229	5118.97
0.183604	5119.02
0.183979	5119.07
0.184354	5119.15
0.18473	5119.26
0.185107	5119.4
0.185484	5119.58
0.185862	5119.77
0.186241	5119.96
0.18662	5120.14
0.186999	5120.29
0.18738	5120.4
0.187761	5120.47
0.188142	5120.5
0.188524	5120.5
0.188907	5120.48
0.189291	5120.45
0.189675	5120.42
0.190059	5120.4
0.190444	5120.38
0.19083	5120.36
0.191217	5120.34
0.191604	5120.31
0.191992	5120.25
0.19238	5120.16
0.192769	5120.03
0.193158	5119.84
0.193549	5119.61
0.193939	5119.32
0.194331	5118.98
0.194723	5118.59
0.195116	5118.16
0.195509	5117.69
0.195903	5117.17
0.196298	5116.7
0.196693	5116.26
0.197089	5115.76
0.197485	5115.14
0.197882	5114.89
0.19828	5113.52
0.198678	5111.41
0.199077	5110.3
0.199477	5109.49
0.199877	5109.01
0.200278	5108.61
0.20068	5107.69
0.201082	5106.33
0.201485	5105.12
0.201889	5104.18
0.202293	5103.41
0.202698	5102.75
0.203103	5102.15
0.203509	5101.54
0.203916	5100.89
0.204324	5100.18
0.204732	5099.42
0.20514	5098.66
0.20555	5097.91
0.20596	5097.19
0.20637	5096.5
0.206782	5095.81
0.207194	5095.12
0.207607	5094.41
0.20802	5093.65
0.208434	5092.88
0.208849	5092.15
0.209264	5091.44
0.20968	5090.63
0.210097	5089.62
0.210514	5088.33
0.210932	5086.73
0.211351	5084.8
0.21177	5082.62
0.21219	5080.23
0.212611	5077.48
0.213032	5074.74
0.213454	5071.96
0.213877	5068.54
0.2143	5064.63
0.214724	5060.48
0.215149	5056.02
0.215574	5051.25
0.216	5046.21
0.216427	5040.78
0.216855	5034.83
0.217283	5028.37
0.217712	5021.42
0.218141	5013.71
0.218571	5004.96
0.219002	4995.11
0.219434	4984.03
0.219866	4971.57
0.220299	4957.64
0.220733	4942.19
0.221167	4925.16
0.221602	4906.45
0.222038	4885.92
0.222475	4863.38
0.222912	4838.62
0.22335	4811.41
0.223788	4781.51
0.224227	4748.69
0.224667	4712.77
0.225108	4673.56
0.225549	4630.91
0.225992	4584.71
0.226434	4534.91
0.226878	4481.53
0.227322	4424.54
0.227767	4363.98
0.228213	4299.9
0.228659	4232.42
0.229106	4161.72
0.229554	4088.05
0.230002	4011.68
0.230452	3932.93
0.230902	3852.18
0.231352	3769.8
0.231804	3686.18
0.232256	3601.7
0.232708	3516.72
0.233162	3431.61
0.233616	3346.77
0.234071	3262.56
0.234527	3179.31
0.234984	3097.23
0.235441	3016.57
0.235899	2937.6
0.236357	2860.54
0.236817	2785.44
0.237277	2712.32
0.237738	2641.24
0.238199	2572.23
0.238662	2505.31
0.239125	2440.52
0.239589	2377.86
0.240053	2317.32
0.240519	2258.89
0.240985	2202.52
0.241451	2148.15
0.241919	2095.73
0.242387	2045.2
0.242856	1996.49
0.243326	1949.55
0.243797	1904.32
0.244268	1860.74
0.24474	1818.75
0.245213	1778.29
0.245687	1739.31
0.246161	1701.74
0.246636	1665.53
0.247112	1630.61
0.247588	1596.95
0.248066	1564.47
0.248544	1533.14
0.249023	1502.89
0.249503	1473.67
0.249983	1445.45
0.250464	1418.19
0.250946	1391.83
0.251429	1366.36
0.251913	1341.71
0.251913	1341.71
0.252397	1317.85
0.252882	1294.71
0.253368	1272.27
0.253855	1250.5
0.254342	1229.38
0.25483	1208.9
0.255319	1189.03
0.255809	1169.74
0.2563	1151
0.256791	1132.79
0.257283	1115.09
0.257776	1097.87
0.25827	1081.11
0.258764	1064.8
0.259259	1048.91
0.259756	1033.43
0.260252	1018.34
0.26075	1003.63
0.261249	989.277
0.261748	975.275
0.262248	961.61
0.262749	948.271
0.26325	935.246
0.263753	922.525
0.264256	910.099
0.26476	897.958
0.265265	886.095
0.265771	874.501
0.266277	863.167
0.266785	852.089
0.267293	841.258
0.267802	830.668
0.268312	820.313
0.268822	810.188
0.269334	800.287
0.269846	790.603
0.270359	781.133
0.270873	771.874
0.271388	762.824
0.271903	753.977
0.272419	745.322
0.272937	736.848
0.273455	728.553
0.273973	720.434
0.274493	712.491
0.275014	704.722
0.275535	697.122
0.276057	689.687
0.27658	682.413
0.277104	675.294
0.277629	668.326
0.278154	661.505
0.27868	654.826
0.279208	648.285
0.279736	641.878
0.280265	635.601
0.280794	629.449
0.281325	623.42
0.281856	617.509
0.282389	611.712
0.282922	606.027
0.283456	600.45
0.283991	594.977
0.284526	589.605
0.285063	584.33
0.2856	579.147
0.286139	574.055
0.286678	569.048
0.287218	564.126
0.287759	559.287
0.2883	554.529
0.288843	549.851
0.289386	545.252
0.289931	540.729
0.290476	536.281
0.291022	531.906
0.291569	527.601
0.292117	523.366
0.292666	519.199
0.292666	519.199
0.293215	515.099
0.293766	511.064
0.294317	507.092
0.294869	503.183
0.295422	499.336
0.295976	495.55
0.296531	491.823
0.297087	488.155
0.297644	484.544
0.298201	480.99
0.29876	477.492
0.299319	474.049
0.29988	470.659
0.300441	467.323
0.301003	464.039
0.301566	460.805
0.30213	457.622
0.302694	454.489
0.30326	451.403
0.303827	448.365
0.304394	445.373
0.304962	442.427
0.305532	439.525
0.306102	436.667
0.306673	433.851
0.307245	431.077
0.307818	428.343
0.308392	425.65
0.308967	422.995
0.309543	420.379
0.310119	417.8
0.310697	415.258
0.311275	412.751
0.311855	410.28
0.312435	407.843
0.313016	405.44
0.313598	403.071
0.314182	400.734
0.314766	398.428
0.315351	396.155
0.315937	393.912
0.316523	391.699
0.317111	389.516
0.3177	387.362
0.31829	385.237
0.31888	383.14
0.319472	381.07
0.320065	379.028
0.320658	377.012
0.321252	375.023
0.321848	373.059
0.322444	371.12
0.323042	369.207
0.32364	367.317
0.324239	365.452
0.324839	363.611
0.32544	361.793
0.326042	359.997
0.326646	358.224
0.32725	356.474
0.327855	354.745
0.328461	353.037
0.329067	351.351
0.329675	349.686
0.330284	348.04
0.330894	346.415
0.331505	344.81
0.332117	343.224
0.33273	341.658
0.333343	340.11
0.333958	338.58
0.334574	337.069
0.335191	335.576
0.335808	334.101
0.336427	332.642
0.337047	331.201
0.337667	329.777
0.338289	328.369
0.338912	326.978
0.339536	325.603
0.34016	324.244
0.340786	322.9
0.341413	321.571
0.34204	320.258
0.342669	318.96
0.343299	317.676
0.343929	316.407
0.344561	315.152
0.345194	313.911
0.345828	312.684
0.346462	311.47
0.347098	310.27
0.347735	309.083
0.348373	307.909
0.349012	306.748
0.349652	305.6
0.350292	304.464
0.350934	303.34
0.351577	302.228
0.352221	301.129
0.352866	300.041
0.353512	298.964
0.354159	297.9
0.354807	296.846
0.355457	295.803
0.356107	294.772
0.356758	293.751
0.35741	292.741
0.358064	291.741
0.358718	290.752
0.359373	289.773
0.36003	288.804
0.360687	287.845
0.361346	286.896
0.362006	285.957
0.362666	285.027
0.363328	284.106
0.363991	283.195
0.364655	282.293
0.36532	281.4
0.365986	280.516
0.366653	279.64
0.367321	278.774
0.36799	277.916
0.36866	277.066
0.369332	276.225
0.370004	275.392
0.370678	274.567
0.371352	273.75
0.372028	272.941
0.372704	272.14
0.373382	271.347
0.374061	270.561
0.374741	269.783
0.375422	269.012
0.376104	268.248
0.376788	267.492
0.377472	266.743
0.378158	266.001
0.378844	265.266
0.379532	264.538
0.380221	263.816
0.38091	263.102
0.381601	262.393
0.382293	261.692
0.382987	260.997
0.383681	260.308
0.384376	259.625
0.385073	258.949
0.38577	258.279
0.386469	257.614
0.387169	256.956
0.38787	256.304
0.388572	255.657
0.389275	255.017
0.38998	254.382
0.390685	253.752
0.391392	253.128
0.3921	252.51
0.392809	251.897
0.393519	251.29
0.39423	250.687
0.394942	250.09
0.395655	249.498
0.39637	248.912
0.397086	248.33
0.397803	247.753
0.398521	247.182
0.39924	246.615
0.39996	246.053
0.400682	245.495
0.401404	244.943
0.402128	244.395
0.402853	243.851
0.403579	243.312
0.404306	242.778
0.405035	242.248
0.405765	241.722
0.406495	241.201
0.407227	240.684
0.40796	240.171
0.408695	239.663
0.40943	239.158
0.410167	238.658
0.410905	238.161
0.411644	237.669
0.412384	237.18
0.413125	236.696
0.413868	236.215
0.414612	235.738
0.415357	235.264
0.416103	234.794
0.41685	234.328
0.417599	233.865
0.418348	233.406
0.419099	232.951
0.419851	232.499
0.420605	232.05
0.421359	231.605
0.422115	231.164
0.422872	230.726
0.42363	230.291
0.42439	229.86
0.42515	229.432
0.425912	229.007
0.426675	228.586
0.427439	228.167
0.428205	227.752
0.428972	227.339
0.42974	226.93
0.430509	226.523
0.431279	226.12
0.432051	225.719
0.432824	225.321
0.432824	225.321
0.433598	224.926
0.434373	224.534
0.43515	224.144
0.435928	223.758
0.436707	223.374
0.437487	222.992
0.438269	222.613
0.439052	222.237
0.439836	221.864
0.440621	221.493
0.441408	221.125
0.442196	220.759
0.442985	220.396
0.443775	220.035
0.444567	219.676
0.44536	219.32
0.446154	218.967
0.446949	218.615
0.447746	218.266
0.448544	217.92
0.449343	217.575
0.450144	217.233
0.450946	216.893
0.451749	216.555
0.452554	216.22
0.453359	215.886
0.454166	215.555
0.454975	215.225
0.455784	214.898
0.456595	214.573
0.457407	214.25
0.458221	213.929
0.459036	213.61
0.459852	213.292
0.460669	212.977
0.461488	212.664
0.462308	212.352
0.463129	212.043
0.463952	211.735
0.464776	211.429
0.465601	211.125
0.466428	210.823
0.467256	210.522
0.468085	210.224
0.468916	209.927
0.469748	209.631
0.470581	209.338
0.471416	209.046
0.472252	208.755
0.473089	208.467
0.473928	208.18
0.474768	207.894
0.475609	207.611
0.476451	207.328
0.477296	207.048
0.478141	206.769
0.478988	206.491
0.479836	206.215
0.480685	205.941
0.481536	205.668
0.482388	205.397
0.483242	205.127
0.484096	204.858
0.484953	204.591
0.48581	204.325
0.486669	204.061
0.48753	203.798
0.488392	203.536
0.489255	203.276
0.490119	203.017
0.490985	202.76
0.491852	202.504
0.492721	202.249
0.493591	201.995
0.494463	201.743
0.495336	201.492
0.49621	201.243
0.497085	200.994
0.497963	200.747
0.498841	200.502
0.499721	200.257
0.500602	200.014
0.501485	199.772
0.502369	199.531
0.503255	199.292
0.504142	199.053
0.50503	198.816
0.50592	198.58
0.506811	198.345
0.507704	198.112
0.508598	197.88
0.509493	197.648
0.51039	197.418
0.511288	197.19
0.512188	196.962
0.51309	196.735
0.513992	196.51
0.514896	196.286
0.515802	196.063
0.516709	195.841
0.517618	195.62
0.518528	195.4
0.519439	195.182
0.520352	194.964
0.521266	194.748
0.522182	194.533
0.523099	194.319
0.524018	194.106
0.524938	193.894
0.52586	193.683
0.526783	193.473
0.527708	193.265
0.528634	193.057
0.529561	192.851
0.530491	192.646
0.531421	192.442
0.532353	192.239
0.533287	192.037
0.534222	191.836
0.535158	191.637
0.536096	191.438
0.537036	191.241
0.537977	191.044
0.53892	190.849
0.539864	190.655
0.540809	190.462
0.541757	190.27
0.542705	190.079
0.543655	189.889
0.544607	189.701
0.54556	189.513
0.546515	189.327
0.547471	189.142
0.548429	188.957
0.549388	188.774
0.550349	188.593
0.551311	188.412
0.552275	188.232
0.553241	188.054
0.554208	187.876
0.555176	187.7
0.556147	187.525
0.557118	187.351
0.558092	187.178
0.559066	187.006
0.560043	186.835
0.561021	186.666
0.562	186.498
0.562981	186.331
0.563964	186.165
0.564948	186
0.565934	185.836
0.566921	185.674
0.56791	185.513
0.568901	185.353
0.569893	185.194
0.570886	185.036
0.571882	184.879
0.572879	184.724
0.573877	184.569
0.574877	184.416
0.575879	184.264
0.576882	184.113
0.577887	183.964
0.578894	183.815
0.579902	183.667
0.580839	183.532
0.581777	183.397
0.582715	183.263
0.583652	183.131
0.583652	183.131
0.58459	183
0.585528	182.87
0.586465	182.741
0.587403	182.613
0.588341	182.486
0.589278	182.361
0.590216	182.237
0.591154	182.114
0.592091	181.993
0.593029	181.873
0.593966	181.754
0.594904	181.636
0.595842	181.519
0.596779	181.404
0.597717	181.289
0.598655	181.176
0.599592	181.064
0.60053	180.952
0.601468	180.842
0.602405	180.733
0.603343	180.624
0.60449	180.493
0.605638	180.364
0.606786	180.236
0.607933	180.11
0.609081	179.986
0.610228	179.863
0.611376	179.741
0.612523	179.622
0.613671	179.503
0.614818	179.387
0.615966	179.272
0.617114	179.158
0.618261	179.046
0.619409	178.936
0.620556	178.827
0.621704	178.719
0.622851	178.614
0.623999	178.509
0.625146	178.407
0.626294	178.305
0.627441	178.206
0.628589	178.107
0.629737	178.011
0.630884	177.915
0.632032	177.822
0.633179	177.73
0.634327	177.639
0.635474	177.55
0.636622	177.462
0.637769	177.376
0.638917	177.291
0.640065	177.208
0.641212	177.126
0.64236	177.045
0.643507	176.966
0.644655	176.889
0.645802	176.813
0.64695	176.738
0.648097	176.665
0.649245	176.593
0.650392	176.523
0.65154	176.454
0.652688	176.386
0.653835	176.32
0.654983	176.255
0.65613	176.192
0.657278	176.13
0.658425	176.069
0.659573	176.01
0.66072	175.952
0.661868	175.895
0.663016	175.84
0.664163	175.785
0.665311	175.732
0.666458	175.681
0.667606	175.63
0.668753	175.581
0.669901	175.533
0.671048	175.486
0.672196	175.44
0.673343	175.395
0.674491	175.351
0.675639	175.309
0.676786	175.267
0.677934	175.227
0.679081	175.187
0.680229	175.149
0.681376	175.111
0.682524	175.075
0.683671	175.039
0.684819	175.004
0.685967	174.971
0.687114	174.938
0.688262	174.906
0.689409	174.875
0.690557	174.844
0.691704	174.815
0.692852	174.786
0.693999	174.758
0.695147	174.731
0.696294	174.705
0.697442	174.679
0.69859	174.654
0.699737	174.63
0.700885	174.607
0.702032	174.584
0.70318	174.562
0.704327	174.54
0.705475	174.519
0.706622	174.499
0.70777	174.479
0.708918	174.46
0.710065	174.441
0.711213	174.423
0.71236	174.406
0.713508	174.389
0.714655	174.373
0.715803	174.358
0.71695	174.343
0.718098	174.329
0.719245	174.315
0.720393	174.302
0.721541	174.29
0.722688	174.279
0.723836	174.268
0.724983	174.258
0.726131	174.249
0.727278	174.241
0.728426	174.233
0.729573	174.227
0.730721	174.222
0.731869	174.217
0.733016	174.214
0.734164	174.213
0.735311	174.212
0.736459	174.213
0.737606	174.215
0.738754	174.219
0.739901	174.225
0.741049	174.233
0.742197	174.242
0.743344	174.254
0.744492	174.268
0.745639	174.284
0.746787	174.302
0.747934	174.323
0.749082	174.346
0.750229	174.372
0.751377	174.4
0.752524	174.43
0.753672	174.462
0.75482	174.495
0.755967	174.527
0.757115	174.558
0.758262	174.584
0.75941	174.603
0.760557	174.614
0.761705	174.619
0.762279	174.62
0.762852	174.622
0.763139	174.623
0.763426	174.624
0.763713	174.625
0.764	174.626
)
