(title "Density")
(labels "Position" "Density")

((xy/key/label "axis")
-0.01	0.0575924
-0.00993696	0.0575889
-0.00987393	0.0575811
-0.00974786	0.0575647
-0.00962179	0.0575465
-0.00949571	0.0575236
-0.00936964	0.0574986
-0.00924357	0.0574738
-0.0091175	0.0574505
-0.00899143	0.0574295
-0.00886536	0.0574113
-0.00873929	0.0573958
-0.00861321	0.0573829
-0.00848714	0.0573724
-0.00836107	0.0573646
-0.008235	0.0573595
-0.00810893	0.057357
-0.00798286	0.0573568
-0.00785679	0.0573591
-0.00773071	0.0573631
-0.00760464	0.0573687
-0.00747857	0.0573763
-0.0073525	0.057386
-0.00722643	0.0573982
-0.00710036	0.0574132
-0.00697429	0.0574312
-0.00684821	0.0574519
-0.00672214	0.0574751
-0.00659607	0.0575004
-0.00647	0.0575273
-0.00633636	0.0575564
-0.00620273	0.0575841
-0.00606909	0.0576088
-0.00593545	0.0576288
-0.00580182	0.0576398
-0.00566818	0.0576356
-0.00553455	0.0576143
-0.00540091	0.0575745
-0.00526727	0.0575121
-0.00513364	0.0574235
-0.005	0.0573064
-0.00486636	0.0571591
-0.00473273	0.0569805
-0.00459909	0.0567701
-0.00446545	0.0565278
-0.00433182	0.0562539
-0.00419818	0.0559493
-0.00406455	0.0556147
-0.00393091	0.0552511
-0.00379727	0.05486
-0.00366364	0.0544425
-0.00353	0.0540002
-0.00340393	0.0535613
-0.00327786	0.0531025
-0.00315179	0.0526256
-0.00302571	0.0521322
-0.00289964	0.0516237
-0.00277357	0.0511021
-0.0026475	0.0505691
-0.00252143	0.0500269
-0.00239536	0.0494774
-0.00226929	0.048923
-0.00214321	0.048366
-0.00201714	0.0478088
-0.00189107	0.0472539
-0.001765	0.0467039
-0.00163893	0.0461615
-0.00151286	0.0456296
-0.00138679	0.0451108
-0.00126071	0.044608
-0.00113464	0.0441242
-0.00100857	0.0436624
-0.0008825	0.0432255
-0.000756428	0.0428165
-0.000630357	0.0424383
-0.000504286	0.0420937
-0.000378214	0.041785
-0.000252143	0.0415144
-0.000126071	0.0412839
1.52316e-10	0.0410944
0.000138276	0.0409297
0.000276552	0.0408053
0.000414827	0.0407193
0.000553103	0.0406693
0.000691379	0.0406483
0.000829655	0.0406458
0.00096793	0.0406557
0.00110621	0.0406761
0.00124448	0.0407024
0.00138276	0.0407257
0.00152103	0.0407416
0.00165931	0.0407495
0.00179758	0.0407446
0.00193586	0.0407159
0.00207414	0.0406607
0.00221241	0.0405846
0.00235069	0.0404885
0.00248896	0.0403689
0.00262724	0.0402231
0.00276552	0.0400504
0.00290379	0.039851
0.00304207	0.0396247
0.00318034	0.0393719
0.00331862	0.0390925
0.00345689	0.0387869
0.00359517	0.0384558
0.00373345	0.0380998
0.00387172	0.0377204
0.00401	0.0373184
0.00414827	0.0368933
0.00428655	0.0364456
0.00442482	0.0359783
0.0045631	0.0354937
0.00470138	0.0349925
0.00483965	0.0344771
0.00497793	0.0339518
0.0051162	0.033419
0.00525448	0.0328805
0.00539275	0.0323388
0.00553103	0.0317979
0.00566931	0.0312625
0.00580758	0.0307377
0.00594586	0.0302294
0.00608413	0.0297438
0.00622241	0.0292883
0.00636068	0.0288706
0.00649896	0.0284982
0.00663724	0.0281773
0.00677551	0.0279112
0.00691379	0.0276986
0.00705206	0.0275319
0.00719034	0.0273978
0.00732861	0.0272783
0.00746689	0.0271542
0.00760517	0.0270077
0.00774344	0.0268253
0.00788172	0.0265997
0.00801999	0.0263307
0.00815827	0.0260244
0.00829654	0.0256908
0.00843482	0.0253409
0.0085731	0.024985
0.00871137	0.0246314
0.00884965	0.0242854
0.00898792	0.0239498
0.0091262	0.0236257
0.0091262	0.0236257
0.00926447	0.0233124
0.00940275	0.0230086
0.00954103	0.0227124
0.0096793	0.0224221
0.00981758	0.022136
0.00995585	0.0218529
0.0100941	0.0215718
0.0102324	0.0212922
0.0103707	0.0210139
0.010509	0.0207369
0.0106472	0.0204616
0.0107855	0.0201885
0.0109238	0.0199179
0.0110621	0.0196505
0.0112003	0.0193866
0.0113386	0.0191268
0.0114769	0.0188712
0.0116152	0.0186201
0.0117534	0.0183734
0.0118917	0.018131
0.01203	0.0178928
0.0121683	0.0176584
0.0123065	0.0174277
0.0124448	0.0172005
0.0125831	0.0169767
0.0127214	0.0167564
0.0128596	0.0165398
0.0129979	0.0163273
0.0131362	0.0161194
0.0132745	0.0159167
0.0134127	0.0157195
0.013551	0.0155284
0.0136893	0.0153434
0.0138276	0.0151648
0.0139659	0.014992
0.0141041	0.0148246
0.0142424	0.0146619
0.0143807	0.0145028
0.014519	0.0143464
0.0146572	0.0141917
0.0147955	0.0140376
0.0149338	0.0138836
0.0150721	0.013729
0.0152103	0.0135738
0.0153486	0.0134177
0.0154869	0.0132613
0.0156252	0.0131048
0.0157634	0.012949
0.0159017	0.0127945
0.01604	0.0126421
0.0161783	0.0124922
0.0163165	0.0123456
0.0164548	0.0122027
0.0165931	0.0120637
0.0167314	0.0119288
0.0168696	0.0117981
0.0170079	0.0116715
0.0171462	0.0115488
0.0172845	0.0114298
0.0174227	0.0113143
0.017561	0.011202
0.0176993	0.0110927
0.0178376	0.010986
0.0179758	0.0108819
0.0181141	0.0107801
0.0182524	0.0106804
0.0183907	0.0105827
0.0185289	0.0104869
0.0186672	0.0103928
0.0188055	0.0103005
0.0189438	0.0102097
0.0190821	0.0101204
0.0192203	0.0100325
0.0193586	0.00994594
0.0194969	0.00986067
0.0196352	0.00977662
0.0197734	0.00969376
0.0199117	0.00961207
0.02005	0.00953155
0.0201883	0.0094522
0.0203265	0.00937406
0.0204648	0.00929714
0.0206031	0.00922148
0.0207414	0.00914713
0.0208796	0.00907412
0.0210179	0.00900246
0.0211562	0.00893217
0.0212945	0.00886325
0.0214327	0.00879569
0.021571	0.00872945
0.0217093	0.00866449
0.0218476	0.00860075
0.0219858	0.00853816
0.0221241	0.00847666
0.0222624	0.00841616
0.0224007	0.00835661
0.0225389	0.00829794
0.0226772	0.0082401
0.0228155	0.00818306
0.0229538	0.00812681
0.0230921	0.00807133
0.0232303	0.00801665
0.0233686	0.00796279
0.0235069	0.00790981
0.0236452	0.00785775
0.0237834	0.00780668
0.0239217	0.00775667
0.02406	0.00770777
0.0241983	0.00766005
0.0243365	0.00761355
0.0244748	0.00756832
0.0246131	0.00752437
0.0247514	0.00748172
0.0248896	0.00744035
0.0250279	0.00740023
0.0251662	0.00736132
0.0253045	0.00732357
0.0254427	0.00728689
0.025581	0.00725122
0.0257193	0.00721645
0.0258576	0.00718251
0.0259958	0.0071493
0.0261341	0.00711674
0.0262724	0.00708474
0.0264107	0.00705325
0.0265489	0.00702221
0.0266872	0.00699157
0.0266872	0.00699157
0.0268255	0.00696132
0.0269638	0.00693145
0.027102	0.00690196
0.0272403	0.00687288
0.0273786	0.00684423
0.0275169	0.00681607
0.0276551	0.00678844
0.0277934	0.00676139
0.0279317	0.006735
0.02807	0.0067093
0.0282083	0.00668434
0.0283465	0.00666019
0.0284848	0.00663686
0.0286231	0.00661441
0.0287614	0.00659285
0.0288996	0.00657219
0.0290379	0.00655245
0.0291762	0.00653361
0.0293145	0.00651564
0.0294527	0.00649852
0.029591	0.00648221
0.0297293	0.00646664
0.0298676	0.00645178
0.0300058	0.00643755
0.0301441	0.0064239
0.0302824	0.00641076
0.0304207	0.00639809
0.0305589	0.00638582
0.0306972	0.00637391
0.0308355	0.00636234
0.0309738	0.00635106
0.031112	0.00634006
0.0312503	0.00632935
0.0313886	0.00631891
0.0315269	0.00630876
0.0316651	0.00629891
0.0318034	0.00628939
0.0319417	0.00628021
0.03208	0.00627139
0.0322182	0.00626298
0.0323565	0.00625497
0.0324948	0.00624738
0.0326331	0.00624022
0.0327714	0.00623351
0.0329096	0.00622725
0.0330479	0.00622144
0.0331862	0.00621608
0.0333245	0.00621116
0.0334627	0.00620667
0.033601	0.00620258
0.0337393	0.00619887
0.0338776	0.00619551
0.0340158	0.00619246
0.0341541	0.00618966
0.0342924	0.00618706
0.0344307	0.00618462
0.0345689	0.00618224
0.0347072	0.00617988
0.0348455	0.00617751
0.0349838	0.00617507
0.035122	0.00617252
0.0352603	0.00616981
0.0353986	0.00616688
0.0355369	0.00616368
0.0356751	0.00616018
0.0358134	0.00615634
0.0359517	0.00615215
0.03609	0.00614756
0.0362282	0.00614255
0.0363665	0.00613707
0.0365048	0.0061311
0.0366431	0.0061246
0.0367813	0.00611755
0.0369196	0.00610991
0.0370579	0.00610168
0.0371962	0.00609283
0.0373344	0.00608334
0.0374727	0.0060732
0.037611	0.0060624
0.0377493	0.00605094
0.0378876	0.00603882
0.0380258	0.00602604
0.0381641	0.00601261
0.0383024	0.00599855
0.0384407	0.00598389
0.0385789	0.00596865
0.0387172	0.00595287
0.0388555	0.00593657
0.0389938	0.00591979
0.039132	0.00590256
0.0392703	0.0058849
0.0394086	0.00586686
0.0395469	0.00584846
0.0396851	0.00582973
0.0398234	0.0058107
0.0399617	0.0057914
0.0401	0.00577183
0.0402382	0.00575202
0.0403765	0.00573198
0.0405148	0.00571171
0.0406531	0.00569121
0.0407913	0.00567049
0.0409296	0.00564954
0.0410679	0.00562837
0.0412062	0.00560696
0.0413444	0.00558531
0.0414827	0.00556341
0.041621	0.00554126
0.0417684	0.00551738
0.0419161	0.00549318
0.042064	0.00546864
0.0422122	0.00544376
0.0423606	0.00541853
0.0425092	0.00539296
0.0426581	0.00536705
0.0428072	0.0053408
0.0429565	0.00531422
0.0431061	0.00528733
0.043256	0.00526012
0.043406	0.00523262
0.0435563	0.00520485
0.0437069	0.00517682
0.0438577	0.00514855
0.0440087	0.00512007
0.04416	0.00509139
0.0443115	0.00506253
0.0444632	0.00503351
0.0446152	0.00500436
0.0447675	0.00497509
0.0449199	0.00494572
0.0450727	0.00491626
0.0452257	0.00488673
0.0453789	0.00485714
0.0455323	0.0048275
0.045686	0.00479781
0.04584	0.00476809
0.0459942	0.00473834
0.0461487	0.00470857
0.0463034	0.00467877
0.0463034	0.00467877
0.0464583	0.00464896
0.0466135	0.00461913
0.0467689	0.00458928
0.0469246	0.00455943
0.0470806	0.00452958
0.0472368	0.00449972
0.0473932	0.00446987
0.0475499	0.00444003
0.0477068	0.00441021
0.047864	0.00438041
0.0480215	0.00435065
0.0481792	0.00432093
0.0483371	0.00429127
0.0484953	0.00426168
0.0486538	0.00423216
0.0488125	0.00420274
0.0489715	0.00417342
0.0491307	0.00414422
0.0492902	0.00411514
0.0494499	0.00408621
0.0496099	0.00405742
0.0497701	0.0040288
0.0499306	0.00400036
0.0500914	0.00397209
0.0502524	0.00394402
0.0504137	0.00391614
0.0505752	0.00388847
0.050737	0.00386102
0.050899	0.00383378
0.0510613	0.00380676
0.0512239	0.00377996
0.0513867	0.0037534
0.0515498	0.00372706
0.0517132	0.00370096
0.0518768	0.0036751
0.0520407	0.00364947
0.0522048	0.00362408
0.0523692	0.00359893
0.0525339	0.00357403
0.0526988	0.00354938
0.052864	0.00352497
0.0530294	0.00350083
0.0531952	0.00347694
0.0533612	0.00345331
0.0535274	0.00342996
0.0536939	0.00340687
0.0538607	0.00338407
0.0540278	0.00336156
0.0541951	0.00333935
0.0543627	0.00331744
0.0545305	0.00329586
0.0546987	0.00327461
0.054867	0.00325371
0.0550357	0.00323318
0.0552046	0.00321303
0.0553739	0.00319329
0.0555433	0.00317396
0.0557131	0.00315506
0.0558831	0.00313662
0.0560534	0.00311867
0.056224	0.00310128
0.0563948	0.00308449
0.0565659	0.00306837
0.0567373	0.00305291
0.056909	0.00303812
0.0570809	0.00302405
0.0572531	0.00301076
0.0574256	0.00299836
0.0575983	0.00298698
0.0577714	0.00297683
0.0579447	0.00296807
0.0581183	0.00296071
0.0582922	0.0029547
0.0584663	0.00295019
0.0586408	0.00294721
0.0588155	0.00294547
0.0589905	0.0029448
0.0591657	0.00294528
0.0593413	0.00294692
0.0595171	0.00294972
0.0596932	0.00295371
0.0598696	0.00295891
0.0600463	0.00296542
0.0602233	0.00297334
0.0604005	0.00298273
0.060578	0.00299345
0.0607558	0.00300528
0.0609339	0.00301813
0.0611123	0.00303195
0.061291	0.00304673
0.0614699	0.00306246
0.0616492	0.00307919
0.0618287	0.00309694
0.0620085	0.00311579
0.0621886	0.00313579
0.062369	0.00315706
0.0625497	0.00317974
0.0627307	0.00320405
0.062912	0.00323028
0.0630935	0.00325882
0.0632753	0.00329012
0.0634575	0.00332475
0.0636399	0.00336332
0.0638226	0.00340656
0.0640056	0.00345524
0.0641889	0.00351024
0.0643725	0.00357246
0.0645564	0.00364277
0.0647406	0.00372208
0.0649251	0.00381131
0.0651099	0.00391062
0.065295	0.00401929
0.0654803	0.00413638
0.065666	0.00426066
0.0658519	0.00439051
0.0660382	0.00452399
0.0662248	0.00465895
0.0664116	0.004793
0.0665988	0.00492384
0.0667862	0.00505014
0.066974	0.00517067
0.0671621	0.00528332
0.0673504	0.00538564
0.0673504	0.00538564
0.0675391	0.00547531
0.0677281	0.00555088
0.0679173	0.00561229
0.0681069	0.00566075
0.0682968	0.00569814
0.0684869	0.00572609
0.0686774	0.00574398
0.0688682	0.00575263
0.0690593	0.00575518
0.0692507	0.00575319
0.0694424	0.0057476
0.0696344	0.00573941
0.0698267	0.00572964
0.0700194	0.0057191
0.0702123	0.00570846
0.0704056	0.0056981
0.0705991	0.0056875
0.070793	0.00567697
0.0709872	0.00566795
0.0711816	0.00566282
0.0713765	0.00566248
0.0715716	0.00566578
0.071767	0.00567243
0.0719627	0.0056823
0.0721588	0.00569521
0.0723551	0.00571089
0.0725518	0.00572907
0.0727488	0.00574944
0.0729461	0.00577167
0.0731438	0.00579551
0.0733417	0.00582099
0.0735399	0.00584803
0.0737385	0.0058759
0.0739374	0.00590376
0.0741366	0.00593121
0.0743362	0.00595787
0.074536	0.00598337
0.0747362	0.00600753
0.0749367	0.00603023
0.0751375	0.00605126
0.0753386	0.00607051
0.0755401	0.00608784
0.0757419	0.00610315
0.075944	0.00611681
0.0761464	0.00612951
0.0763492	0.00614211
0.0765522	0.00615505
0.0767557	0.00616843
0.0769594	0.00618263
0.0771634	0.00619809
0.0773678	0.00621517
0.0775725	0.00623402
0.0777776	0.00625461
0.0779829	0.00627691
0.0781886	0.00630083
0.0783947	0.00632619
0.078601	0.00635259
0.0788077	0.00637962
0.0790147	0.00640677
0.0792221	0.00643346
0.0794297	0.00645933
0.0796377	0.00648413
0.0798461	0.00650748
0.0800548	0.00652914
0.0802638	0.006549
0.0804731	0.00656682
0.0806828	0.00658222
0.0808928	0.00659493
0.0811032	0.00660492
0.0813139	0.00661241
0.0815249	0.00661777
0.0817363	0.00662135
0.081948	0.00662352
0.08216	0.00662456
0.0823724	0.00662474
0.0825851	0.00662425
0.0827982	0.00662321
0.0830116	0.00662179
0.0832254	0.00662013
0.0834395	0.00661828
0.0836539	0.00661624
0.0838687	0.00661401
0.0840838	0.00661154
0.0842993	0.00660875
0.0845151	0.00660556
0.0847313	0.0066018
0.0849478	0.00659745
0.0851646	0.00659257
0.0853818	0.00658698
0.0855994	0.00658035
0.0858172	0.00657238
0.0860355	0.00656279
0.0862541	0.00655117
0.086473	0.00653715
0.0866923	0.00652053
0.086912	0.00650117
0.087132	0.00647926
0.0873523	0.00645529
0.087573	0.00642976
0.0877941	0.00640316
0.0880155	0.00637588
0.0882373	0.00634824
0.0884594	0.00632051
0.0886819	0.00629288
0.0889047	0.00626545
0.0891279	0.00623821
0.0893514	0.00621109
0.0895753	0.00618392
0.0897996	0.0061565
0.0900242	0.00612856
0.0902492	0.00609985
0.0904746	0.00607013
0.0907003	0.00603919
0.0909263	0.00600688
0.0911528	0.00597309
0.0913796	0.0059378
0.0916067	0.00590103
0.0918342	0.00586288
0.0920621	0.00582346
0.0922904	0.00578295
0.092519	0.00574152
0.092748	0.00569935
0.0929773	0.00565662
0.093207	0.00561349
0.0934371	0.00557008
0.0936676	0.00552648
0.0938984	0.00548276
0.0941296	0.00543895
0.0943611	0.00539505
0.0945931	0.00535104
0.0948254	0.00530686
0.095058	0.00526249
0.095058	0.00526249
0.0952911	0.00521785
0.0955245	0.00517291
0.0957583	0.00512762
0.0959925	0.00508195
0.096227	0.0050359
0.0964619	0.00498945
0.0966972	0.00494264
0.0969329	0.00489546
0.097169	0.00484797
0.0974054	0.00480018
0.0976422	0.00475214
0.0978794	0.00470386
0.098117	0.00465536
0.0983549	0.00460666
0.0985932	0.00455775
0.0988319	0.00450863
0.099071	0.00445928
0.0993105	0.00440968
0.0995504	0.00435981
0.0997906	0.00430964
0.100031	0.00425916
0.100272	0.00420836
0.100514	0.00415725
0.100755	0.00410583
0.100998	0.00405414
0.10124	0.00400224
0.101483	0.00395019
0.101726	0.00389807
0.10197	0.00384597
0.102214	0.00379402
0.102459	0.00374234
0.102704	0.00369105
0.102949	0.00364031
0.103195	0.00359025
0.103441	0.00354103
0.103687	0.00349279
0.103934	0.00344567
0.104181	0.00339983
0.104429	0.00335541
0.104677	0.00331257
0.104926	0.00327143
0.105174	0.00323209
0.105424	0.00319466
0.105673	0.00315931
0.105923	0.00312624
0.106174	0.00309562
0.106425	0.00306751
0.106676	0.00304194
0.106928	0.00301918
0.10718	0.00299954
0.107432	0.00298337
0.107685	0.00297122
0.107938	0.00296369
0.108192	0.00296055
0.108446	0.00296109
0.108701	0.0029651
0.108956	0.00297285
0.109211	0.00298501
0.109467	0.00300253
0.109723	0.0030263
0.109979	0.00305705
0.110236	0.00309545
0.110494	0.00314204
0.110751	0.00319746
0.111009	0.00326253
0.111268	0.00333691
0.111527	0.00341871
0.111787	0.00350585
0.112046	0.00359637
0.112307	0.00368826
0.112567	0.00377955
0.112828	0.00386841
0.11309	0.00395317
0.113352	0.00403247
0.113614	0.00410543
0.113877	0.00417157
0.11414	0.00423049
0.114404	0.00428209
0.114668	0.00432668
0.114932	0.00436544
0.115197	0.00440027
0.115462	0.00443273
0.115728	0.00446391
0.115994	0.00449492
0.116261	0.00452675
0.116528	0.00456015
0.116795	0.0045956
0.117063	0.00463331
0.117332	0.00467326
0.1176	0.00471524
0.117869	0.00475888
0.118139	0.00480375
0.118409	0.00484939
0.11868	0.00489538
0.11895	0.00494139
0.119222	0.00498722
0.119494	0.00503284
0.119766	0.00507837
0.120038	0.00512405
0.120311	0.00517024
0.120585	0.00521734
0.120859	0.0052657
0.121133	0.0053156
0.121408	0.00536717
0.121683	0.00542039
0.121959	0.00547506
0.122235	0.00553083
0.122512	0.00558721
0.122789	0.00564367
0.123066	0.00569963
0.123344	0.00575454
0.123623	0.00580795
0.123901	0.00585949
0.124181	0.00590898
0.12446	0.00595636
0.12474	0.00600172
0.125021	0.00604527
0.125302	0.00608728
0.125584	0.00612803
0.125866	0.00616778
0.126148	0.00620668
0.126431	0.00624478
0.126714	0.00628202
0.126998	0.00631819
0.126998	0.00631819
0.127282	0.00635301
0.127567	0.00638611
0.127852	0.00641715
0.128137	0.00644581
0.128423	0.00647189
0.12871	0.00649528
0.128997	0.00651592
0.129284	0.00653389
0.129572	0.00654938
0.129861	0.00656271
0.130149	0.00657407
0.130439	0.00658337
0.130728	0.00659063
0.131019	0.00659615
0.131309	0.00660031
0.1316	0.00660273
0.131892	0.00660281
0.132184	0.00660073
0.132476	0.00659658
0.132769	0.00659007
0.133063	0.0065807
0.133357	0.006568
0.133651	0.00655148
0.133946	0.00653078
0.134241	0.00650602
0.134537	0.00647774
0.134834	0.0064466
0.13513	0.00641326
0.135428	0.00637829
0.135725	0.00634217
0.136023	0.00630522
0.136322	0.00626759
0.136621	0.00622928
0.136921	0.00619015
0.137221	0.00614999
0.137522	0.00610859
0.137823	0.00606576
0.138124	0.0060214
0.138426	0.00597553
0.138729	0.00592824
0.139032	0.00587975
0.139335	0.00583033
0.139639	0.00578027
0.139944	0.00572987
0.140249	0.00567937
0.140554	0.00562898
0.14086	0.00557879
0.141166	0.00552883
0.141473	0.00547904
0.141781	0.00542931
0.142089	0.00537949
0.142397	0.00532939
0.142706	0.00527886
0.143015	0.00522775
0.143325	0.00517599
0.143636	0.00512352
0.143946	0.00507035
0.144258	0.00501653
0.14457	0.00496217
0.144882	0.00490738
0.145195	0.00485231
0.145508	0.00479709
0.145822	0.00474187
0.146137	0.00468679
0.146451	0.00463195
0.146767	0.00457748
0.147083	0.00452346
0.147399	0.00447
0.147716	0.00441717
0.148033	0.00436506
0.148351	0.00431378
0.14867	0.00426341
0.148989	0.00421406
0.149308	0.00416585
0.149628	0.00411889
0.149948	0.00407331
0.150269	0.00402922
0.150591	0.00398673
0.150913	0.00394597
0.151235	0.00390702
0.151559	0.00386999
0.151882	0.00383495
0.152206	0.00380201
0.152531	0.00377121
0.152856	0.00374261
0.153181	0.00371625
0.153508	0.00369221
0.153834	0.00367061
0.154162	0.00365163
0.154489	0.00363532
0.154818	0.0036216
0.155146	0.00361055
0.155476	0.00360254
0.155805	0.00359797
0.156136	0.00359678
0.156467	0.00359827
0.156798	0.00360208
0.15713	0.00360858
0.157463	0.00361829
0.157796	0.00363171
0.158129	0.00364932
0.158463	0.00367168
0.158798	0.00369931
0.159133	0.00373229
0.159469	0.00377017
0.159805	0.00381244
0.160142	0.00385857
0.160479	0.0039081
0.160817	0.00396068
0.161155	0.00401607
0.161494	0.00407419
0.161834	0.00413508
0.162174	0.00419889
0.162514	0.00426578
0.162855	0.0043359
0.163197	0.00440933
0.163539	0.00448598
0.163882	0.00456559
0.164225	0.00464775
0.164569	0.00473185
0.164913	0.00481719
0.165258	0.00490299
0.165604	0.00498849
0.16595	0.00507299
0.166297	0.00515591
0.166644	0.00523684
0.166991	0.00531553
0.16734	0.00539187
0.167689	0.00546583
0.168038	0.00553743
0.168388	0.0056066
0.168738	0.00567318
0.16909	0.0057369
0.169441	0.00579735
0.169793	0.00585408
0.170146	0.00590666
0.170499	0.00595472
0.170853	0.005998
0.171208	0.00603644
0.171563	0.00607014
0.171918	0.00609938
0.172275	0.00612453
0.172631	0.00614595
0.172989	0.00616368
0.173347	0.00617753
0.173705	0.00618749
0.174064	0.00619434
0.174424	0.00619799
0.174784	0.006198
0.175145	0.006195
0.175506	0.00618901
0.175868	0.00617947
0.17623	0.00616551
0.17623	0.00616551
0.176594	0.00614652
0.176957	0.00612288
0.177321	0.00609558
0.177686	0.00606555
0.178052	0.00603365
0.178418	0.00600067
0.178784	0.00596726
0.179151	0.0059337
0.179519	0.00589995
0.179888	0.00586579
0.180256	0.00583087
0.180626	0.00579485
0.180996	0.00575754
0.181367	0.00571888
0.181738	0.00567902
0.18211	0.00563827
0.182483	0.00559701
0.182856	0.00555564
0.183229	0.00551449
0.183604	0.00547378
0.183979	0.00543359
0.184354	0.00539385
0.18473	0.00535441
0.185107	0.00531504
0.185484	0.00527554
0.185862	0.00523575
0.186241	0.00519559
0.18662	0.00515509
0.186999	0.00511438
0.18738	0.00507365
0.187761	0.00503311
0.188142	0.00499299
0.188524	0.00495348
0.188907	0.00491471
0.189291	0.00487677
0.189675	0.00483965
0.190059	0.00480333
0.190444	0.00476776
0.19083	0.00473286
0.191217	0.00469861
0.191604	0.004665
0.191992	0.00463207
0.19238	0.00459992
0.192769	0.00456867
0.193158	0.0045385
0.193549	0.00450958
0.193939	0.00448209
0.194331	0.00445623
0.194723	0.00443215
0.195116	0.00440999
0.195509	0.00438988
0.195903	0.00437193
0.196298	0.00435622
0.196693	0.00434281
0.197089	0.00433185
0.197485	0.00432329
0.197882	0.00431701
0.19828	0.00431332
0.198678	0.00431247
0.199077	0.00431397
0.199477	0.00431753
0.199877	0.00432373
0.200278	0.00433331
0.20068	0.00434708
0.201082	0.00436532
0.201485	0.00438765
0.201889	0.00441358
0.202293	0.00444262
0.202698	0.00447432
0.203103	0.00450838
0.203509	0.00454465
0.203916	0.00458316
0.204324	0.00462401
0.204732	0.00466728
0.20514	0.00471288
0.20555	0.0047606
0.20596	0.00481008
0.20637	0.0048609
0.206782	0.00491263
0.207194	0.00496482
0.207607	0.00501701
0.20802	0.00506871
0.208434	0.00511939
0.208849	0.0051683
0.209264	0.00521465
0.20968	0.00525788
0.210097	0.00529783
0.210514	0.00533467
0.210932	0.00536873
0.211351	0.00540031
0.21177	0.00542951
0.21219	0.00545602
0.212611	0.00547909
0.213032	0.00549774
0.213454	0.00551096
0.213877	0.00551921
0.2143	0.00552381
0.214724	0.00552525
0.215149	0.00552422
0.215574	0.00552193
0.216	0.00551873
0.216427	0.00551404
0.216855	0.00550717
0.217283	0.00549755
0.217712	0.00548487
0.218141	0.00546915
0.218571	0.00545071
0.219002	0.00542997
0.219434	0.0054074
0.219866	0.0053834
0.220299	0.00535825
0.220733	0.00533209
0.221167	0.00530491
0.221602	0.00527662
0.222038	0.00524713
0.222475	0.00521633
0.222912	0.00518418
0.22335	0.00515071
0.223788	0.00511599
0.224227	0.0050801
0.224667	0.00504317
0.225108	0.00500528
0.225549	0.0049665
0.225992	0.00492687
0.226434	0.00488643
0.226878	0.0048452
0.227322	0.00480322
0.227767	0.00476056
0.228213	0.00471729
0.228659	0.0046735
0.229106	0.0046293
0.229554	0.00458483
0.230002	0.00454023
0.230452	0.00449565
0.230902	0.00445123
0.231352	0.00440713
0.231804	0.00436348
0.232256	0.00432041
0.232708	0.00427803
0.233162	0.00423647
0.233616	0.0041958
0.234071	0.0041561
0.234527	0.00411751
0.234984	0.00408017
0.235441	0.00404421
0.235899	0.00400971
0.236357	0.00397669
0.236817	0.00394512
0.237277	0.00391494
0.237738	0.00388612
0.238199	0.00385865
0.238662	0.00383252
0.239125	0.00380774
0.239589	0.00378426
0.240053	0.00376203
0.240519	0.00374097
0.240985	0.00372101
0.241451	0.00370206
0.241919	0.00368402
0.242387	0.00366681
0.242856	0.00365033
0.243326	0.00363448
0.243797	0.00361918
0.244268	0.00360434
0.24474	0.00358986
0.245213	0.00357568
0.245687	0.0035617
0.246161	0.00354786
0.246636	0.00353408
0.247112	0.00352031
0.247588	0.00350649
0.248066	0.00349257
0.248544	0.00347849
0.249023	0.00346423
0.249503	0.00344974
0.249983	0.003435
0.250464	0.00341999
0.250946	0.00340471
0.251429	0.00338914
0.251913	0.0033733
0.251913	0.0033733
0.252397	0.00335719
0.252882	0.00334084
0.253368	0.00332424
0.253855	0.00330736
0.254342	0.00329024
0.25483	0.00327293
0.255319	0.00325548
0.255809	0.00323794
0.2563	0.00322034
0.256791	0.0032027
0.257283	0.00318506
0.257776	0.00316743
0.25827	0.00314986
0.258764	0.00313237
0.259259	0.003115
0.259756	0.00309777
0.260252	0.00308073
0.26075	0.0030639
0.261249	0.00304731
0.261748	0.00303099
0.262248	0.00301496
0.262749	0.00299925
0.26325	0.00298388
0.263753	0.00296887
0.264256	0.00295422
0.26476	0.00293997
0.265265	0.00292611
0.265771	0.00291266
0.266277	0.00289962
0.266785	0.00288699
0.267293	0.00287478
0.267802	0.00286299
0.268312	0.00285161
0.268822	0.00284063
0.269334	0.00283006
0.269846	0.00281988
0.270359	0.00281008
0.270873	0.00280066
0.271388	0.00279159
0.271903	0.00278285
0.272419	0.00277441
0.272937	0.00276625
0.273455	0.00275835
0.273973	0.0027507
0.274493	0.00274329
0.275014	0.00273609
0.275535	0.0027291
0.276057	0.00272228
0.27658	0.00271562
0.277104	0.00270909
0.277629	0.00270267
0.278154	0.00269634
0.27868	0.00269009
0.279208	0.00268389
0.279736	0.00267774
0.280265	0.00267162
0.280794	0.00266552
0.281325	0.00265942
0.281856	0.00265333
0.282389	0.00264724
0.282922	0.00264113
0.283456	0.00263502
0.283991	0.00262889
0.284526	0.00262275
0.285063	0.0026166
0.2856	0.00261043
0.286139	0.00260424
0.286678	0.00259802
0.287218	0.00259179
0.287759	0.00258556
0.2883	0.00257934
0.288843	0.00257314
0.289386	0.00256696
0.289931	0.00256081
0.290476	0.00255469
0.291022	0.00254862
0.291569	0.0025426
0.292117	0.00253664
0.292666	0.00253073
0.292666	0.00253073
0.293215	0.00252488
0.293766	0.00251911
0.294317	0.0025134
0.294869	0.00250778
0.295422	0.00250223
0.295976	0.00249676
0.296531	0.00249137
0.297087	0.00248607
0.297644	0.00248085
0.298201	0.00247572
0.29876	0.00247067
0.299319	0.0024657
0.29988	0.00246081
0.300441	0.00245601
0.301003	0.00245128
0.301566	0.00244662
0.30213	0.00244204
0.302694	0.00243753
0.30326	0.00243308
0.303827	0.00242869
0.304394	0.00242437
0.304962	0.0024201
0.305532	0.00241588
0.306102	0.00241171
0.306673	0.00240759
0.307245	0.00240352
0.307818	0.00239948
0.308392	0.00239549
0.308967	0.00239154
0.309543	0.00238763
0.310119	0.00238375
0.310697	0.0023799
0.311275	0.00237609
0.311855	0.00237232
0.312435	0.00236858
0.313016	0.00236487
0.313598	0.00236119
0.314182	0.00235755
0.314766	0.00235394
0.315351	0.00235036
0.315937	0.00234681
0.316523	0.0023433
0.317111	0.00233981
0.3177	0.00233636
0.31829	0.00233293
0.31888	0.00232954
0.319472	0.00232618
0.320065	0.00232285
0.320658	0.00231954
0.321252	0.00231627
0.321848	0.00231303
0.322444	0.00230982
0.323042	0.00230664
0.32364	0.00230349
0.324239	0.00230037
0.324839	0.00229728
0.32544	0.00229422
0.326042	0.00229119
0.326646	0.00228819
0.32725	0.00228522
0.327855	0.00228227
0.328461	0.00227936
0.329067	0.00227647
0.329675	0.00227361
0.330284	0.00227077
0.330894	0.00226796
0.331505	0.00226518
0.332117	0.00226243
0.33273	0.0022597
0.333343	0.00225699
0.333958	0.00225431
0.334574	0.00225166
0.335191	0.00224903
0.335808	0.00224642
0.336427	0.00224384
0.337047	0.00224128
0.337667	0.00223875
0.338289	0.00223623
0.338912	0.00223374
0.339536	0.00223128
0.34016	0.00222883
0.340786	0.00222641
0.341413	0.00222401
0.34204	0.00222163
0.342669	0.00221928
0.343299	0.00221694
0.343929	0.00221462
0.344561	0.00221233
0.345194	0.00221005
0.345828	0.0022078
0.346462	0.00220556
0.347098	0.00220335
0.347735	0.00220115
0.348373	0.00219897
0.349012	0.00219682
0.349652	0.00219468
0.350292	0.00219255
0.350934	0.00219045
0.351577	0.00218837
0.352221	0.0021863
0.352866	0.00218425
0.353512	0.00218222
0.354159	0.00218021
0.354807	0.00217821
0.355457	0.00217623
0.356107	0.00217427
0.356758	0.00217233
0.35741	0.0021704
0.358064	0.00216849
0.358718	0.0021666
0.359373	0.00216472
0.36003	0.00216286
0.360687	0.00216102
0.361346	0.00215919
0.362006	0.00215738
0.362666	0.00215558
0.363328	0.0021538
0.363991	0.00215204
0.364655	0.00215029
0.36532	0.00214855
0.365986	0.00214683
0.366653	0.00214513
0.367321	0.00214344
0.36799	0.00214176
0.36866	0.0021401
0.369332	0.00213846
0.370004	0.00213683
0.370678	0.00213521
0.371352	0.00213361
0.372028	0.00213202
0.372704	0.00213044
0.373382	0.00212888
0.374061	0.00212733
0.374741	0.0021258
0.375422	0.00212428
0.376104	0.00212277
0.376788	0.00212128
0.377472	0.0021198
0.378158	0.00211833
0.378844	0.00211687
0.379532	0.00211543
0.380221	0.002114
0.38091	0.00211258
0.381601	0.00211117
0.382293	0.00210978
0.382987	0.0021084
0.383681	0.00210703
0.384376	0.00210567
0.385073	0.00210433
0.38577	0.00210299
0.386469	0.00210167
0.387169	0.00210036
0.38787	0.00209906
0.388572	0.00209777
0.389275	0.00209649
0.38998	0.00209523
0.390685	0.00209397
0.391392	0.00209273
0.3921	0.0020915
0.392809	0.00209027
0.393519	0.00208906
0.39423	0.00208786
0.394942	0.00208667
0.395655	0.0020855
0.39637	0.00208433
0.397086	0.00208317
0.397803	0.00208202
0.398521	0.00208088
0.39924	0.00207975
0.39996	0.00207864
0.400682	0.00207753
0.401404	0.00207643
0.402128	0.00207534
0.402853	0.00207426
0.403579	0.0020732
0.404306	0.00207214
0.405035	0.00207109
0.405765	0.00207005
0.406495	0.00206901
0.407227	0.00206799
0.40796	0.00206698
0.408695	0.00206598
0.40943	0.00206498
0.410167	0.002064
0.410905	0.00206302
0.411644	0.00206206
0.412384	0.0020611
0.413125	0.00206015
0.413868	0.00205921
0.414612	0.00205829
0.415357	0.00205737
0.416103	0.00205646
0.41685	0.00205557
0.417599	0.00205469
0.418348	0.00205382
0.419099	0.00205296
0.419851	0.00205212
0.420605	0.00205129
0.421359	0.00205047
0.422115	0.00204965
0.422872	0.00204885
0.42363	0.00204805
0.42439	0.00204726
0.42515	0.00204647
0.425912	0.00204568
0.426675	0.0020449
0.427439	0.00204412
0.428205	0.00204335
0.428972	0.00204257
0.42974	0.00204181
0.430509	0.00204105
0.431279	0.00204029
0.432051	0.00203954
0.432824	0.00203879
0.432824	0.00203879
0.433598	0.00203805
0.434373	0.00203732
0.43515	0.00203659
0.435928	0.00203587
0.436707	0.00203515
0.437487	0.00203444
0.438269	0.00203374
0.439052	0.00203305
0.439836	0.00203236
0.440621	0.00203167
0.441408	0.002031
0.442196	0.00203033
0.442985	0.00202966
0.443775	0.00202901
0.444567	0.00202836
0.44536	0.00202771
0.446154	0.00202707
0.446949	0.00202644
0.447746	0.00202582
0.448544	0.0020252
0.449343	0.00202458
0.450144	0.00202398
0.450946	0.00202338
0.451749	0.00202278
0.452554	0.00202219
0.453359	0.00202161
0.454166	0.00202103
0.454975	0.00202046
0.455784	0.00201989
0.456595	0.00201933
0.457407	0.00201878
0.458221	0.00201823
0.459036	0.00201768
0.459852	0.00201714
0.460669	0.00201661
0.461488	0.00201608
0.462308	0.00201556
0.463129	0.00201504
0.463952	0.00201453
0.464776	0.00201402
0.465601	0.00201352
0.466428	0.00201302
0.467256	0.00201253
0.468085	0.00201204
0.468916	0.00201156
0.469748	0.00201108
0.470581	0.00201061
0.471416	0.00201014
0.472252	0.00200968
0.473089	0.00200922
0.473928	0.00200877
0.474768	0.00200832
0.475609	0.00200788
0.476451	0.00200745
0.477296	0.00200702
0.478141	0.00200659
0.478988	0.00200617
0.479836	0.00200575
0.480685	0.00200533
0.481536	0.00200492
0.482388	0.00200451
0.483242	0.0020041
0.484096	0.0020037
0.484953	0.0020033
0.48581	0.0020029
0.486669	0.00200251
0.48753	0.00200212
0.488392	0.00200173
0.489255	0.00200134
0.490119	0.00200096
0.490985	0.00200058
0.491852	0.00200021
0.492721	0.00199984
0.493591	0.00199947
0.494463	0.0019991
0.495336	0.00199874
0.49621	0.00199839
0.497085	0.00199803
0.497963	0.00199768
0.498841	0.00199733
0.499721	0.00199699
0.500602	0.00199665
0.501485	0.00199631
0.502369	0.00199597
0.503255	0.00199564
0.504142	0.00199531
0.50503	0.00199499
0.50592	0.00199467
0.506811	0.00199435
0.507704	0.00199403
0.508598	0.00199372
0.509493	0.00199341
0.51039	0.0019931
0.511288	0.00199279
0.512188	0.00199249
0.51309	0.00199219
0.513992	0.0019919
0.514896	0.0019916
0.515802	0.00199131
0.516709	0.00199103
0.517618	0.00199074
0.518528	0.00199046
0.519439	0.00199018
0.520352	0.0019899
0.521266	0.00198963
0.522182	0.00198936
0.523099	0.00198909
0.524018	0.00198883
0.524938	0.00198856
0.52586	0.00198831
0.526783	0.00198805
0.527708	0.00198779
0.528634	0.00198754
0.529561	0.00198729
0.530491	0.00198705
0.531421	0.00198681
0.532353	0.00198657
0.533287	0.00198633
0.534222	0.0019861
0.535158	0.00198586
0.536096	0.00198564
0.537036	0.00198541
0.537977	0.00198519
0.53892	0.00198497
0.539864	0.00198475
0.540809	0.00198454
0.541757	0.00198433
0.542705	0.00198412
0.543655	0.00198391
0.544607	0.00198371
0.54556	0.00198352
0.546515	0.00198332
0.547471	0.00198313
0.548429	0.00198294
0.549388	0.00198276
0.550349	0.00198257
0.551311	0.0019824
0.552275	0.00198222
0.553241	0.00198205
0.554208	0.00198189
0.555176	0.00198173
0.556147	0.00198157
0.557118	0.00198142
0.558092	0.00198128
0.559066	0.00198114
0.560043	0.00198101
0.561021	0.00198088
0.562	0.00198075
0.562981	0.00198063
0.563964	0.00198051
0.564948	0.00198039
0.565934	0.00198027
0.566921	0.00198015
0.56791	0.00198004
0.568901	0.00197992
0.569893	0.0019798
0.570886	0.00197969
0.571882	0.00197957
0.572879	0.00197946
0.573877	0.00197936
0.574877	0.00197925
0.575879	0.00197916
0.576882	0.00197906
0.577887	0.00197897
0.578894	0.00197889
0.579902	0.00197882
0.580839	0.00197875
0.581777	0.0019787
0.582715	0.00197865
0.583652	0.00197861
0.583652	0.00197861
0.58459	0.00197858
0.585528	0.00197856
0.586465	0.00197855
0.587403	0.00197855
0.588341	0.00197856
0.589278	0.00197858
0.590216	0.0019786
0.591154	0.00197861
0.592091	0.00197862
0.593029	0.00197863
0.593966	0.00197862
0.594904	0.0019786
0.595842	0.00197856
0.596779	0.00197852
0.597717	0.00197847
0.598655	0.0019784
0.599592	0.00197834
0.60053	0.00197826
0.601468	0.00197819
0.602405	0.00197811
0.603343	0.00197803
0.60449	0.00197793
0.605638	0.00197784
0.606786	0.00197774
0.607933	0.00197764
0.609081	0.00197755
0.610228	0.00197746
0.611376	0.00197736
0.612523	0.00197727
0.613671	0.00197718
0.614818	0.00197709
0.615966	0.001977
0.617114	0.00197691
0.618261	0.00197682
0.619409	0.00197674
0.620556	0.00197665
0.621704	0.00197656
0.622851	0.00197647
0.623999	0.00197639
0.625146	0.0019763
0.626294	0.00197621
0.627441	0.00197612
0.628589	0.00197603
0.629737	0.00197594
0.630884	0.00197585
0.632032	0.00197576
0.633179	0.00197567
0.634327	0.00197558
0.635474	0.00197549
0.636622	0.00197539
0.637769	0.0019753
0.638917	0.00197521
0.640065	0.00197511
0.641212	0.00197502
0.64236	0.00197492
0.643507	0.00197482
0.644655	0.00197473
0.645802	0.00197463
0.64695	0.00197453
0.648097	0.00197444
0.649245	0.00197434
0.650392	0.00197424
0.65154	0.00197415
0.652688	0.00197405
0.653835	0.00197395
0.654983	0.00197386
0.65613	0.00197377
0.657278	0.00197367
0.658425	0.00197358
0.659573	0.00197349
0.66072	0.0019734
0.661868	0.00197331
0.663016	0.00197322
0.664163	0.00197313
0.665311	0.00197304
0.666458	0.00197296
0.667606	0.00197287
0.668753	0.00197279
0.669901	0.0019727
0.671048	0.00197262
0.672196	0.00197254
0.673343	0.00197246
0.674491	0.00197237
0.675639	0.0019723
0.676786	0.00197222
0.677934	0.00197214
0.679081	0.00197206
0.680229	0.00197199
0.681376	0.00197192
0.682524	0.00197184
0.683671	0.00197177
0.684819	0.0019717
0.685967	0.00197163
0.687114	0.00197156
0.688262	0.00197149
0.689409	0.00197142
0.690557	0.00197135
0.691704	0.00197128
0.692852	0.00197121
0.693999	0.00197114
0.695147	0.00197107
0.696294	0.00197101
0.697442	0.00197094
0.69859	0.00197087
0.699737	0.0019708
0.700885	0.00197074
0.702032	0.00197067
0.70318	0.00197061
0.704327	0.00197055
0.705475	0.00197049
0.706622	0.00197043
0.70777	0.00197037
0.708918	0.00197031
0.710065	0.00197026
0.711213	0.00197021
0.71236	0.00197016
0.713508	0.00197011
0.714655	0.00197006
0.715803	0.00197002
0.71695	0.00196998
0.718098	0.00196994
0.719245	0.00196991
0.720393	0.00196988
0.721541	0.00196986
0.722688	0.00196984
0.723836	0.00196982
0.724983	0.00196981
0.726131	0.00196981
0.727278	0.00196981
0.728426	0.00196982
0.729573	0.00196984
0.730721	0.00196987
0.731869	0.00196991
0.733016	0.00196996
0.734164	0.00197002
0.735311	0.0019701
0.736459	0.00197018
0.737606	0.00197029
0.738754	0.0019704
0.739901	0.00197054
0.741049	0.0019707
0.742197	0.00197087
0.743344	0.00197107
0.744492	0.00197129
0.745639	0.00197153
0.746787	0.0019718
0.747934	0.00197209
0.749082	0.00197241
0.750229	0.00197276
0.751377	0.00197312
0.752524	0.00197352
0.753672	0.00197393
0.75482	0.00197435
0.755967	0.00197477
0.757115	0.00197517
0.758262	0.00197553
0.75941	0.00197582
0.760557	0.00197603
0.761705	0.00197616
0.762279	0.00197622
0.762852	0.00197626
0.763139	0.00197628
0.763426	0.0019763
0.763713	0.00197631
0.764	0.00197633
)
