(title "Static Temperature")
(labels "Position" "Static Temperature")

((xy/key/label "axis")
-0.01	300.003
-0.00993696	300.001
-0.00987393	299.993
-0.00974786	299.957
-0.00962179	299.91
-0.00949571	299.856
-0.00936964	299.8
-0.00924357	299.745
-0.0091175	299.694
-0.00899143	299.648
-0.00886536	299.608
-0.00873929	299.574
-0.00861321	299.546
-0.00848714	299.523
-0.00836107	299.506
-0.008235	299.493
-0.00810893	299.484
-0.00798286	299.479
-0.00785679	299.478
-0.00773071	299.482
-0.00760464	299.49
-0.00747857	299.503
-0.0073525	299.522
-0.00722643	299.545
-0.00710036	299.574
-0.00697429	299.608
-0.00684821	299.648
-0.00672214	299.692
-0.00659607	299.741
-0.00647	299.793
-0.00633636	299.849
-0.00620273	299.902
-0.00606909	299.948
-0.00593545	299.981
-0.00580182	299.993
-0.00566818	299.981
-0.00553455	299.934
-0.00540091	299.845
-0.00526727	299.707
-0.00513364	299.514
-0.005	299.26
-0.00486636	298.942
-0.00473273	298.557
-0.00459909	298.104
-0.00446545	297.582
-0.00433182	296.992
-0.00419818	296.334
-0.00406455	295.61
-0.00393091	294.822
-0.00379727	293.971
-0.00366364	293.059
-0.00353	292.091
-0.00340393	291.125
-0.00327786	290.112
-0.00315179	289.054
-0.00302571	287.954
-0.00289964	286.815
-0.00277357	285.64
-0.0026475	284.433
-0.00252143	283.198
-0.00239536	281.938
-0.00226929	280.66
-0.00214321	279.367
-0.00201714	278.065
-0.00189107	276.76
-0.001765	275.459
-0.00163893	274.166
-0.00151286	272.89
-0.00138679	271.637
-0.00126071	270.416
-0.00113464	269.232
-0.00100857	268.096
-0.0008825	267.014
-0.000756428	265.996
-0.000630357	265.049
-0.000504286	264.183
-0.000378214	263.403
-0.000252143	262.716
-0.000126071	262.13
1.52316e-10	261.649
0.000138276	261.231
0.000276552	260.915
0.000414827	260.698
0.000553103	260.57
0.000691379	260.514
0.000829655	260.512
0.00096793	260.543
0.00110621	260.599
0.00124448	260.667
0.00138276	260.726
0.00152103	260.761
0.00165931	260.764
0.00179758	260.733
0.00193586	260.657
0.00207414	260.521
0.00221241	260.328
0.00235069	260.079
0.00248896	259.768
0.00262724	259.389
0.00276552	258.939
0.00290379	258.419
0.00304207	257.827
0.00318034	257.163
0.00331862	256.426
0.00345689	255.618
0.00359517	254.737
0.00373345	253.786
0.00387172	252.767
0.00401	251.68
0.00414827	250.522
0.00428655	249.294
0.00442482	248.004
0.0045631	246.655
0.00470138	245.249
0.00483965	243.791
0.00497793	242.293
0.0051162	240.758
0.00525448	239.192
0.00539275	237.601
0.00553103	235.997
0.00566931	234.394
0.00580758	232.807
0.00594586	231.255
0.00608413	229.759
0.00622241	228.343
0.00636068	227.035
0.00649896	225.861
0.00663724	224.844
0.00677551	223.998
0.00691379	223.32
0.00705206	222.786
0.00719034	222.353
0.00732861	221.961
0.00746689	221.549
0.00760517	221.059
0.00774344	220.447
0.00788172	219.69
0.00801999	218.786
0.00815827	217.755
0.00829654	216.626
0.00843482	215.436
0.0085731	214.217
0.00871137	212.996
0.00884965	211.792
0.00898792	210.615
0.0091262	209.468
0.0091262	209.468
0.00926447	208.35
0.00940275	207.257
0.00954103	206.182
0.0096793	205.12
0.00981758	204.065
0.00995585	203.012
0.0100941	201.959
0.0102324	200.903
0.0103707	199.844
0.010509	198.782
0.0106472	197.718
0.0107855	196.654
0.0109238	195.591
0.0110621	194.533
0.0112003	193.48
0.0113386	192.436
0.0114769	191.4
0.0116152	190.373
0.0117534	189.357
0.0118917	188.351
0.01203	187.354
0.0121683	186.365
0.0123065	185.384
0.0124448	184.41
0.0125831	183.443
0.0127214	182.484
0.0128596	181.534
0.0129979	180.595
0.0131362	179.669
0.0132745	178.76
0.0134127	177.869
0.013551	176.999
0.0136893	176.152
0.0138276	175.328
0.0139659	174.525
0.0141041	173.741
0.0142424	172.974
0.0143807	172.219
0.014519	171.47
0.0146572	170.725
0.0147955	169.977
0.0149338	169.224
0.0150721	168.464
0.0152103	167.694
0.0153486	166.916
0.0154869	166.13
0.0156252	165.34
0.0157634	164.547
0.0159017	163.756
0.01604	162.971
0.0161783	162.193
0.0163165	161.428
0.0164548	160.677
0.0165931	159.941
0.0167314	159.223
0.0168696	158.523
0.0170079	157.839
0.0171462	157.173
0.0172845	156.523
0.0174227	155.888
0.017561	155.266
0.0176993	154.657
0.0178376	154.06
0.0179758	153.473
0.0181141	152.895
0.0182524	152.327
0.0183907	151.767
0.0185289	151.214
0.0186672	150.669
0.0188055	150.13
0.0189438	149.598
0.0190821	149.072
0.0192203	148.551
0.0193586	148.036
0.0194969	147.525
0.0196352	147.019
0.0197734	146.518
0.0199117	146.021
0.02005	145.529
0.0201883	145.042
0.0203265	144.56
0.0204648	144.083
0.0206031	143.612
0.0207414	143.147
0.0208796	142.688
0.0210179	142.235
0.0211562	141.789
0.0212945	141.35
0.0214327	140.917
0.021571	140.491
0.0217093	140.071
0.0218476	139.657
0.0219858	139.249
0.0221241	138.846
0.0222624	138.448
0.0224007	138.054
0.0225389	137.665
0.0226772	137.279
0.0228155	136.897
0.0229538	136.519
0.0230921	136.144
0.0232303	135.774
0.0233686	135.407
0.0235069	135.046
0.0236452	134.689
0.0237834	134.338
0.0239217	133.993
0.02406	133.655
0.0241983	133.323
0.0243365	132.999
0.0244748	132.683
0.0246131	132.375
0.0247514	132.075
0.0248896	131.783
0.0250279	131.499
0.0251662	131.223
0.0253045	130.954
0.0254427	130.692
0.025581	130.436
0.0257193	130.185
0.0258576	129.94
0.0259958	129.699
0.0261341	129.463
0.0262724	129.229
0.0264107	128.998
0.0265489	128.771
0.0266872	128.545
0.0266872	128.545
0.0268255	128.322
0.0269638	128.101
0.027102	127.882
0.0272403	127.666
0.0273786	127.452
0.0275169	127.242
0.0276551	127.036
0.0277934	126.833
0.0279317	126.636
0.02807	126.443
0.0282083	126.255
0.0283465	126.073
0.0284848	125.898
0.0286231	125.728
0.0287614	125.566
0.0288996	125.409
0.0290379	125.26
0.0291762	125.117
0.0293145	124.981
0.0294527	124.851
0.029591	124.726
0.0297293	124.607
0.0298676	124.494
0.0300058	124.384
0.0301441	124.279
0.0302824	124.178
0.0304207	124.08
0.0305589	123.985
0.0306972	123.893
0.0308355	123.803
0.0309738	123.715
0.031112	123.629
0.0312503	123.545
0.0313886	123.464
0.0315269	123.385
0.0316651	123.308
0.0318034	123.233
0.0319417	123.162
0.03208	123.093
0.0322182	123.027
0.0323565	122.965
0.0324948	122.905
0.0326331	122.85
0.0327714	122.798
0.0329096	122.749
0.0330479	122.704
0.0331862	122.663
0.0333245	122.625
0.0334627	122.59
0.033601	122.558
0.0337393	122.53
0.0338776	122.504
0.0340158	122.48
0.0341541	122.457
0.0342924	122.436
0.0344307	122.415
0.0345689	122.394
0.0347072	122.373
0.0348455	122.353
0.0349838	122.331
0.035122	122.309
0.0352603	122.285
0.0353986	122.259
0.0355369	122.232
0.0356751	122.201
0.0358134	122.168
0.0359517	122.132
0.03609	122.093
0.0362282	122.05
0.0363665	122.004
0.0365048	121.953
0.0366431	121.898
0.0367813	121.839
0.0369196	121.775
0.0370579	121.707
0.0371962	121.633
0.0373344	121.555
0.0374727	121.471
0.037611	121.382
0.0377493	121.288
0.0378876	121.189
0.0380258	121.085
0.0381641	120.975
0.0383024	120.859
0.0384407	120.739
0.0385789	120.614
0.0387172	120.485
0.0388555	120.35
0.0389938	120.212
0.039132	120.069
0.0392703	119.923
0.0394086	119.773
0.0395469	119.621
0.0396851	119.465
0.0398234	119.307
0.0399617	119.146
0.0401	118.982
0.0402382	118.817
0.0403765	118.649
0.0405148	118.479
0.0406531	118.306
0.0407913	118.132
0.0409296	117.955
0.0410679	117.776
0.0412062	117.594
0.0413444	117.41
0.0414827	117.223
0.041621	117.034
0.0417684	116.83
0.0419161	116.622
0.042064	116.411
0.0422122	116.196
0.0423606	115.978
0.0425092	115.756
0.0426581	115.531
0.0428072	115.302
0.0429565	115.069
0.0431061	114.833
0.043256	114.594
0.043406	114.351
0.0435563	114.105
0.0437069	113.857
0.0438577	113.605
0.0440087	113.351
0.04416	113.094
0.0443115	112.835
0.0444632	112.573
0.0446152	112.31
0.0447675	112.044
0.0449199	111.777
0.0450727	111.508
0.0452257	111.238
0.0453789	110.966
0.0455323	110.692
0.045686	110.417
0.04584	110.141
0.0459942	109.864
0.0461487	109.585
0.0463034	109.305
0.0463034	109.305
0.0464583	109.024
0.0466135	108.741
0.0467689	108.458
0.0469246	108.173
0.0470806	107.887
0.0472368	107.599
0.0473932	107.311
0.0475499	107.022
0.0477068	106.732
0.047864	106.441
0.0480215	106.149
0.0481792	105.856
0.0483371	105.563
0.0484953	105.269
0.0486538	104.975
0.0488125	104.681
0.0489715	104.386
0.0491307	104.092
0.0492902	103.797
0.0494499	103.503
0.0496099	103.209
0.0497701	102.916
0.0499306	102.624
0.0500914	102.332
0.0502524	102.04
0.0504137	101.75
0.0505752	101.461
0.050737	101.173
0.050899	100.886
0.0510613	100.6
0.0512239	100.315
0.0513867	100.031
0.0515498	99.7492
0.0517132	99.4684
0.0518768	99.189
0.0520407	98.9111
0.0522048	98.6346
0.0523692	98.3597
0.0525339	98.0864
0.0526988	97.8148
0.052864	97.5449
0.0530294	97.2768
0.0531952	97.0106
0.0533612	96.7463
0.0535274	96.4841
0.0536939	96.2241
0.0538607	95.9664
0.0540278	95.7111
0.0541951	95.4583
0.0543627	95.2083
0.0545305	94.9612
0.0546987	94.7172
0.054867	94.4767
0.0550357	94.2398
0.0552046	94.0067
0.0553739	93.7777
0.0555433	93.5531
0.0557131	93.333
0.0558831	93.1181
0.0560534	92.9086
0.056224	92.7052
0.0563948	92.5094
0.0565659	92.322
0.0567373	92.1427
0.056909	91.9707
0.0570809	91.8065
0.0572531	91.6509
0.0574256	91.5056
0.0575983	91.3737
0.0577714	91.2598
0.0579447	91.1668
0.0581183	91.095
0.0582922	91.0448
0.0584663	91.0164
0.0586408	91.0067
0.0588155	91.0118
0.0589905	91.03
0.0591657	91.0614
0.0593413	91.1062
0.0595171	91.1647
0.0596932	91.2371
0.0598696	91.3238
0.0600463	91.4257
0.0602233	91.5431
0.0604005	91.6758
0.060578	91.8222
0.0607558	91.9804
0.0609339	92.1495
0.0611123	92.3291
0.061291	92.5192
0.0614699	92.7202
0.0616492	92.9326
0.0618287	93.1573
0.0620085	93.3952
0.0621886	93.6475
0.062369	93.9156
0.0625497	94.2014
0.0627307	94.508
0.062912	94.8389
0.0630935	95.1989
0.0632753	95.5931
0.0634575	96.0275
0.0636399	96.5084
0.0638226	97.043
0.0640056	97.6383
0.0641889	98.3016
0.0643725	99.0392
0.0645564	99.8563
0.0647406	100.762
0.0649251	101.773
0.0651099	102.886
0.065295	104.07
0.0654803	105.302
0.065666	106.568
0.0658519	107.852
0.0660382	109.133
0.0662248	110.398
0.0664116	111.625
0.0665988	112.789
0.0667862	113.888
0.066974	114.925
0.0671621	115.881
0.0673504	116.733
0.0673504	116.733
0.0675391	117.453
0.0677281	118.027
0.0679173	118.463
0.0681069	118.783
0.0682968	119.013
0.0684869	119.158
0.0686774	119.224
0.0688682	119.233
0.0690593	119.206
0.0692507	119.154
0.0694424	119.083
0.0696344	119
0.0698267	118.913
0.0700194	118.827
0.0702123	118.749
0.0704056	118.675
0.0705991	118.586
0.070793	118.487
0.0709872	118.426
0.0711816	118.421
0.0713765	118.45
0.0715716	118.506
0.071767	118.588
0.0719627	118.695
0.0721588	118.824
0.0723551	118.971
0.0725518	119.135
0.0727488	119.311
0.0729461	119.496
0.0731438	119.689
0.0733417	119.896
0.0735399	120.124
0.0737385	120.359
0.0739374	120.589
0.0741366	120.813
0.0743362	121.031
0.074536	121.236
0.0747362	121.429
0.0749367	121.608
0.0751375	121.774
0.0753386	121.924
0.0755401	122.057
0.0757419	122.171
0.075944	122.268
0.0761464	122.358
0.0763492	122.454
0.0765522	122.557
0.0767557	122.666
0.0769594	122.783
0.0771634	122.911
0.0773678	123.051
0.0775725	123.204
0.0777776	123.37
0.0779829	123.55
0.0781886	123.744
0.0783947	123.949
0.078601	124.16
0.0788077	124.374
0.0790147	124.587
0.0792221	124.793
0.0794297	124.992
0.0796377	125.183
0.0798461	125.362
0.0800548	125.527
0.0802638	125.68
0.0804731	125.816
0.0806828	125.932
0.0808928	126.023
0.0811032	126.09
0.0813139	126.135
0.0815249	126.164
0.0817363	126.18
0.081948	126.186
0.08216	126.186
0.0823724	126.181
0.0825851	126.173
0.0827982	126.162
0.0830116	126.15
0.0832254	126.136
0.0834395	126.122
0.0836539	126.105
0.0838687	126.088
0.0840838	126.067
0.0842993	126.045
0.0845151	126.018
0.0847313	125.987
0.0849478	125.951
0.0851646	125.91
0.0853818	125.863
0.0855994	125.807
0.0858172	125.741
0.0860355	125.663
0.0862541	125.571
0.086473	125.461
0.0866923	125.332
0.086912	125.182
0.087132	125.01
0.0873523	124.819
0.087573	124.618
0.0877941	124.408
0.0880155	124.193
0.0882373	123.975
0.0884594	123.757
0.0886819	123.539
0.0889047	123.323
0.0891279	123.107
0.0893514	122.891
0.0895753	122.674
0.0897996	122.454
0.0900242	122.229
0.0902492	121.997
0.0904746	121.755
0.0907003	121.502
0.0909263	121.237
0.0911528	120.96
0.0913796	120.668
0.0916067	120.364
0.0918342	120.048
0.0920621	119.72
0.0922904	119.382
0.092519	119.035
0.092748	118.681
0.0929773	118.321
0.093207	117.957
0.0934371	117.588
0.0936676	117.217
0.0938984	116.842
0.0941296	116.466
0.0943611	116.086
0.0945931	115.703
0.0948254	115.318
0.095058	114.928
0.095058	114.928
0.0952911	114.533
0.0955245	114.134
0.0957583	113.73
0.0959925	113.319
0.096227	112.904
0.0964619	112.482
0.0966972	112.054
0.0969329	111.621
0.097169	111.182
0.0974054	110.738
0.0976422	110.289
0.0978794	109.836
0.098117	109.377
0.0983549	108.913
0.0985932	108.445
0.0988319	107.971
0.099071	107.492
0.0993105	107.007
0.0995504	106.516
0.0997906	106.018
0.100031	105.514
0.100272	105.003
0.100514	104.485
0.100755	103.96
0.100998	103.429
0.10124	102.891
0.101483	102.348
0.101726	101.8
0.10197	101.248
0.102214	100.695
0.102459	100.139
0.102704	99.5846
0.102949	99.032
0.103195	98.4835
0.103441	97.9408
0.103687	97.4056
0.103934	96.8796
0.104181	96.3649
0.104429	95.8635
0.104677	95.3775
0.104926	94.9087
0.105174	94.4584
0.105424	94.0289
0.105673	93.6217
0.105923	93.2397
0.106174	92.8868
0.106425	92.5632
0.106676	92.2688
0.106928	92.0062
0.10718	91.7797
0.107432	91.6041
0.107685	91.5038
0.107938	91.4791
0.108192	91.5062
0.108446	91.5733
0.108701	91.6826
0.108956	91.84
0.109211	92.0535
0.109467	92.3321
0.109723	92.6834
0.109979	93.1126
0.110236	93.6235
0.110494	94.2189
0.110751	94.9124
0.111009	95.7284
0.111268	96.6431
0.111527	97.6067
0.111787	98.5967
0.112046	99.594
0.112307	100.578
0.112567	101.531
0.112828	102.44
0.11309	103.289
0.113352	104.063
0.113614	104.763
0.113877	105.389
0.11414	105.939
0.114404	106.413
0.114668	106.811
0.114932	107.152
0.115197	107.473
0.115462	107.783
0.115728	108.083
0.115994	108.384
0.116261	108.693
0.116528	109.018
0.116795	109.361
0.117063	109.724
0.117332	110.106
0.1176	110.503
0.117869	110.911
0.118139	111.326
0.118409	111.744
0.11868	112.161
0.11895	112.575
0.119222	112.984
0.119494	113.39
0.119766	113.793
0.120038	114.197
0.120311	114.604
0.120585	115.019
0.120859	115.444
0.121133	115.881
0.121408	116.33
0.121683	116.791
0.121959	117.26
0.122235	117.735
0.122512	118.211
0.122789	118.683
0.123066	119.147
0.123344	119.599
0.123623	120.034
0.123901	120.452
0.124181	120.85
0.12446	121.23
0.12474	121.592
0.125021	121.938
0.125302	122.271
0.125584	122.594
0.125866	122.908
0.126148	123.214
0.126431	123.513
0.126714	123.803
0.126998	124.084
0.126998	124.084
0.127282	124.353
0.127567	124.607
0.127852	124.843
0.128137	125.06
0.128423	125.257
0.12871	125.432
0.128997	125.587
0.129284	125.721
0.129572	125.837
0.129861	125.937
0.130149	126.024
0.130439	126.094
0.130728	126.146
0.131019	126.183
0.131309	126.203
0.1316	126.205
0.131892	126.193
0.132184	126.166
0.132476	126.125
0.132769	126.067
0.133063	125.99
0.133357	125.889
0.133651	125.76
0.133946	125.6
0.134241	125.405
0.134537	125.181
0.134834	124.935
0.13513	124.672
0.135428	124.396
0.135725	124.111
0.136023	123.818
0.136322	123.519
0.136621	123.214
0.136921	122.9
0.137221	122.577
0.137522	122.242
0.137823	121.893
0.138124	121.531
0.138426	121.155
0.138729	120.766
0.139032	120.366
0.139335	119.956
0.139639	119.54
0.139944	119.119
0.140249	118.695
0.140554	118.271
0.14086	117.845
0.141166	117.42
0.141473	116.993
0.141781	116.564
0.142089	116.132
0.142397	115.694
0.142706	115.25
0.143015	114.798
0.143325	114.337
0.143636	113.867
0.143946	113.388
0.144258	112.901
0.14457	112.405
0.144882	111.903
0.145195	111.395
0.145508	110.882
0.145822	110.366
0.146137	109.848
0.146451	109.329
0.146767	108.811
0.147083	108.293
0.147399	107.777
0.147716	107.263
0.148033	106.754
0.148351	106.249
0.14867	105.75
0.148989	105.258
0.149308	104.775
0.149628	104.301
0.149948	103.839
0.150269	103.39
0.150591	102.955
0.150913	102.536
0.151235	102.133
0.151559	101.749
0.151882	101.384
0.152206	101.04
0.152531	100.718
0.152856	100.418
0.153181	100.142
0.153508	99.8891
0.153834	99.6618
0.154162	99.4634
0.154489	99.2951
0.154818	99.1548
0.155146	99.0392
0.155476	98.9625
0.155805	98.9408
0.156136	98.9574
0.156467	98.9953
0.156798	99.0561
0.15713	99.1444
0.157463	99.2653
0.157796	99.4242
0.158129	99.6267
0.158463	99.8823
0.158798	100.201
0.159133	100.578
0.159469	101.004
0.159805	101.468
0.160142	101.967
0.160479	102.495
0.160817	103.049
0.161155	103.626
0.161494	104.225
0.161834	104.847
0.162174	105.494
0.162514	106.166
0.162855	106.864
0.163197	107.588
0.163539	108.334
0.163882	109.101
0.164225	109.882
0.164569	110.671
0.164913	111.461
0.165258	112.246
0.165604	113.017
0.16595	113.771
0.166297	114.502
0.166644	115.209
0.166991	115.89
0.16734	116.544
0.167689	117.174
0.168038	117.779
0.168388	118.358
0.168738	118.912
0.16909	119.438
0.169441	119.932
0.169793	120.393
0.170146	120.816
0.170499	121.2
0.170853	121.543
0.171208	121.846
0.171563	122.11
0.171918	122.337
0.172275	122.533
0.172631	122.699
0.172989	122.838
0.173347	122.946
0.173705	123.027
0.174064	123.071
0.174424	123.076
0.174784	123.06
0.175145	123.025
0.175506	122.97
0.175868	122.89
0.17623	122.777
0.17623	122.777
0.176594	122.623
0.176957	122.428
0.177321	122.204
0.177686	121.959
0.178052	121.699
0.178418	121.43
0.178784	121.158
0.179151	120.883
0.179519	120.606
0.179888	120.324
0.180256	120.034
0.180626	119.733
0.180996	119.42
0.181367	119.095
0.181738	118.758
0.18211	118.414
0.182483	118.064
0.182856	117.713
0.183229	117.362
0.183604	117.014
0.183979	116.668
0.184354	116.325
0.18473	115.983
0.185107	115.639
0.185484	115.292
0.185862	114.941
0.186241	114.585
0.18662	114.224
0.186999	113.86
0.18738	113.495
0.187761	113.13
0.188142	112.768
0.188524	112.41
0.188907	112.057
0.189291	111.71
0.189675	111.37
0.190059	111.034
0.190444	110.705
0.19083	110.38
0.191217	110.06
0.191604	109.744
0.191992	109.434
0.19238	109.13
0.192769	108.835
0.193158	108.548
0.193549	108.274
0.193939	108.012
0.194331	107.766
0.194723	107.537
0.195116	107.326
0.195509	107.136
0.195903	106.966
0.196298	106.817
0.196693	106.691
0.197089	106.589
0.197485	106.512
0.197882	106.454
0.19828	106.431
0.198678	106.442
0.199077	106.468
0.199477	106.513
0.199877	106.581
0.200278	106.683
0.20068	106.83
0.201082	107.024
0.201485	107.256
0.201889	107.521
0.202293	107.813
0.202698	108.128
0.203103	108.465
0.203509	108.822
0.203916	109.199
0.204324	109.597
0.204732	110.017
0.20514	110.457
0.20555	110.914
0.20596	111.385
0.20637	111.865
0.206782	112.351
0.207194	112.839
0.207607	113.325
0.20802	113.804
0.208434	114.272
0.208849	114.721
0.209264	115.146
0.20968	115.542
0.210097	115.911
0.210514	116.255
0.210932	116.578
0.211351	116.882
0.21177	117.169
0.21219	117.434
0.212611	117.674
0.213032	117.876
0.213454	118.034
0.213877	118.156
0.2143	118.253
0.214724	118.328
0.215149	118.387
0.215574	118.44
0.216	118.489
0.216427	118.532
0.216855	118.564
0.217283	118.58
0.217712	118.577
0.218141	118.558
0.218571	118.529
0.219002	118.495
0.219434	118.46
0.219866	118.429
0.220299	118.407
0.220733	118.395
0.221167	118.394
0.221602	118.404
0.222038	118.426
0.222475	118.461
0.222912	118.512
0.22335	118.581
0.223788	118.671
0.224227	118.786
0.224667	118.93
0.225108	119.106
0.225549	119.317
0.225992	119.565
0.226434	119.852
0.226878	120.179
0.227322	120.548
0.227767	120.961
0.228213	121.419
0.228659	121.923
0.229106	122.474
0.229554	123.072
0.230002	123.718
0.230452	124.41
0.230902	125.149
0.231352	125.933
0.231804	126.76
0.232256	127.629
0.232708	128.538
0.233162	129.487
0.233616	130.471
0.234071	131.486
0.234527	132.529
0.234984	133.6
0.235441	134.697
0.235899	135.816
0.236357	136.955
0.236817	138.111
0.237277	139.282
0.237738	140.469
0.238199	141.669
0.238662	142.882
0.239125	144.107
0.239589	145.34
0.240053	146.581
0.240519	147.827
0.240985	149.076
0.241451	150.327
0.241919	151.579
0.242387	152.829
0.242856	154.077
0.243326	155.321
0.243797	156.559
0.244268	157.789
0.24474	159.009
0.245213	160.218
0.245687	161.414
0.246161	162.596
0.246636	163.763
0.247112	164.912
0.247588	166.043
0.248066	167.155
0.248544	168.246
0.249023	169.317
0.249503	170.366
0.249983	171.393
0.250464	172.398
0.250946	173.379
0.251429	174.337
0.251913	175.272
0.251913	175.272
0.252397	176.185
0.252882	177.076
0.253368	177.947
0.253855	178.796
0.254342	179.623
0.25483	180.431
0.255319	181.22
0.255809	181.991
0.2563	182.745
0.256791	183.483
0.257283	184.205
0.257776	184.914
0.25827	185.609
0.258764	186.292
0.259259	186.964
0.259756	187.627
0.260252	188.281
0.26075	188.928
0.261249	189.568
0.261748	190.202
0.262248	190.832
0.262749	191.459
0.26325	192.083
0.263753	192.705
0.264256	193.325
0.26476	193.946
0.265265	194.566
0.265771	195.187
0.266277	195.808
0.266785	196.432
0.267293	197.056
0.267802	197.683
0.268312	198.311
0.268822	198.941
0.269334	199.574
0.269846	200.208
0.270359	200.844
0.270873	201.481
0.271388	202.119
0.271903	202.757
0.272419	203.395
0.272937	204.032
0.273455	204.67
0.273973	205.307
0.274493	205.943
0.275014	206.576
0.275535	207.207
0.276057	207.834
0.27658	208.457
0.277104	209.076
0.277629	209.69
0.278154	210.299
0.27868	210.901
0.279208	211.498
0.279736	212.088
0.280265	212.671
0.280794	213.247
0.281325	213.816
0.281856	214.378
0.282389	214.932
0.282922	215.478
0.283456	216.018
0.283991	216.55
0.284526	217.074
0.285063	217.592
0.2856	218.103
0.286139	218.607
0.286678	219.105
0.287218	219.596
0.287759	220.082
0.2883	220.562
0.288843	221.037
0.289386	221.507
0.289931	221.973
0.290476	222.434
0.291022	222.891
0.291569	223.344
0.292117	223.793
0.292666	224.239
0.292666	224.239
0.293215	224.682
0.293766	225.123
0.294317	225.56
0.294869	225.995
0.295422	226.428
0.295976	226.858
0.296531	227.286
0.297087	227.713
0.297644	228.137
0.298201	228.558
0.29876	228.978
0.299319	229.396
0.29988	229.812
0.300441	230.225
0.301003	230.637
0.301566	231.046
0.30213	231.453
0.302694	231.857
0.30326	232.259
0.303827	232.659
0.304394	233.056
0.304962	233.45
0.305532	233.842
0.306102	234.231
0.306673	234.617
0.307245	235.001
0.307818	235.381
0.308392	235.759
0.308967	236.134
0.309543	236.506
0.310119	236.875
0.310697	237.241
0.311275	237.605
0.311855	237.966
0.312435	238.324
0.313016	238.679
0.313598	239.032
0.314182	239.382
0.314766	239.729
0.315351	240.074
0.315937	240.416
0.316523	240.755
0.317111	241.092
0.3177	241.427
0.31829	241.759
0.31888	242.089
0.319472	242.416
0.320065	242.741
0.320658	243.063
0.321252	243.384
0.321848	243.702
0.322444	244.018
0.323042	244.332
0.32364	244.643
0.324239	244.953
0.324839	245.26
0.32544	245.565
0.326042	245.869
0.326646	246.17
0.32725	246.469
0.327855	246.766
0.328461	247.061
0.329067	247.354
0.329675	247.646
0.330284	247.935
0.330894	248.222
0.331505	248.507
0.332117	248.791
0.33273	249.072
0.333343	249.352
0.333958	249.63
0.334574	249.906
0.335191	250.18
0.335808	250.452
0.336427	250.722
0.337047	250.991
0.337667	251.258
0.338289	251.522
0.338912	251.786
0.339536	252.047
0.34016	252.307
0.340786	252.565
0.341413	252.821
0.34204	253.076
0.342669	253.328
0.343299	253.58
0.343929	253.829
0.344561	254.077
0.345194	254.323
0.345828	254.568
0.346462	254.811
0.347098	255.052
0.347735	255.292
0.348373	255.53
0.349012	255.766
0.349652	256.002
0.350292	256.235
0.350934	256.467
0.351577	256.698
0.352221	256.927
0.352866	257.155
0.353512	257.381
0.354159	257.606
0.354807	257.829
0.355457	258.051
0.356107	258.271
0.356758	258.491
0.35741	258.708
0.358064	258.925
0.358718	259.14
0.359373	259.354
0.36003	259.566
0.360687	259.777
0.361346	259.987
0.362006	260.195
0.362666	260.402
0.363328	260.608
0.363991	260.813
0.364655	261.016
0.36532	261.218
0.365986	261.419
0.366653	261.619
0.367321	261.817
0.36799	262.014
0.36866	262.21
0.369332	262.405
0.370004	262.599
0.370678	262.791
0.371352	262.983
0.372028	263.173
0.372704	263.362
0.373382	263.55
0.374061	263.737
0.374741	263.923
0.375422	264.107
0.376104	264.291
0.376788	264.473
0.377472	264.655
0.378158	264.835
0.378844	265.015
0.379532	265.193
0.380221	265.37
0.38091	265.546
0.381601	265.722
0.382293	265.896
0.382987	266.069
0.383681	266.242
0.384376	266.413
0.385073	266.583
0.38577	266.753
0.386469	266.921
0.387169	267.089
0.38787	267.256
0.388572	267.422
0.389275	267.586
0.38998	267.75
0.390685	267.913
0.391392	268.076
0.3921	268.237
0.392809	268.398
0.393519	268.557
0.39423	268.716
0.394942	268.874
0.395655	269.031
0.39637	269.187
0.397086	269.343
0.397803	269.497
0.398521	269.651
0.39924	269.804
0.39996	269.957
0.400682	270.108
0.401404	270.259
0.402128	270.409
0.402853	270.558
0.403579	270.707
0.404306	270.855
0.405035	271.002
0.405765	271.148
0.406495	271.293
0.407227	271.438
0.40796	271.582
0.408695	271.726
0.40943	271.868
0.410167	272.01
0.410905	272.152
0.411644	272.292
0.412384	272.432
0.413125	272.571
0.413868	272.709
0.414612	272.847
0.415357	272.983
0.416103	273.119
0.41685	273.254
0.417599	273.387
0.418348	273.52
0.419099	273.652
0.419851	273.783
0.420605	273.914
0.421359	274.043
0.422115	274.172
0.422872	274.3
0.42363	274.428
0.42439	274.555
0.42515	274.682
0.425912	274.809
0.426675	274.935
0.427439	275.061
0.428205	275.187
0.428972	275.313
0.42974	275.438
0.430509	275.564
0.431279	275.689
0.432051	275.814
0.432824	275.938
0.432824	275.938
0.433598	276.063
0.434373	276.187
0.43515	276.311
0.435928	276.434
0.436707	276.557
0.437487	276.68
0.438269	276.802
0.439052	276.924
0.439836	277.046
0.440621	277.167
0.441408	277.288
0.442196	277.408
0.442985	277.528
0.443775	277.648
0.444567	277.767
0.44536	277.886
0.446154	278.005
0.446949	278.123
0.447746	278.24
0.448544	278.358
0.449343	278.475
0.450144	278.591
0.450946	278.708
0.451749	278.824
0.452554	278.939
0.453359	279.054
0.454166	279.169
0.454975	279.284
0.455784	279.398
0.456595	279.512
0.457407	279.625
0.458221	279.738
0.459036	279.851
0.459852	279.964
0.460669	280.076
0.461488	280.188
0.462308	280.299
0.463129	280.41
0.463952	280.521
0.464776	280.632
0.465601	280.742
0.466428	280.852
0.467256	280.962
0.468085	281.071
0.468916	281.18
0.469748	281.289
0.470581	281.397
0.471416	281.505
0.472252	281.613
0.473089	281.72
0.473928	281.827
0.474768	281.934
0.475609	282.04
0.476451	282.146
0.477296	282.251
0.478141	282.356
0.478988	282.461
0.479836	282.566
0.480685	282.671
0.481536	282.775
0.482388	282.879
0.483242	282.983
0.484096	283.087
0.484953	283.191
0.48581	283.295
0.486669	283.398
0.48753	283.501
0.488392	283.604
0.489255	283.707
0.490119	283.809
0.490985	283.912
0.491852	284.014
0.492721	284.116
0.493591	284.217
0.494463	284.319
0.495336	284.42
0.49621	284.521
0.497085	284.621
0.497963	284.722
0.498841	284.822
0.499721	284.922
0.500602	285.022
0.501485	285.121
0.502369	285.22
0.503255	285.319
0.504142	285.418
0.50503	285.517
0.50592	285.615
0.506811	285.713
0.507704	285.811
0.508598	285.909
0.509493	286.006
0.51039	286.103
0.511288	286.2
0.512188	286.297
0.51309	286.393
0.513992	286.489
0.514896	286.585
0.515802	286.681
0.516709	286.776
0.517618	286.872
0.518528	286.967
0.519439	287.061
0.520352	287.156
0.521266	287.25
0.522182	287.344
0.523099	287.438
0.524018	287.532
0.524938	287.625
0.52586	287.718
0.526783	287.811
0.527708	287.904
0.528634	287.996
0.529561	288.089
0.530491	288.181
0.531421	288.272
0.532353	288.364
0.533287	288.455
0.534222	288.546
0.535158	288.637
0.536096	288.727
0.537036	288.817
0.537977	288.907
0.53892	288.997
0.539864	289.087
0.540809	289.176
0.541757	289.265
0.542705	289.354
0.543655	289.442
0.544607	289.53
0.54556	289.618
0.546515	289.706
0.547471	289.793
0.548429	289.88
0.549388	289.967
0.550349	290.053
0.551311	290.139
0.552275	290.224
0.553241	290.31
0.554208	290.394
0.555176	290.478
0.556147	290.562
0.557118	290.645
0.558092	290.727
0.559066	290.809
0.560043	290.891
0.561021	290.971
0.562	291.052
0.562981	291.132
0.563964	291.212
0.564948	291.292
0.565934	291.372
0.566921	291.453
0.56791	291.533
0.568901	291.613
0.569893	291.693
0.570886	291.773
0.571882	291.853
0.572879	291.933
0.573877	292.012
0.574877	292.09
0.575879	292.168
0.576882	292.246
0.577887	292.322
0.578894	292.398
0.579902	292.472
0.580839	292.541
0.581777	292.608
0.582715	292.674
0.583652	292.738
0.583652	292.738
0.58459	292.801
0.585528	292.862
0.586465	292.922
0.587403	292.98
0.588341	293.037
0.589278	293.092
0.590216	293.148
0.591154	293.203
0.592091	293.259
0.593029	293.316
0.593966	293.375
0.594904	293.435
0.595842	293.497
0.596779	293.559
0.597717	293.623
0.598655	293.687
0.599592	293.752
0.60053	293.817
0.601468	293.881
0.602405	293.946
0.603343	294.01
0.60449	294.089
0.605638	294.166
0.606786	294.243
0.607933	294.319
0.609081	294.395
0.610228	294.469
0.611376	294.542
0.612523	294.614
0.613671	294.686
0.614818	294.756
0.615966	294.826
0.617114	294.894
0.618261	294.962
0.619409	295.028
0.620556	295.094
0.621704	295.158
0.622851	295.222
0.623999	295.285
0.625146	295.346
0.626294	295.407
0.627441	295.467
0.628589	295.526
0.629737	295.584
0.630884	295.641
0.632032	295.697
0.633179	295.752
0.634327	295.806
0.635474	295.859
0.636622	295.911
0.637769	295.963
0.638917	296.013
0.640065	296.063
0.641212	296.111
0.64236	296.159
0.643507	296.205
0.644655	296.251
0.645802	296.296
0.64695	296.34
0.648097	296.383
0.649245	296.425
0.650392	296.466
0.65154	296.506
0.652688	296.545
0.653835	296.583
0.654983	296.621
0.65613	296.657
0.657278	296.693
0.658425	296.727
0.659573	296.761
0.66072	296.794
0.661868	296.825
0.663016	296.856
0.664163	296.886
0.665311	296.916
0.666458	296.944
0.667606	296.972
0.668753	296.998
0.669901	297.024
0.671048	297.049
0.672196	297.073
0.673343	297.097
0.674491	297.119
0.675639	297.141
0.676786	297.162
0.677934	297.182
0.679081	297.202
0.680229	297.221
0.681376	297.239
0.682524	297.257
0.683671	297.274
0.684819	297.29
0.685967	297.306
0.687114	297.322
0.688262	297.337
0.689409	297.351
0.690557	297.365
0.691704	297.378
0.692852	297.392
0.693999	297.404
0.695147	297.417
0.696294	297.429
0.697442	297.441
0.69859	297.452
0.699737	297.463
0.700885	297.474
0.702032	297.485
0.70318	297.495
0.704327	297.505
0.705475	297.514
0.706622	297.523
0.70777	297.532
0.708918	297.541
0.710065	297.549
0.711213	297.557
0.71236	297.565
0.713508	297.573
0.714655	297.58
0.715803	297.587
0.71695	297.594
0.718098	297.601
0.719245	297.608
0.720393	297.615
0.721541	297.621
0.722688	297.627
0.723836	297.633
0.724983	297.639
0.726131	297.645
0.727278	297.651
0.728426	297.657
0.729573	297.662
0.730721	297.668
0.731869	297.673
0.733016	297.678
0.734164	297.684
0.735311	297.689
0.736459	297.694
0.737606	297.699
0.738754	297.703
0.739901	297.708
0.741049	297.713
0.742197	297.717
0.743344	297.722
0.744492	297.726
0.745639	297.73
0.746787	297.733
0.747934	297.737
0.749082	297.74
0.750229	297.743
0.751377	297.745
0.752524	297.747
0.753672	297.748
0.75482	297.749
0.755967	297.748
0.757115	297.746
0.758262	297.742
0.75941	297.734
0.760557	297.724
0.761705	297.713
0.762279	297.708
0.762852	297.705
0.763139	297.704
0.763426	297.703
0.763713	297.702
0.764	297.702
)
