"max-mach"
"Iteration" "max-mach"
("Iteration" "max-mach")
1 3.303739547729492
2 3.291712760925293
3 3.20082426071167
4 3.272648334503174
5 3.362134218215942
6 3.572340726852417
7 3.686794757843018
8 3.841150999069214
9 3.922520399093628
10 4.086558818817139
11 4.072821617126465
12 4.044055461883545
13 3.997514724731445
14 4.042215824127197
15 4.151320934295654
16 4.238358974456787
17 4.322188854217529
18 4.40467643737793
19 4.458715438842773
20 4.451156616210938
21 4.396434307098389
22 4.318386554718018
23 4.227968692779541
24 4.128340244293213
25 4.027980804443359
26 3.935446977615356
27 3.847173929214478
28 3.763308048248291
29 3.740372180938721
30 3.740710735321045
31 3.743569374084473
32 3.742921590805054
33 3.758205652236938
34 3.7425377368927
35 3.718476057052612
36 3.690889358520508
37 3.663138628005981
38 3.631610870361328
39 3.607308864593506
40 3.606239557266235
41 3.606451272964478
42 3.605726957321167
43 3.599699258804321
44 3.586865663528442
45 3.566098690032959
46 3.539019584655762
47 3.50768256187439
48 3.476768016815186
49 3.447880506515503
50 3.420395374298096
51 3.393755912780762
52 3.370348215103149
53 3.363548040390015
54 3.363038063049316
55 3.362625360488892
56 3.363517284393311
57 3.365438461303711
58 3.367773294448853
59 3.369797229766846
60 3.371870279312134
61 3.374602079391479
62 3.376696109771729
63 3.378199815750122
64 3.379648447036743
65 3.380816221237183
66 3.380384206771851
67 3.382764577865601
68 3.389910697937012
69 3.392605543136597
70 3.396175384521484
71 3.39966607093811
72 3.402538299560547
73 3.402077913284302
74 3.405293941497803
75 3.406863927841187
76 3.40711236000061
77 3.406442403793335
78 3.408938646316528
79 3.403939008712769
80 3.400677442550659
81 3.397588491439819
82 3.39410400390625
83 3.390961647033691
84 3.386636734008789
85 3.38185977935791
86 3.376947641372681
87 3.371825218200684
88 3.366145372390747
89 3.361053466796875
90 3.355697154998779
91 3.354992866516113
92 3.361315727233887
93 3.367229700088501
94 3.372379779815674
95 3.376633882522583
96 3.37979793548584
97 3.383476734161377
98 3.389068365097046
99 3.39421010017395
100 3.398764848709106
101 3.402224063873291
102 3.406092643737793
103 3.409144401550293
104 3.411403179168701
105 3.412964582443237
106 3.414006233215332
107 3.41459321975708
108 3.41463303565979
109 3.41420578956604
110 3.413347721099854
111 3.412236928939819
112 3.410823822021484
113 3.408972024917603
114 3.406872987747192
115 3.404594659805298
116 3.402036666870117
117 3.399423599243164
118 3.396631717681885
119 3.3936927318573
120 3.390628337860107
121 3.387632369995117
122 3.384594202041626
123 3.381598472595215
124 3.378710508346558
125 3.380350828170776
126 3.381735801696777
127 3.381383657455444
128 3.380162954330444
129 3.377440690994263
130 3.373615741729736
131 3.370296478271484
132 3.371435403823853
133 3.373902797698975
134 3.375933170318604
135 3.377780675888062
136 3.379754543304443
137 3.381866216659546
138 3.384037017822266
139 3.3862624168396
140 3.388551473617554
141 3.390801906585693
142 3.392967462539673
143 3.395068883895874
144 3.397107601165771
145 3.398929119110107
146 3.400525569915771
147 3.401020526885986
148 3.402696847915649
149 3.40379810333252
150 3.404210567474365
151 3.404433727264404
152 3.404099464416504
153 3.403587102890015
154 3.402075529098511
155 3.401180267333984
156 3.399802684783936
157 3.3980553150177
158 3.39610767364502
159 3.393979072570801
160 3.391553401947021
161 3.388839721679688
162 3.386538982391357
163 3.384106636047363
164 3.38174843788147
165 3.379585742950439
166 3.377821683883667
167 3.376582860946655
168 3.375819206237793
169 3.37571907043457
170 3.376251697540283
171 3.377230167388916
172 3.378570556640625
173 3.380105018615723
174 3.381723403930664
175 3.383318662643433
176 3.384804725646973
177 3.386039733886719
178 3.387085199356079
179 3.387994527816772
180 3.388747215270996
181 3.389339923858643
182 3.389778614044189
183 3.390098333358765
184 3.390335559844971
185 3.390436172485352
186 3.390409231185913
187 3.390538454055786
188 3.391070604324341
189 3.391295194625854
190 3.391238927841187
191 3.391003847122192
192 3.390836954116821
193 3.390842199325562
194 3.390778303146362
195 3.390654325485229
196 3.390444755554199
197 3.390124559402466
198 3.390006065368652
199 3.389587163925171
200 3.388782024383545
201 3.387510538101196
202 3.386006116867065
203 3.385813474655151
204 3.385700941085815
205 3.385618686676025
206 3.385562658309937
207 3.385529518127441
208 3.385515689849854
209 3.385517835617065
210 3.38553261756897
211 3.385556697845459
212 3.385587453842163
213 3.385630369186401
214 3.385678291320801
215 3.385728359222412
216 3.385779857635498
217 3.385833024978638
218 3.38588285446167
219 3.385919094085693
220 3.385990142822266
221 3.386052131652832
222 3.386113166809082
223 3.386177539825439
224 3.386090993881226
225 3.386259078979492
226 3.386363744735718
227 3.386456251144409
228 3.387306451797485
229 3.387742280960083
230 3.387865781784058
231 3.387613773345947
232 3.387037515640259
233 3.386733293533325
234 3.386768579483032
235 3.38679575920105
236 3.386818647384644
237 3.386800050735474
238 3.386815547943115
239 3.38681435585022
240 3.386800765991211
241 3.386777877807617
242 3.386742115020752
243 3.386708736419678
244 3.386749267578125
245 3.386646509170532
246 3.386576175689697
247 3.386521577835083
248 3.386472702026367
249 3.386426687240601
250 3.386589765548706
251 3.386541128158569
252 3.38616681098938
253 3.386409044265747
254 3.386259794235229
255 3.386340379714966
256 3.386332511901855
257 3.38626503944397
258 3.386313199996948
259 3.386219501495361
260 3.386231184005737
261 3.386147260665894
262 3.386132955551147
263 3.3860764503479
264 3.386053562164307
265 3.386013984680176
266 3.385986328125
267 3.385952949523926
268 3.385926723480225
269 3.385905265808105
270 3.385897397994995
271 3.385905742645264
272 3.385936975479126
273 3.385992288589478
274 3.386072635650635
275 3.386181831359863
276 3.386306524276733
277 3.386438846588135
278 3.386569023132324
279 3.386685609817505
280 3.386781215667725
281 3.386841535568237
282 3.386858463287354
283 3.386830806732178
284 3.38675332069397
285 3.386628150939941
286 3.38646125793457
287 3.386260509490967
288 3.386037349700928
289 3.385804653167725
290 3.385574579238892
291 3.385362386703491
292 3.385180950164795
293 3.385043144226074
294 3.384957790374756
295 3.384950399398804
296 3.385025501251221
297 3.385167360305786
298 3.385372877120972
299 3.385634660720825
300 3.385942697525024
301 3.386293411254883
302 3.386667728424072
303 3.387047290802002
304 3.387417554855347
305 3.387762546539307
306 3.388068914413452
307 3.388327598571777
308 3.388547897338867
309 3.388741493225098
310 3.38886833190918
311 3.388920783996582
312 3.388897895812988
313 3.388802289962769
314 3.3886399269104
315 3.388414144515991
316 3.388139486312866
317 3.387829780578613
318 3.387492895126343
319 3.387138843536377
320 3.386777877807617
321 3.386420726776123
322 3.386077404022217
323 3.385755300521851
324 3.385462045669556
325 3.385203123092651
326 3.384982109069824
327 3.384802579879761
328 3.384666919708252
329 3.38458514213562
330 3.3845534324646
331 3.384587049484253
332 3.384679555892944
333 3.384812355041504
334 3.384981632232666
335 3.385184764862061
336 3.385417461395264
337 3.385674715042114
338 3.385957956314087
339 3.386255979537964
340 3.386559009552002
341 3.386859178543091
342 3.387148141860962
343 3.387420177459717
344 3.387669086456299
345 3.387888431549072
346 3.38807201385498
347 3.388222932815552
348 3.38836407661438
349 3.388462066650391
350 3.388509273529053
351 3.388504028320312
352 3.388448238372803
353 3.388344526290894
354 3.388195991516113
355 3.388007402420044
356 3.387787342071533
357 3.387542963027954
358 3.387285709381104
359 3.387025594711304
360 3.38676929473877
361 3.386523246765137
362 3.386294603347778
363 3.386089324951172
364 3.385912179946899
365 3.385766506195068
366 3.385658979415894
367 3.385590076446533
368 3.385556936264038
369 3.385557651519775
370 3.3855881690979
371 3.385644674301147
372 3.385722875595093
373 3.385817766189575
374 3.385929584503174
375 3.386048793792725
376 3.386168003082275
377 3.386282920837402
378 3.386391162872314
379 3.386490345001221
380 3.386579275131226
381 3.386662483215332
382 3.386733770370483
383 3.386792898178101
384 3.386839628219604
385 3.386874198913574
386 3.386897563934326
387 3.386910676956177
388 3.386914730072021
389 3.386911392211914
390 3.38690185546875
391 3.386887788772583
392 3.386870145797729
393 3.386850595474243
394 3.38683009147644
395 3.386809587478638
396 3.386790037155151
397 3.38677191734314
398 3.386755704879761
399 3.386741399765015
400 3.386729717254639
401 3.386719942092896
402 3.386712551116943
403 3.386706590652466
404 3.386702299118042
405 3.386698961257935
406 3.386696338653564
407 3.386694192886353
408 3.386691570281982
409 3.386688947677612
410 3.386685371398926
411 3.386681079864502
412 3.386675596237183
413 3.386668920516968
414 3.386661052703857
415 3.386652231216431
416 3.386642217636108
417 3.386631488800049
418 3.386620044708252
419 3.386608600616455
420 3.386596918106079
421 3.386585474014282
422 3.386574745178223
423 3.386564970016479
424 3.386556148529053
425 3.38654899597168
426 3.38654351234436
427 3.386539936065674
428 3.38653826713562
429 3.386538505554199
430 3.386541128158569
431 3.386545658111572
432 3.386552095413208
433 3.386560201644897
434 3.386569976806641
435 3.386581182479858
436 3.386593341827393
437 3.386606216430664
438 3.386619567871094
439 3.386633157730103
440 3.386646270751953
441 3.386658906936646
442 3.386670827865601
443 3.386681795120239
444 3.386691093444824
445 3.386698961257935
446 3.38670539855957
447 3.386709928512573
448 3.386712551116943
449 3.38671350479126
450 3.386712551116943
451 3.386710166931152
452 3.386706113815308
453 3.386700868606567
454 3.386694431304932
455 3.386687040328979
456 3.38667893409729
457 3.386670351028442
458 3.386661529541016
459 3.386652946472168
460 3.38664436340332
461 3.386636257171631
462 3.386628866195679
463 3.386621952056885
464 3.386616230010986
465 3.386611223220825
466 3.38660717010498
467 3.386604309082031
468 3.386602401733398
469 3.386601448059082
470 3.386601686477661
471 3.386602401733398
472 3.386604070663452
473 3.386606454849243
474 3.386609315872192
475 3.3866126537323
476 3.386616468429565
477 3.386620283126831
478 3.386624097824097
479 3.386628150939941
480 3.386631965637207
481 3.386635541915894
482 3.386638879776001
483 3.38664174079895
484 3.386644601821899
485 3.386646747589111
486 3.386648654937744
487 3.38664984703064
488 3.386651039123535
489 3.386651515960693
490 3.386651754379272
491 3.386651754379272
492 3.386651277542114
493 3.386650800704956
494 3.386650085449219
495 3.386649131774902
496 3.386647939682007
497 3.386646747589111
498 3.386645555496216
499 3.386644601821899
500 3.386643171310425
501 3.386641979217529
502 3.386641025543213
503 3.386640071868896
504 3.38663911819458
505 3.386638402938843
506 3.386637926101685
507 3.386637449264526
508 3.386636972427368
509 3.386636734008789
510 3.38663649559021
511 3.38663649559021
512 3.38663649559021
513 3.38663649559021
514 3.38663649559021
515 3.38663649559021
516 3.386636734008789
517 3.386636734008789
518 3.386636972427368
519 3.386636972427368
520 3.386637210845947
521 3.386637210845947
522 3.386637449264526
523 3.386637449264526
524 3.386637687683105
525 3.386637687683105
526 3.386637687683105
527 3.386637926101685
528 3.386637926101685
529 3.386637926101685
530 3.386637926101685
531 3.386637926101685
532 3.386637926101685
533 3.386638164520264
534 3.386638164520264
535 3.386638164520264
536 3.386638164520264
537 3.386638164520264
538 3.386638164520264
539 3.386638164520264
540 3.386638164520264
541 3.386638164520264
542 3.386638164520264
543 3.386638164520264
544 3.386638164520264
545 3.386638164520264
546 3.386638402938843
547 3.386638402938843
548 3.386638402938843
549 3.386638402938843
550 3.386638402938843
551 3.386638402938843
552 3.386638402938843
553 3.386638402938843
554 3.386638402938843
555 3.386638402938843
556 3.386638402938843
557 3.386638164520264
558 3.386638164520264
559 3.386638164520264
560 3.386638164520264
561 3.386638164520264
562 3.386638164520264
563 3.386637926101685
564 3.386637926101685
565 3.386637926101685
566 3.386637926101685
567 3.386637926101685
568 3.386637687683105
569 3.386637687683105
570 3.386637687683105
571 3.386637687683105
572 3.386637687683105
573 3.386637687683105
574 3.386637687683105
575 3.386637449264526
576 3.386637449264526
577 3.386637449264526
578 3.386637449264526
579 3.386637449264526
580 3.386637449264526
581 3.386637449264526
582 3.386637449264526
583 3.386637210845947
584 3.386637210845947
585 3.386637210845947
586 3.386637210845947
587 3.386637210845947
588 3.386637210845947
589 3.386637210845947
590 3.386637210845947
591 3.386637210845947
592 3.386637210845947
593 3.386637449264526
594 3.386637449264526
595 3.386637449264526
596 3.386637449264526
597 3.386637449264526
598 3.386637449264526
599 3.386637449264526
600 3.386637449264526
601 3.386637449264526
602 3.386637449264526
603 3.386637210845947
604 3.386637210845947
605 3.386637210845947
606 3.386637210845947
607 3.386637210845947
608 3.386637210845947
609 3.386637210845947
610 3.386636972427368
611 3.386636972427368
612 3.386636972427368
613 3.386636972427368
614 3.386636972427368
615 3.386636972427368
616 3.386636972427368
617 3.386636972427368
618 3.386636972427368
619 3.386636972427368
620 3.386636972427368
621 3.386636972427368
622 3.386636972427368
623 3.386636972427368
624 3.386636972427368
625 3.386636972427368
626 3.386636972427368
627 3.386636972427368
628 3.386636972427368
629 3.386636972427368
630 3.386636972427368
631 3.386636734008789
632 3.386636734008789
633 3.386636734008789
634 3.386636734008789
635 3.386636734008789
636 3.386636734008789
637 3.386636734008789
638 3.386636734008789
639 3.386636734008789
640 3.386636734008789
641 3.386636734008789
642 3.386636734008789
643 3.38663649559021
644 3.38663649559021
645 3.38663649559021
646 3.38663649559021
647 3.38663649559021
648 3.38663649559021
649 3.38663649559021
650 3.38663649559021
651 3.38663649559021
652 3.38663649559021
653 3.38663649559021
654 3.38663649559021
655 3.38663649559021
656 3.38663649559021
657 3.38663649559021
658 3.386636257171631
659 3.386636257171631
660 3.386636257171631
661 3.386636257171631
662 3.386636257171631
663 3.386636257171631
664 3.386636257171631
665 3.386636257171631
666 3.386636257171631
667 3.386636257171631
668 3.386636257171631
669 3.386636257171631
670 3.386636257171631
671 3.386636257171631
672 3.386636257171631
673 3.386636257171631
674 3.386636257171631
675 3.386636257171631
676 3.386636257171631
677 3.386636257171631
678 3.386636257171631
679 3.386636257171631
680 3.386636018753052
681 3.386636018753052
682 3.386636018753052
683 3.386636018753052
684 3.386636018753052
685 3.386636018753052
686 3.386636018753052
687 3.386636018753052
688 3.386636018753052
689 3.386635780334473
690 3.386635780334473
691 3.386635780334473
692 3.386635780334473
693 3.386635780334473
694 3.386635780334473
695 3.386635780334473
696 3.386635780334473
697 3.386635780334473
698 3.386635780334473
699 3.386635780334473
700 3.386635780334473
701 3.386635780334473
702 3.386635780334473
703 3.386635780334473
704 3.386635780334473
705 3.386635780334473
706 3.386635541915894
707 3.386635541915894
708 3.386635541915894
709 3.386635541915894
710 3.386635541915894
711 3.386635541915894
712 3.386635541915894
713 3.386635541915894
714 3.386635541915894
715 3.386635541915894
716 3.386635303497314
717 3.386635303497314
718 3.386635303497314
719 3.386635303497314
720 3.386635303497314
721 3.386635303497314
722 3.386635303497314
723 3.386635303497314
724 3.386635303497314
725 3.386635303497314
726 3.386635303497314
727 3.386635303497314
728 3.386635303497314
729 3.386635303497314
730 3.386635303497314
731 3.386635303497314
732 3.386635303497314
733 3.386635303497314
734 3.386635303497314
735 3.386635303497314
736 3.386635303497314
737 3.386635303497314
738 3.386635303497314
739 3.386635065078735
740 3.386635303497314
741 3.386635065078735
742 3.386635065078735
743 3.386635065078735
744 3.386635065078735
745 3.386635065078735
746 3.386635065078735
747 3.386635065078735
748 3.386635065078735
749 3.386635065078735
750 3.386635065078735
751 3.386635065078735
752 3.386635065078735
753 3.386635065078735
754 3.386635065078735
755 3.386634826660156
756 3.386634826660156
757 3.386634826660156
758 3.386634826660156
759 3.386634826660156
760 3.386634826660156
761 3.386634826660156
762 3.386634826660156
763 3.386634826660156
764 3.386634826660156
765 3.386634826660156
766 3.386634826660156
767 3.386634826660156
768 3.386634826660156
769 3.386634826660156
770 3.386634826660156
771 3.386634826660156
772 3.386634826660156
773 3.386634826660156
774 3.386634826660156
775 3.386634588241577
776 3.386634588241577
777 3.386634588241577
778 3.386634588241577
779 3.386634588241577
780 3.386634588241577
781 3.386634588241577
782 3.386634588241577
783 3.386634588241577
784 3.386634588241577
785 3.386634588241577
786 3.386634588241577
787 3.386634588241577
788 3.386634588241577
789 3.386634588241577
790 3.386634588241577
791 3.386634588241577
792 3.386634349822998
793 3.386634349822998
794 3.386634349822998
795 3.386634349822998
796 3.386634349822998
797 3.386634349822998
798 3.386634349822998
799 3.386634349822998
800 3.386634349822998
801 3.386634349822998
802 3.386634349822998
803 3.386634349822998
804 3.386634349822998
805 3.386634111404419
806 3.386634111404419
807 3.386634111404419
808 3.386634111404419
809 3.386634111404419
810 3.386634111404419
811 3.386634111404419
812 3.386634111404419
813 3.386634111404419
814 3.386634111404419
815 3.386634111404419
816 3.386634111404419
817 3.386634111404419
818 3.386634111404419
819 3.386634111404419
820 3.386634111404419
821 3.386634111404419
822 3.386634111404419
823 3.386634111404419
824 3.386634111404419
825 3.38663387298584
826 3.38663387298584
827 3.38663387298584
828 3.38663387298584
829 3.38663387298584
830 3.38663387298584
831 3.38663387298584
832 3.38663387298584
833 3.38663387298584
834 3.38663387298584
835 3.38663387298584
836 3.38663387298584
837 3.38663387298584
838 3.38663387298584
839 3.38663387298584
840 3.38663387298584
841 3.38663387298584
842 3.38663387298584
843 3.38663387298584
844 3.38663387298584
845 3.386633634567261
846 3.386633634567261
847 3.386633634567261
848 3.386633634567261
849 3.386633634567261
850 3.386633634567261
851 3.386633634567261
852 3.386633634567261
853 3.386633634567261
854 3.386633634567261
855 3.386633634567261
856 3.386633634567261
857 3.386633634567261
858 3.386633634567261
859 3.386633634567261
860 3.386633634567261
861 3.386633396148682
862 3.386633396148682
863 3.386633396148682
864 3.386633396148682
865 3.386633396148682
866 3.386633396148682
867 3.386633396148682
868 3.386633396148682
869 3.386633396148682
870 3.386633396148682
871 3.386633396148682
872 3.386633396148682
873 3.386633396148682
874 3.386633396148682
875 3.386633396148682
876 3.386633396148682
877 3.386633396148682
878 3.386633396148682
879 3.386633396148682
880 3.386633396148682
881 3.386633157730103
882 3.386633157730103
883 3.386633157730103
884 3.386633157730103
885 3.386633157730103
886 3.386633157730103
887 3.386633157730103
888 3.386633157730103
889 3.386633157730103
890 3.386633157730103
891 3.386633157730103
892 3.386633157730103
893 3.386633157730103
894 3.386633157730103
895 3.386633157730103
896 3.386633157730103
897 3.386633157730103
898 3.386633157730103
899 3.386633157730103
900 3.386633157730103
901 3.386633157730103
902 3.386632919311523
903 3.386632919311523
904 3.386632919311523
905 3.386632919311523
906 3.386632919311523
907 3.386632919311523
908 3.386632919311523
909 3.386632919311523
910 3.386632919311523
911 3.386632919311523
912 3.386632919311523
913 3.386632919311523
914 3.386632919311523
915 3.386632919311523
916 3.386632919311523
917 3.386632680892944
918 3.386632680892944
919 3.386632680892944
920 3.386632680892944
921 3.386632680892944
922 3.386632680892944
923 3.386632680892944
924 3.386632680892944
925 3.386632680892944
926 3.386632680892944
927 3.386632680892944
928 3.386632680892944
929 3.386632680892944
930 3.386632680892944
931 3.386632680892944
932 3.386632680892944
933 3.386632680892944
934 3.386632680892944
935 3.386632680892944
936 3.386632442474365
937 3.386632442474365
938 3.386632442474365
939 3.386632442474365
940 3.386632442474365
941 3.386632442474365
942 3.386632442474365
943 3.386632442474365
944 3.386632442474365
945 3.386632442474365
946 3.386632442474365
947 3.386632442474365
948 3.386632442474365
949 3.386632442474365
950 3.386632442474365
951 3.386632442474365
952 3.386632442474365
953 3.386632442474365
954 3.386632442474365
955 3.386632442474365
956 3.386632442474365
957 3.386632442474365
958 3.386632442474365
959 3.386632204055786
960 3.386632442474365
961 3.386632204055786
962 3.386632204055786
963 3.386632204055786
964 3.386632204055786
965 3.386632204055786
966 3.386632204055786
967 3.386632204055786
968 3.386632204055786
969 3.386632204055786
970 3.386632204055786
971 3.386632204055786
972 3.386632204055786
973 3.386632204055786
974 3.386632204055786
975 3.386632204055786
976 3.386632204055786
977 3.386632204055786
978 3.386632204055786
979 3.386632204055786
980 3.386632204055786
981 3.386632204055786
982 3.386631965637207
983 3.386632204055786
984 3.386631965637207
985 3.386632204055786
986 3.386631965637207
987 3.386631965637207
988 3.386631965637207
989 3.386631965637207
990 3.386631965637207
991 3.386631965637207
992 3.386631965637207
993 3.386631965637207
994 3.386631965637207
995 3.386631965637207
996 3.386631965637207
997 3.386631965637207
998 3.386631965637207
999 3.386631965637207
1000 3.386631965637207
