(title "Mach Number")
(labels "Position" "Mach Number")

((xy/key/label "axis")
-0.023	8.22527e-06
-0.0229699	2.01036e-05
-0.0229399	6.08573e-05
-0.0229098	0.000126222
-0.0228797	0.000216537
-0.0228196	0.000466495
-0.0227595	0.000782484
-0.0226392	0.00159006
-0.022519	0.00251807
-0.0223987	0.00351362
-0.0222785	0.00455241
-0.0221582	0.00557969
-0.022038	0.00659095
-0.0219177	0.00756903
-0.0217975	0.00851494
-0.0216772	0.00942456
-0.021557	0.0102997
-0.0214367	0.01114
-0.0213165	0.0119467
-0.0211962	0.0127203
-0.021076	0.0134618
-0.0209557	0.0141719
-0.0208355	0.0148515
-0.0207152	0.0155014
-0.020595	0.0161224
-0.0204747	0.0167151
-0.0203545	0.0172803
-0.0202342	0.0178189
-0.0201139	0.0183314
-0.0199937	0.0188186
-0.0198734	0.0192811
-0.0197532	0.0197196
-0.0196329	0.0201347
-0.0195127	0.020527
-0.0193924	0.0208972
-0.0192722	0.0212458
-0.0191519	0.0215732
-0.0190317	0.0218801
-0.0189114	0.0221669
-0.0187912	0.022434
-0.0186709	0.0226819
-0.0185507	0.022911
-0.0184304	0.0231216
-0.0183102	0.0233141
-0.0181899	0.0234889
-0.0180697	0.0236463
-0.0179494	0.0237865
-0.0178292	0.0239098
-0.0177089	0.0240164
-0.0175887	0.0241066
-0.0174684	0.0241805
-0.0173481	0.0242382
-0.0172279	0.0242799
-0.0171076	0.0243053
-0.0169874	0.0243162
-0.0168671	0.0243107
-0.0167469	0.0242887
-0.0166266	0.0242519
-0.0165064	0.024199
-0.0163861	0.0241305
-0.0162659	0.024046
-0.0161456	0.0239457
-0.0160254	0.0238293
-0.0159051	0.0236968
-0.0157849	0.023548
-0.0156646	0.0233827
-0.0155444	0.0232007
-0.0154241	0.0230018
-0.0153039	0.0227859
-0.0151836	0.0225525
-0.0150634	0.0223015
-0.0149431	0.0220326
-0.0148229	0.0217455
-0.0147026	0.0214398
-0.0145823	0.0211152
-0.0144621	0.0207714
-0.0143418	0.0204081
-0.0142216	0.0200248
-0.0141013	0.0196212
-0.0139811	0.0191969
-0.0138608	0.0187515
-0.0137406	0.0182846
-0.0136203	0.0177957
-0.0135001	0.0172843
-0.013371	0.0167101
-0.013242	0.0161096
-0.013113	0.0154821
-0.0129839	0.0148268
-0.0128549	0.0141434
-0.0127259	0.0134312
-0.0125968	0.01269
-0.0124678	0.011919
-0.0123387	0.011118
-0.0122097	0.0102864
-0.0120807	0.00942382
-0.0119516	0.00852979
-0.0118226	0.00760391
-0.0116936	0.00664581
-0.0115645	0.00565508
-0.0114355	0.00463147
-0.0113064	0.00357458
-0.0111774	0.00248453
-0.0110484	0.00136185
-0.0109193	0.000598408
-0.0107903	0.00100444
-0.0106613	0.00222758
-0.0105322	0.00349101
-0.0104032	0.00479004
-0.0102741	0.00612533
-0.0101451	0.00749665
-0.0100161	0.00890451
-0.00988703	0.010349
-0.00975799	0.0118305
-0.00962896	0.0133491
-0.00949992	0.0149048
-0.00937967	0.016389
-0.00925942	0.0179068
-0.00913916	0.0194583
-0.00901891	0.0210438
-0.00889866	0.0226638
-0.00877841	0.0243187
-0.00877841	0.0243187
-0.00865815	0.026009
-0.0085379	0.0277352
-0.00841765	0.029498
-0.0082974	0.0312979
-0.00817715	0.0331358
-0.00805689	0.0350125
-0.00793664	0.0369287
-0.00781639	0.0388854
-0.00769614	0.0408838
-0.00757589	0.0429247
-0.00745563	0.0450096
-0.00733538	0.0471397
-0.00721513	0.0493164
-0.00709488	0.0515413
-0.00697462	0.0538159
-0.00685437	0.0561421
-0.00673412	0.0585218
-0.00661387	0.0609569
-0.00649362	0.0634496
-0.00637336	0.0660023
-0.00625311	0.0686174
-0.00613286	0.0712975
-0.00601261	0.0740454
-0.00589236	0.0768639
-0.0057721	0.0797562
-0.00565185	0.0827256
-0.0055316	0.0857755
-0.00541135	0.0889096
-0.00529109	0.0921315
-0.00517084	0.0954455
-0.00505059	0.0988555
-0.00493034	0.102366
-0.00481009	0.105981
-0.00468983	0.109707
-0.00456958	0.113547
-0.00444933	0.117507
-0.00432908	0.121591
-0.00420883	0.125807
-0.00408857	0.130158
-0.00396832	0.134652
-0.00384807	0.139293
-0.00372782	0.144088
-0.00360756	0.149042
-0.00348731	0.154163
-0.00336706	0.159456
-0.00324681	0.164928
-0.00312656	0.170584
-0.0030063	0.176432
-0.00288605	0.182476
-0.0027658	0.188724
-0.00264555	0.195181
-0.0025253	0.201853
-0.00240504	0.208745
-0.00228479	0.215862
-0.00216454	0.223209
-0.00204429	0.230791
-0.00192403	0.238612
-0.00180378	0.246674
-0.00168353	0.254982
-0.00156328	0.263537
-0.00144303	0.272341
-0.00132277	0.281395
-0.00120252	0.2907
-0.00108227	0.300255
-0.000962017	0.31006
-0.000841765	0.320114
-0.000721513	0.330413
-0.000601261	0.340955
-0.000481008	0.351737
-0.000360756	0.362756
-0.000240504	0.374006
-0.000120252	0.385486
1.62761e-10	0.397188
0.000137656	0.410839
0.000275313	0.424767
0.000412969	0.438971
0.000550625	0.453437
0.000688281	0.46816
0.000825938	0.483137
0.000963594	0.498362
0.00110125	0.513833
0.00123891	0.529546
0.00137656	0.545503
0.00151422	0.561702
0.00165188	0.578146
0.00178953	0.594839
0.00192719	0.611785
0.00206484	0.628989
0.0022025	0.64646
0.00234016	0.664204
0.00247781	0.682231
0.00261547	0.700552
0.00275313	0.719175
0.00289078	0.738113
0.00302844	0.757378
0.00316609	0.776982
0.00330375	0.796938
0.00344141	0.817259
0.00357906	0.83796
0.00371672	0.859056
0.00385437	0.88056
0.00399203	0.90249
0.00412969	0.924865
0.00426734	0.947688
0.004405	0.970968
0.00454266	0.994725
0.00468031	1.01897
0.00481797	1.0437
0.00495562	1.06894
0.00509328	1.09469
0.00523094	1.12095
0.00536859	1.14772
0.00550625	1.17501
0.00564391	1.20281
0.00578156	1.2311
0.00591922	1.25989
0.00605687	1.28915
0.00619453	1.31887
0.00633219	1.34903
0.00646984	1.37961
0.0066075	1.41059
0.00674516	1.44193
0.00688281	1.47363
0.00702047	1.50564
0.00715812	1.53794
0.00729578	1.57051
0.00743344	1.60332
0.00757109	1.63634
0.00770875	1.66955
0.00784641	1.70291
0.00798406	1.7364
0.00812172	1.77
0.00825937	1.80368
0.00839703	1.83742
0.00853469	1.87118
0.00867234	1.90496
0.00881	1.93873
0.00894766	1.97246
0.00908531	2.00614
0.00922297	2.03974
0.00936062	2.07324
0.00949828	2.10663
0.00963594	2.13988
0.00977359	2.17297
0.00991125	2.20589
0.0100489	2.2386
0.0101866	2.2711
0.0103242	2.30336
0.0104619	2.33536
0.0105995	2.36707
0.0107372	2.39847
0.0108748	2.42954
0.0110125	2.46024
0.0111502	2.49055
0.0112878	2.52044
0.0114255	2.54987
0.0115631	2.5788
0.0117008	2.6072
0.0118384	2.63502
0.0119761	2.66221
0.0121137	2.68873
0.0122514	2.7145
0.0123891	2.73947
0.0125267	2.76357
0.0125267	2.76357
0.0126644	2.78672
0.012802	2.80885
0.0129397	2.82987
0.0130773	2.84969
0.013215	2.86822
0.0133527	2.88538
0.0134903	2.90107
0.013628	2.91522
0.0137656	2.92777
0.0139033	2.93867
0.0140409	2.9479
0.0141786	2.95549
0.0143162	2.96147
0.0144539	2.96596
0.0145916	2.96911
0.0147292	2.97108
0.0148669	2.97217
0.0150045	2.97246
0.0151422	2.97226
0.0152798	2.97201
0.0154175	2.97194
0.0155552	2.97218
0.0156928	2.97282
0.0158305	2.97404
0.0159681	2.97594
0.0161058	2.97854
0.0162434	2.98182
0.0163811	2.98575
0.0165187	2.99026
0.0166564	2.99529
0.0167941	3.00074
0.0169317	3.00656
0.0170694	3.01268
0.017207	3.01905
0.0173447	3.02563
0.0174823	3.0324
0.01762	3.03934
0.0177577	3.04643
0.0178953	3.05369
0.018033	3.06111
0.0181706	3.06869
0.0183083	3.07643
0.0184459	3.08434
0.0185836	3.09242
0.0187212	3.10065
0.0188589	3.10903
0.0189966	3.11756
0.0191342	3.12621
0.0192719	3.13497
0.0194095	3.14383
0.0195472	3.15277
0.0196848	3.16178
0.0198225	3.17084
0.0199602	3.17994
0.0200978	3.18908
0.0202355	3.19824
0.0203731	3.20742
0.0205108	3.21662
0.0206484	3.22584
0.0207861	3.23508
0.0209237	3.24434
0.0210614	3.25363
0.0211991	3.26295
0.0213367	3.27232
0.0214744	3.28173
0.021612	3.2912
0.0217497	3.30073
0.0218873	3.31032
0.022025	3.31998
0.0221627	3.32972
0.0223003	3.33953
0.022438	3.34942
0.0225756	3.35939
0.0227133	3.36944
0.0228509	3.37956
0.0229886	3.38975
0.0231262	3.40001
0.0232639	3.41033
0.0234016	3.42071
0.0235392	3.43114
0.0236769	3.44161
0.0238145	3.45213
0.0239522	3.46268
0.0240898	3.47326
0.0242275	3.48386
0.0243652	3.49447
0.0245028	3.5051
0.0246405	3.51572
0.0247781	3.52635
0.0249158	3.53697
0.0250534	3.54757
0.0251911	3.55816
0.0253287	3.56873
0.0254664	3.57927
0.0256041	3.58978
0.0257417	3.60027
0.0258794	3.61072
0.026017	3.62113
0.0261547	3.6315
0.0262923	3.64184
0.02643	3.65214
0.0265677	3.66239
0.0267053	3.6726
0.026843	3.68278
0.0269806	3.69291
0.0271183	3.703
0.0272559	3.71305
0.0273936	3.72307
0.0275312	3.73305
0.0276689	3.743
0.0278066	3.75292
0.0279442	3.76281
0.0280819	3.77267
0.0282195	3.7825
0.0283572	3.79232
0.0284948	3.80212
0.0286325	3.81189
0.0287702	3.82166
0.0289078	3.83141
0.0290455	3.84114
0.0291831	3.85087
0.0293208	3.86059
0.0294584	3.8703
0.0295961	3.88001
0.0297337	3.88971
0.0298714	3.8994
0.0300091	3.90909
0.0301467	3.91877
0.0302844	3.92846
0.030422	3.93813
0.0305597	3.9478
0.0306973	3.95746
0.030835	3.96712
0.0309727	3.97677
0.0311103	3.98641
0.031248	3.99605
0.0313856	4.00567
0.0315233	4.01528
0.0316609	4.02488
0.0317986	4.03446
0.0319362	4.04402
0.0320739	4.05357
0.0322116	4.0631
0.0323492	4.07261
0.0324869	4.08209
0.0326245	4.09155
0.0327622	4.10099
0.0328998	4.1104
0.0330375	4.11978
0.0331752	4.12913
0.0333128	4.13845
0.0334505	4.14773
0.0335881	4.15699
0.0337258	4.1662
0.0338634	4.17538
0.0340011	4.18453
0.0341387	4.19363
0.0342764	4.20269
0.0344141	4.21172
0.0345517	4.2207
0.0346894	4.22964
0.034827	4.23854
0.0349647	4.2474
0.0351023	4.25622
0.03524	4.26499
0.0353777	4.27373
0.0355153	4.28242
0.035653	4.29106
0.0357906	4.29967
0.0359283	4.30824
0.0360659	4.31677
0.0362036	4.32526
0.0363412	4.33371
0.0364789	4.34212
0.0366166	4.3505
0.0367542	4.35884
0.0368919	4.36714
0.0370295	4.37541
0.0371672	4.38365
0.0373048	4.39186
0.0374425	4.40003
0.0375802	4.40818
0.0377178	4.41629
0.0378555	4.42438
0.0379931	4.43244
0.0381308	4.44047
0.0382684	4.44847
0.0384061	4.45645
0.0385437	4.4644
0.0386814	4.47232
0.0388191	4.48022
0.0389567	4.4881
0.0390944	4.49594
0.039232	4.50377
0.0393697	4.51156
0.0395073	4.51933
0.039645	4.52708
0.0397827	4.5348
0.0399203	4.54248
0.040058	4.55015
0.0401956	4.55778
0.0403333	4.56538
0.0404709	4.57295
0.0406086	4.5805
0.0407462	4.58801
0.0408839	4.59548
0.0410216	4.60292
0.0411592	4.61033
0.0412969	4.61771
0.0414345	4.62504
0.0415722	4.63234
0.0417098	4.6396
0.0418475	4.64682
0.0419852	4.654
0.0421228	4.66114
0.0422605	4.66824
0.0423981	4.67529
0.0425358	4.6823
0.0426734	4.68927
0.0428111	4.69619
0.0429487	4.70307
0.0430864	4.7099
0.0432241	4.71668
0.0433617	4.72342
0.0434994	4.73011
0.043637	4.73675
0.0437747	4.74335
0.0439123	4.74989
0.04405	4.75639
0.0441877	4.76284
0.0443253	4.76925
0.044463	4.7756
0.0446006	4.78191
0.0447383	4.78817
0.0448759	4.79439
0.0450136	4.80055
0.0451512	4.80667
0.0452889	4.81274
0.0454266	4.81877
0.0455642	4.82475
0.0457019	4.83069
0.0458395	4.83658
0.0459772	4.84243
0.0461148	4.84823
0.0462525	4.85399
0.0463902	4.85971
0.0465278	4.86539
0.0466655	4.87102
0.0468031	4.87662
0.0469408	4.88217
0.0470784	4.88768
0.0472161	4.89315
0.0473537	4.89859
0.0474914	4.90398
0.0476291	4.90934
0.0477667	4.91465
0.0479044	4.91993
0.048042	4.92517
0.0481797	4.93038
0.0483173	4.93555
0.048455	4.94068
0.0485927	4.94577
0.0487303	4.95083
0.048868	4.95585
0.0490056	4.96083
0.0491433	4.96578
0.0492809	4.97069
0.0494186	4.97557
0.0495562	4.9804
0.0496939	4.9852
0.0498316	4.98997
0.0499692	4.99469
0.0501069	4.99938
0.0502445	5.00403
0.0503822	5.00864
0.0505198	5.01322
0.0506575	5.01775
0.0507952	5.02224
0.0509328	5.0267
0.0510705	5.03111
0.0512081	5.03548
0.0513458	5.03981
0.0514834	5.0441
0.0516211	5.04835
0.0517587	5.05255
0.0518964	5.05671
0.0520341	5.06082
0.0521717	5.06489
0.0523094	5.06891
0.052447	5.07288
0.0525847	5.07681
0.0525847	5.07681
0.0527223	5.08069
0.05286	5.08452
0.0529977	5.0883
0.0531353	5.09203
0.053273	5.09572
0.0534106	5.09934
0.0535483	5.10292
0.0536859	5.10644
0.0538236	5.10992
0.0539612	5.11333
0.0540989	5.11669
0.0542366	5.12
0.0543742	5.12325
0.0545119	5.12644
0.0546495	5.12958
0.0547872	5.13266
0.0549248	5.13568
0.0550625	5.13864
0.0552002	5.14154
0.0553378	5.14438
0.0554755	5.14716
0.0556131	5.14988
0.0557508	5.15254
0.0558884	5.15513
0.0560261	5.15766
0.0561637	5.16013
0.0563014	5.16254
0.0564391	5.16488
0.0565767	5.16716
0.0567144	5.16937
0.056852	5.17152
0.0569897	5.1736
0.0571273	5.17561
0.057265	5.17756
0.0574027	5.17944
0.0575403	5.18126
0.057678	5.18301
0.0578156	5.18469
0.0579533	5.1863
0.0580909	5.18784
0.0582286	5.18932
0.0583662	5.19073
0.0585039	5.19207
0.0586416	5.19334
0.0587792	5.19454
0.0589169	5.19567
0.0590545	5.19673
0.0591922	5.19772
0.0593298	5.19864
0.0594675	5.19949
0.0596052	5.20028
0.0597428	5.20099
0.0598805	5.20163
0.0600181	5.20221
0.0601558	5.20271
0.0602934	5.20313
0.0604311	5.20349
0.0605687	5.20378
0.0607064	5.204
0.0608441	5.20416
0.0609817	5.20424
0.0611194	5.20425
0.061257	5.20418
0.0613947	5.20403
0.0615323	5.20379
0.06167	5.20351
0.0618077	5.20317
0.0619453	5.20276
0.062083	5.20227
0.0622206	5.2017
0.0623583	5.20107
0.0624959	5.20037
0.0626336	5.1996
0.0627712	5.19875
0.0629089	5.19784
0.0630466	5.19685
0.0631842	5.19581
0.0633219	5.1947
0.0634595	5.19353
0.0635972	5.19229
0.0637348	5.19098
0.0638725	5.18961
0.0640102	5.18817
0.0641478	5.18665
0.0642855	5.18507
0.0644231	5.18341
0.0645608	5.18169
0.0646984	5.17989
0.0648361	5.17803
0.0649737	5.17609
0.0651114	5.17409
0.0652491	5.17202
0.0653867	5.16989
0.0655244	5.16768
0.065662	5.16542
0.0657997	5.16308
0.0659373	5.16069
0.066075	5.15823
0.0662127	5.15571
0.0663503	5.15312
0.066488	5.15047
0.0666256	5.14776
0.0667633	5.14498
0.0669009	5.14214
0.0670386	5.13923
0.0671762	5.13626
0.0673139	5.13323
0.0674516	5.13014
0.0675892	5.12698
0.0677269	5.12376
0.0678645	5.12048
0.0680022	5.11714
0.0681398	5.11374
0.0682775	5.11028
0.0684152	5.10675
0.0685528	5.10317
0.0686905	5.09953
0.0688281	5.09583
0.0689658	5.09207
0.0691034	5.08825
0.0692411	5.08438
0.0693787	5.08045
0.0695164	5.07647
0.0696541	5.07243
0.0697917	5.06834
0.0699294	5.0642
0.070067	5.06001
0.0702047	5.05576
0.0703423	5.05146
0.07048	5.04712
0.0706177	5.04273
0.0707553	5.03829
0.070893	5.0338
0.0710306	5.02927
0.0711683	5.0247
0.0713059	5.02009
0.0714436	5.01543
0.0715812	5.01074
0.0717189	5.00601
0.0718566	5.00125
0.0719942	4.99645
0.0721319	4.99162
0.0722695	4.98676
0.0724072	4.98187
0.0725448	4.97695
0.0726825	4.97201
0.0726825	4.97201
0.0728201	4.96705
0.0729578	4.96207
0.0730955	4.95707
0.0732331	4.95205
0.0733708	4.94702
0.0735084	4.94198
0.0736461	4.93693
0.0737837	4.93187
0.0739214	4.92681
0.0740591	4.92174
0.0741967	4.91667
0.0743344	4.9116
0.074472	4.90654
0.0746097	4.90148
0.0747473	4.89643
0.074885	4.89139
0.0750227	4.88636
0.0751603	4.88135
0.075298	4.87636
0.0754356	4.87138
0.0755733	4.86643
0.0757109	4.8615
0.0758486	4.85659
0.0759862	4.85171
0.0761239	4.84686
0.0762616	4.84204
0.0763992	4.83725
0.0765369	4.8325
0.0766745	4.82778
0.0768122	4.8231
0.0769498	4.81846
0.0770875	4.81386
0.0772251	4.80931
0.0773628	4.80479
0.0775005	4.80032
0.0776381	4.7959
0.0777758	4.79152
0.0779134	4.78719
0.0780511	4.7829
0.0781887	4.77867
0.0783264	4.77449
0.0784641	4.77035
0.0786017	4.76627
0.0787394	4.76224
0.078877	4.75827
0.0790147	4.75434
0.0791523	4.75047
0.07929	4.74665
0.0794277	4.74289
0.0795653	4.73918
0.079703	4.73553
0.0798406	4.73192
0.0799783	4.72837
0.0801159	4.72488
0.0802536	4.72144
0.0803912	4.71805
0.0805289	4.71472
0.0806666	4.71144
0.0808042	4.70821
0.0809419	4.70504
0.0810795	4.70191
0.0812172	4.69884
0.0813548	4.69582
0.0814925	4.69285
0.0816302	4.68994
0.0817678	4.68707
0.0819055	4.68425
0.0820431	4.68147
0.0821808	4.67875
0.0823184	4.67607
0.0824561	4.67344
0.0825937	4.67086
0.0827314	4.66832
0.0828691	4.66583
0.0830067	4.66338
0.0831444	4.66097
0.083282	4.6586
0.0834197	4.65628
0.0835573	4.654
0.083695	4.65175
0.0838327	4.64955
0.0839703	4.64739
0.084108	4.64526
0.0842456	4.64317
0.0843833	4.64111
0.0845209	4.63909
0.0846586	4.6371
0.0847962	4.63515
0.0849339	4.63323
0.0850716	4.63134
0.0852092	4.62949
0.0853469	4.62766
0.0854845	4.62586
0.0856222	4.62409
0.0857598	4.62235
0.0858975	4.62064
0.0860352	4.61895
0.0861728	4.61729
0.0863105	4.61565
0.0864481	4.61403
0.0865858	4.61244
0.0867234	4.61087
0.0868611	4.60932
0.0869987	4.6078
0.0871364	4.60629
0.0872741	4.6048
0.0874117	4.60333
0.0875494	4.60188
0.087687	4.60044
0.0878247	4.59903
0.0879623	4.59761
0.0881	4.59622
0.0883314	4.59393
0.088563	4.59168
0.0887947	4.58945
0.0890266	4.58726
0.0892586	4.58509
0.0894907	4.58295
0.089723	4.58084
0.0899554	4.57875
0.090188	4.57668
0.0904207	4.57463
0.0906536	4.5726
0.0908866	4.57058
0.0911197	4.56858
0.091353	4.5666
0.0915865	4.56463
0.0918201	4.56268
0.0920538	4.56074
0.0922877	4.55881
0.0925217	4.5569
0.0927559	4.555
0.0929902	4.55311
0.0932246	4.55124
0.0934592	4.54938
0.093694	4.54753
0.0939289	4.5457
0.0941639	4.54388
0.0943991	4.54209
0.0946344	4.5403
0.0948699	4.53854
0.0951055	4.53679
0.0953413	4.53506
0.0955772	4.53335
0.0958132	4.53165
0.0960494	4.52998
0.0962858	4.52833
0.0965223	4.5267
0.0967589	4.52509
0.0969957	4.52349
0.0972327	4.52192
0.0974697	4.52037
0.097707	4.51884
0.0979444	4.51733
0.0981819	4.51583
0.0984196	4.51436
0.0986574	4.5129
0.0988953	4.51146
0.0991335	4.51003
0.0993717	4.50861
0.0996101	4.50721
0.0998487	4.50582
0.100087	4.50444
0.100326	4.50306
0.100565	4.50169
0.100804	4.50033
0.101044	4.49897
0.101283	4.4976
0.101523	4.49624
0.101762	4.49487
0.102002	4.49349
0.102242	4.4921
0.102483	4.49071
0.102723	4.4893
0.102963	4.48788
0.103204	4.48644
0.103445	4.48498
0.103686	4.4835
0.103927	4.482
0.104168	4.48048
0.104409	4.47893
0.104651	4.47735
0.104893	4.47575
0.105135	4.47412
0.105376	4.47246
0.105619	4.47077
0.105861	4.46905
0.106103	4.4673
0.106346	4.46552
0.106589	4.46371
0.106832	4.46188
0.107075	4.46001
0.107318	4.45813
0.107561	4.45622
0.107805	4.45428
0.108048	4.45233
0.108292	4.45037
0.108536	4.44839
0.10878	4.4464
0.109024	4.44441
0.109269	4.44242
0.109513	4.44044
0.109758	4.43847
0.110003	4.43651
0.110248	4.43458
0.110493	4.43268
0.110738	4.43082
0.110984	4.429
0.111229	4.42723
0.111475	4.42553
0.111721	4.42389
0.111967	4.42233
0.112213	4.42086
0.11246	4.41948
0.112706	4.41821
0.112953	4.41705
0.1132	4.41601
0.113447	4.41511
0.113694	4.41434
0.113941	4.41373
0.114188	4.41327
0.114436	4.41298
0.114684	4.41287
0.114932	4.41297
0.11518	4.41326
0.115428	4.4137
0.115676	4.41437
0.115925	4.41528
0.116173	4.41641
0.116422	4.41776
0.116671	4.41933
0.11692	4.42111
0.11717	4.42313
0.117419	4.4254
0.117669	4.42791
0.117918	4.43067
0.118168	4.43369
0.118418	4.43697
0.118669	4.44051
0.118919	4.44429
0.119169	4.44833
0.11942	4.45261
0.119671	4.45714
0.119922	4.46192
0.120173	4.46695
0.120424	4.47222
0.120676	4.47773
0.120927	4.48349
0.121179	4.48947
0.121431	4.4957
0.121683	4.50215
0.121935	4.50882
0.122188	4.51571
0.12244	4.52282
0.122693	4.53014
0.122946	4.53767
0.123199	4.5454
0.123452	4.55333
0.123705	4.56144
0.123959	4.56975
0.124213	4.57823
0.124466	4.58689
0.12472	4.59572
0.124975	4.60472
0.125229	4.61387
0.125483	4.62318
0.125738	4.63264
0.125993	4.64224
0.126247	4.65198
0.126503	4.66185
0.126758	4.67185
0.127013	4.68196
0.127269	4.69219
0.127524	4.70253
0.12778	4.71296
0.128036	4.7235
0.128292	4.73412
0.128549	4.74483
0.128805	4.75561
0.129062	4.76647
0.129319	4.77739
0.129576	4.78836
0.129833	4.79939
0.13009	4.81045
0.130347	4.82155
0.130605	4.83267
0.130863	4.84382
0.131121	4.85497
0.131379	4.86612
0.131637	4.87726
0.131637	4.87726
0.131896	4.88837
0.132154	4.89946
0.132413	4.9105
0.132672	4.92149
0.132931	4.93241
0.13319	4.94324
0.133449	4.95397
0.133709	4.96459
0.133969	4.97507
0.134228	4.98539
0.134488	4.99554
0.134749	5.00549
0.135009	5.0152
0.135269	5.02466
0.13553	5.03384
0.135791	5.04268
0.136052	5.05117
0.136313	5.05925
0.136574	5.06687
0.136836	5.07399
0.137097	5.08055
0.137359	5.08647
0.137621	5.0917
0.137883	5.09615
0.138145	5.09973
0.138408	5.10235
0.13867	5.10396
0.138933	5.1044
0.139196	5.10315
0.139459	5.10049
0.139722	5.09669
0.139986	5.09091
0.140249	5.08298
0.140513	5.07296
0.140777	5.06062
0.141041	5.04581
0.141305	5.02836
0.14157	5.00805
0.141834	4.98467
0.142099	4.95803
0.142364	4.92796
0.142629	4.89438
0.142894	4.85725
0.14316	4.81665
0.143425	4.77274
0.143691	4.72584
0.143957	4.67641
0.144223	4.62496
0.144489	4.57281
0.144755	4.5207
0.145022	4.46917
0.145289	4.41982
0.145555	4.37391
0.145822	4.33241
0.14609	4.29613
0.146357	4.26559
0.146625	4.24098
0.146892	4.22219
0.14716	4.20886
0.147428	4.20045
0.147696	4.19639
0.147965	4.19705
0.148233	4.2007
0.148502	4.20586
0.148771	4.21344
0.14904	4.22297
0.149309	4.23354
0.149578	4.24447
0.149848	4.25547
0.150117	4.26654
0.150387	4.2777
0.150657	4.28894
0.150928	4.30024
0.151198	4.31155
0.151468	4.32276
0.151739	4.33374
0.15201	4.34445
0.152281	4.35487
0.152552	4.36499
0.152824	4.37481
0.153095	4.38435
0.153367	4.39365
0.153639	4.40273
0.153911	4.41162
0.154183	4.42031
0.154455	4.42883
0.154728	4.43717
0.155001	4.44535
0.155273	4.45336
0.155546	4.46123
0.15582	4.46896
0.156093	4.47657
0.156367	4.48407
0.15664	4.49147
0.156914	4.49878
0.157188	4.50601
0.157463	4.51316
0.157737	4.52025
0.158012	4.52727
0.158286	4.53424
0.158561	4.54116
0.158836	4.54803
0.159112	4.55486
0.159387	4.56165
0.159663	4.56841
0.159938	4.57514
0.160214	4.58185
0.16049	4.58854
0.160767	4.5952
0.161043	4.60185
0.16132	4.60849
0.161597	4.61511
0.161873	4.62173
0.162151	4.62833
0.162428	4.63493
0.162705	4.64152
0.162983	4.6481
0.163261	4.65468
0.163539	4.66126
0.163817	4.66784
0.164095	4.67442
0.164374	4.68099
0.164653	4.68757
0.164931	4.69414
0.165211	4.70071
0.16549	4.70729
0.165769	4.71386
0.166049	4.72043
0.166328	4.72701
0.166608	4.73358
0.166888	4.74015
0.167169	4.74672
0.167449	4.75329
0.16773	4.75985
0.16801	4.76641
0.168291	4.77297
0.168572	4.77952
0.168854	4.78607
0.169135	4.79261
0.169417	4.79914
0.169699	4.80566
0.169981	4.81217
0.170263	4.81867
0.170545	4.82516
0.170828	4.83163
0.17111	4.83808
0.171393	4.84452
0.171676	4.85094
0.171959	4.85733
0.172243	4.8637
0.172526	4.87005
0.17281	4.87637
0.173094	4.88265
0.173378	4.88891
0.173662	4.89513
0.173947	4.90131
0.174231	4.90745
0.174516	4.91355
0.174801	4.91961
0.175086	4.92562
0.175372	4.93157
0.175657	4.93747
0.175943	4.94331
0.176229	4.94909
0.176515	4.95481
0.176801	4.96046
0.177087	4.96603
0.177374	4.97153
0.177661	4.97695
0.177948	4.98228
0.178235	4.98752
0.178522	4.99268
0.178809	4.99773
0.179097	5.00268
0.179385	5.00753
0.179673	5.01226
0.179961	5.01687
0.180249	5.02137
0.180538	5.02574
0.180827	5.02997
0.181115	5.03407
0.181405	5.03803
0.181694	5.04183
0.181983	5.04549
0.181983	5.04549
0.182273	5.04898
0.182563	5.05231
0.182853	5.05547
0.183143	5.05845
0.183433	5.06125
0.183723	5.06387
0.184014	5.06628
0.184305	5.0685
0.184596	5.07052
0.184887	5.07232
0.185179	5.0739
0.18547	5.07527
0.185762	5.07641
0.186054	5.07731
0.186346	5.07798
0.186638	5.07841
0.186931	5.07859
0.187224	5.0785
0.187516	5.07816
0.187809	5.07756
0.188103	5.07668
0.188396	5.07554
0.18869	5.07413
0.188983	5.07244
0.189277	5.0705
0.189571	5.06829
0.189866	5.06581
0.19016	5.06306
0.190455	5.06003
0.19075	5.05672
0.191045	5.05313
0.19134	5.04927
0.191635	5.04514
0.191931	5.04074
0.192227	5.03609
0.192523	5.03119
0.192819	5.02604
0.193115	5.02066
0.193412	5.01505
0.193708	5.00922
0.194005	5.00318
0.194302	4.99695
0.194599	4.99052
0.194897	4.98391
0.195194	4.97715
0.195492	4.97023
0.19579	4.96318
0.196088	4.956
0.196387	4.94872
0.196685	4.94135
0.196984	4.9339
0.197283	4.92639
0.197582	4.91883
0.197881	4.91125
0.198181	4.90364
0.19848	4.89603
0.19878	4.88842
0.19908	4.88085
0.19938	4.87331
0.199681	4.86582
0.199981	4.85839
0.200282	4.85104
0.200583	4.84376
0.200884	4.83657
0.201185	4.82948
0.201487	4.8225
0.201789	4.81563
0.20209	4.80887
0.202392	4.80224
0.202695	4.79572
0.202997	4.78934
0.2033	4.78308
0.203603	4.77694
0.203906	4.77094
0.204209	4.76506
0.204512	4.75931
0.204816	4.75369
0.205119	4.74818
0.205423	4.74279
0.205727	4.73752
0.206032	4.73236
0.206336	4.72731
0.206641	4.72236
0.206946	4.71751
0.207251	4.71275
0.207556	4.70808
0.207862	4.7035
0.208167	4.69899
0.208473	4.69457
0.208779	4.69021
0.209085	4.68592
0.209392	4.68169
0.209698	4.67751
0.210005	4.67339
0.210312	4.66931
0.210619	4.66528
0.210927	4.66128
0.211234	4.65732
0.211542	4.65339
0.21185	4.64949
0.212158	4.64561
0.212466	4.64175
0.212775	4.63791
0.213083	4.63408
0.213392	4.63026
0.213701	4.62646
0.21401	4.62266
0.21432	4.61886
0.21463	4.61507
0.214939	4.61128
0.215249	4.60749
0.21556	4.6037
0.21587	4.59991
0.216181	4.59612
0.216491	4.59233
0.216802	4.58854
0.217114	4.58475
0.217425	4.58097
0.217736	4.57719
0.218048	4.57341
0.21836	4.56964
0.218672	4.56588
0.218985	4.56214
0.219297	4.55841
0.21961	4.5547
0.219923	4.55102
0.220236	4.54737
0.220549	4.54375
0.220863	4.54018
0.221176	4.53665
0.22149	4.53317
0.221804	4.52974
0.222119	4.52639
0.222433	4.5231
0.222748	4.51988
0.223063	4.51675
0.223378	4.51371
0.223693	4.51076
0.224008	4.50792
0.224324	4.50518
0.22464	4.50256
0.224956	4.50006
0.225272	4.49769
0.225589	4.49545
0.225905	4.49335
0.226222	4.49139
0.226539	4.48957
0.226856	4.48792
0.227174	4.48641
0.227491	4.48507
0.227809	4.48389
0.228127	4.48288
0.228445	4.48204
0.228764	4.48137
0.229082	4.48087
0.229401	4.48056
0.22972	4.48039
0.230039	4.48044
0.230358	4.48068
0.230678	4.48106
0.230998	4.48162
0.231318	4.48236
0.231638	4.48328
0.231958	4.48437
0.232279	4.48562
0.2326	4.48704
0.232921	4.48863
0.233242	4.49039
0.233563	4.49233
0.233885	4.49443
0.234206	4.4967
0.234528	4.49913
0.234851	4.50171
0.235173	4.50446
0.235495	4.50736
0.235818	4.51042
0.236141	4.51363
0.236464	4.517
0.236788	4.52051
0.237111	4.52419
0.237435	4.52801
0.237759	4.53198
0.238083	4.5361
0.238408	4.54037
0.238732	4.54478
0.239057	4.54934
0.239382	4.55405
0.239707	4.55891
0.240032	4.5639
0.240358	4.56904
0.240684	4.57432
0.24101	4.57973
0.241336	4.58528
0.241662	4.59096
0.241989	4.59677
0.242316	4.6027
0.242643	4.60875
0.24297	4.61491
0.243297	4.62117
0.243625	4.62753
0.243953	4.63398
0.244281	4.64051
0.244609	4.6471
0.244937	4.65375
0.245266	4.66045
0.245595	4.66717
0.245924	4.67391
0.246253	4.68065
0.246582	4.68738
0.246912	4.69408
0.247242	4.70072
0.247572	4.70729
0.247902	4.71376
0.248232	4.72012
0.248563	4.72634
0.248894	4.7324
0.249225	4.73826
0.249556	4.74392
0.249888	4.74933
0.250219	4.75447
0.250551	4.75931
0.250883	4.76382
0.251216	4.76797
0.251548	4.77173
0.251881	4.77507
0.252214	4.77795
0.252547	4.78034
0.25288	4.78222
0.253214	4.78354
0.253547	4.7843
0.253881	4.78438
0.254216	4.7838
0.25455	4.78257
0.254884	4.78063
0.255219	4.77795
0.255554	4.7745
0.255889	4.7703
0.256225	4.76533
0.25656	4.75958
0.256896	4.75303
0.257232	4.74567
0.257568	4.73751
0.257905	4.72857
0.258242	4.71888
0.258578	4.70848
0.258915	4.69743
0.259253	4.68578
0.25959	4.6736
0.259928	4.66098
0.260266	4.64798
0.260604	4.63472
0.260942	4.62128
0.261281	4.6078
0.261619	4.59437
0.261958	4.58109
0.262298	4.56808
0.262637	4.55544
0.262976	4.54328
0.263316	4.53168
0.263656	4.52071
0.263996	4.51045
0.263996	4.51045
0.264337	4.50094
0.264678	4.49222
0.265018	4.48432
0.265359	4.47724
0.265701	4.47099
0.266042	4.46556
0.266384	4.46092
0.266726	4.45705
0.267068	4.45392
0.26741	4.45147
0.267753	4.44967
0.268095	4.4485
0.268438	4.4478
0.268782	4.44775
0.269125	4.44828
0.269469	4.4491
0.269812	4.45032
0.270156	4.45194
0.270501	4.45388
0.270845	4.4561
0.27119	4.45858
0.271535	4.4613
0.27188	4.46426
0.272225	4.46743
0.272571	4.47079
0.272916	4.47433
0.273262	4.47801
0.273608	4.48182
0.273955	4.48574
0.274301	4.48977
0.274648	4.4939
0.274995	4.49811
0.275342	4.5024
0.27569	4.50677
0.276038	4.51121
0.276385	4.5157
0.276733	4.52026
0.277082	4.52486
0.27743	4.52951
0.277779	4.5342
0.278128	4.53894
0.278477	4.54371
0.278827	4.54852
0.279176	4.55335
0.279526	4.55822
0.279876	4.56312
0.280226	4.56805
0.280577	4.573
0.280927	4.57798
0.281278	4.58298
0.28163	4.588
0.281981	4.59304
0.282332	4.59811
0.282684	4.60319
0.283036	4.6083
0.283388	4.61342
0.283741	4.61856
0.284093	4.62372
0.284446	4.62889
0.284799	4.63408
0.285153	4.63928
0.285506	4.6445
0.28586	4.64973
0.286214	4.65498
0.286568	4.66024
0.286923	4.66552
0.287277	4.6708
0.287632	4.6761
0.287987	4.68141
0.288342	4.68673
0.288698	4.69206
0.289054	4.6974
0.28941	4.70275
0.289766	4.70811
0.290122	4.71347
0.290479	4.71884
0.290836	4.72422
0.291193	4.7296
0.29155	4.73499
0.291907	4.74038
0.292265	4.74577
0.292623	4.75116
0.292981	4.75656
0.29334	4.76195
0.293698	4.76733
0.294057	4.77272
0.294416	4.77809
0.294775	4.78346
0.295135	4.78882
0.295494	4.79417
0.295854	4.7995
0.296215	4.80482
0.296575	4.81012
0.296936	4.8154
0.297296	4.82066
0.297657	4.82589
0.298019	4.83109
0.29838	4.83625
0.298742	4.84138
0.299104	4.84648
0.299466	4.85152
0.299828	4.85653
0.300191	4.86148
0.300554	4.86637
0.300917	4.87121
0.30128	4.87598
0.301644	4.88068
0.302008	4.8853
0.302372	4.88985
0.302736	4.89431
0.3031	4.89868
0.303465	4.90295
0.30383	4.90712
0.304195	4.91118
0.30456	4.91512
0.304926	4.91894
0.305291	4.92264
0.305657	4.92619
0.306024	4.92961
0.30639	4.93287
0.306757	4.93598
0.307124	4.93892
0.307491	4.9417
0.307858	4.94429
0.308226	4.9467
0.308594	4.94892
0.308962	4.95093
0.30933	4.95274
0.309699	4.95434
0.310067	4.95571
0.310436	4.95686
0.310805	4.95777
0.311175	4.95844
0.311545	4.95887
0.311914	4.95904
0.312284	4.95895
0.312655	4.9586
0.313025	4.95797
0.313396	4.95707
0.313767	4.95589
0.314139	4.95444
0.31451	4.95272
0.314882	4.95072
0.315254	4.94844
0.315626	4.94588
0.315998	4.94303
0.316371	4.93988
0.316744	4.93645
0.317117	4.93275
0.31749	4.92876
0.317864	4.92451
0.318238	4.91999
0.318612	4.91521
0.318986	4.91017
0.31936	4.90489
0.319735	4.89937
0.32011	4.89361
0.320485	4.88764
0.320861	4.88146
0.321236	4.87507
0.321612	4.8685
0.321988	4.86176
0.322365	4.85485
0.322741	4.84779
0.323118	4.84059
0.323495	4.83327
0.323872	4.82584
0.32425	4.81832
0.324628	4.81071
0.325006	4.80303
0.325384	4.79529
0.325762	4.78751
0.326141	4.77969
0.32652	4.77186
0.326899	4.76402
0.327278	4.75618
0.327658	4.74835
0.328038	4.74055
0.328418	4.73278
0.328798	4.72506
0.329179	4.71739
0.32956	4.70978
0.329941	4.70224
0.330322	4.69478
0.330704	4.6874
0.331085	4.68011
0.331467	4.67291
0.33185	4.66582
0.332232	4.65884
0.332615	4.65197
0.332998	4.64521
0.333381	4.63858
0.333764	4.63209
0.334148	4.62572
0.334532	4.61949
0.334916	4.61341
0.3353	4.60747
0.335685	4.60169
0.33607	4.59606
0.336455	4.59059
0.33684	4.58529
0.337226	4.58015
0.337612	4.57518
0.337998	4.57039
0.338384	4.56578
0.33877	4.56134
0.339157	4.55709
0.339544	4.55302
0.339931	4.54914
0.340319	4.54544
0.340706	4.54193
0.341094	4.53862
0.341483	4.53549
0.341871	4.53256
0.34226	4.52982
0.342649	4.52727
0.343038	4.5249
0.343427	4.52273
0.343817	4.52074
0.344207	4.51895
0.344597	4.51733
0.344987	4.5159
0.345378	4.51465
0.345769	4.51358
0.34616	4.51268
0.346551	4.51196
0.346943	4.51141
0.347334	4.511
0.347727	4.51082
0.348119	4.51081
0.348511	4.5109
0.348904	4.51116
0.349297	4.51158
0.34969	4.51216
0.350084	4.51288
0.350478	4.51374
0.350872	4.51475
0.351266	4.5159
0.35166	4.5172
0.352055	4.51863
0.35245	4.5202
0.352845	4.5219
0.353241	4.52372
0.353637	4.52567
0.354033	4.52774
0.354429	4.52992
0.354825	4.53222
0.355222	4.53463
0.355619	4.53714
0.356016	4.53975
0.356414	4.54245
0.356811	4.54525
0.357209	4.54812
0.357607	4.55107
0.358006	4.55409
0.358404	4.55716
0.358803	4.5603
0.359202	4.56347
0.359602	4.56668
0.360002	4.56992
0.360401	4.57317
0.360802	4.57643
0.361202	4.57968
0.361603	4.58291
0.362004	4.58611
0.362405	4.58927
0.362806	4.59237
0.363208	4.59541
0.36361	4.59836
0.364012	4.60122
0.364414	4.60397
0.364817	4.6066
0.36522	4.60909
0.365623	4.61142
0.366026	4.6136
0.36643	4.6156
0.366834	4.61741
0.367238	4.61901
0.367642	4.62041
0.368047	4.62157
0.368452	4.6225
0.368857	4.62318
0.369262	4.62361
0.369668	4.62381
0.370074	4.62366
0.37048	4.62322
0.370886	4.62257
0.371293	4.62159
0.3717	4.62034
0.372107	4.6188
0.372515	4.617
0.372922	4.61491
0.37333	4.61255
0.373738	4.60992
0.374147	4.60702
0.374555	4.60387
0.374964	4.60048
0.375374	4.59688
0.375783	4.59308
0.376193	4.5891
0.376603	4.58496
0.377013	4.58067
0.377423	4.57627
0.377834	4.57178
0.378245	4.56722
0.378656	4.56262
0.379068	4.558
0.379479	4.5534
0.379891	4.54883
0.380304	4.54432
0.380716	4.53989
0.381129	4.53558
0.381542	4.53139
0.381955	4.52736
0.382369	4.52349
0.382782	4.51982
0.383196	4.51634
0.383611	4.51309
0.384025	4.51006
0.38444	4.50727
0.384855	4.50473
0.38527	4.50244
0.385686	4.5004
0.386102	4.49862
0.386518	4.49711
0.386934	4.49584
0.387351	4.49484
0.387767	4.49406
0.388185	4.49357
0.388602	4.49339
0.38902	4.49339
0.389437	4.49358
0.389856	4.49402
0.390274	4.49468
0.390693	4.49555
0.391112	4.49661
0.391531	4.49787
0.39195	4.49932
0.39237	4.50095
0.39279	4.50276
0.39321	4.50473
0.393631	4.50685
0.394051	4.50912
0.394472	4.51153
0.394894	4.51406
0.395315	4.51672
0.395737	4.5195
0.396159	4.52239
0.396581	4.52538
0.397004	4.52847
0.397427	4.53164
0.39785	4.53491
0.398273	4.53825
0.398697	4.54166
0.399121	4.54514
0.399545	4.54869
0.399969	4.55229
0.400394	4.55595
0.400819	4.55965
0.401244	4.5634
0.40167	4.5672
0.40167	4.5672
0.402095	4.57102
0.402521	4.57488
0.402948	4.57877
0.403374	4.58269
0.403801	4.58662
0.404228	4.59058
0.404655	4.59455
0.405083	4.59854
0.405511	4.60254
0.405939	4.60654
0.406367	4.61055
0.406796	4.61456
0.407225	4.61857
0.407654	4.62258
0.408083	4.62659
0.408513	4.63059
0.408943	4.63458
0.409373	4.63856
0.409804	4.64253
0.410234	4.64649
0.410665	4.65043
0.411097	4.65435
0.411528	4.65825
0.41196	4.66213
0.412392	4.66598
0.412825	4.66981
0.413257	4.67361
0.41369	4.67738
0.414123	4.68112
0.414557	4.68483
0.41499	4.6885
0.415424	4.69214
0.415859	4.69573
0.416293	4.69929
0.416728	4.7028
0.417163	4.70626
0.417598	4.70967
0.418034	4.71304
0.41847	4.71634
0.418906	4.71959
0.419342	4.72279
0.419779	4.72591
0.420216	4.72897
0.420653	4.73196
0.421091	4.73488
0.421528	4.73772
0.421967	4.74048
0.422405	4.74315
0.422843	4.74573
0.423282	4.74822
0.423721	4.75061
0.424161	4.7529
0.4246	4.75508
0.42504	4.75715
0.425481	4.7591
0.425921	4.76093
0.426362	4.76263
0.426803	4.7642
0.427244	4.76564
0.427686	4.76693
0.428128	4.76807
0.42857	4.76906
0.429012	4.7699
0.429455	4.77057
0.429898	4.77107
0.430341	4.7714
0.430784	4.77156
0.431228	4.77154
0.431672	4.77133
0.432117	4.7709
0.432561	4.7703
0.433006	4.76949
0.433451	4.76846
0.433897	4.76725
0.434342	4.76584
0.434788	4.76421
0.435234	4.76237
0.435681	4.76032
0.436128	4.75803
0.436575	4.75553
0.437022	4.75281
0.43747	4.74987
0.437918	4.74672
0.438366	4.74335
0.438814	4.73976
0.439263	4.73596
0.439712	4.73196
0.440161	4.72774
0.440611	4.72333
0.441061	4.71872
0.441511	4.71393
0.441961	4.70895
0.442412	4.70379
0.442863	4.69847
0.443314	4.693
0.443766	4.68737
0.444218	4.68161
0.44467	4.67572
0.445122	4.66971
0.445575	4.6636
0.446028	4.6574
0.446481	4.65111
0.446934	4.64476
0.447388	4.63836
0.447842	4.63192
0.448297	4.62545
0.448751	4.61898
0.449206	4.6125
0.449661	4.60604
0.450117	4.5996
0.450573	4.59321
0.451029	4.58688
0.451485	4.58061
0.451941	4.57442
0.452398	4.56832
0.452855	4.56233
0.453313	4.55645
0.453771	4.55069
0.454229	4.54507
0.454687	4.53959
0.455146	4.53426
0.455604	4.52908
0.456064	4.52407
0.456523	4.51922
0.456983	4.51455
0.457443	4.51006
0.457903	4.50576
0.458364	4.50164
0.458824	4.4977
0.459286	4.49396
0.459747	4.49041
0.460209	4.48705
0.460209	4.48705
0.460671	4.48388
0.461133	4.48091
0.461596	4.47812
0.462058	4.47552
0.462522	4.47311
0.462985	4.47088
0.463449	4.46883
0.463913	4.46696
0.464377	4.46527
0.464842	4.46374
0.465306	4.46237
0.465772	4.46117
0.466237	4.46012
0.466703	4.45922
0.467169	4.45847
0.467635	4.45785
0.468102	4.45737
0.468569	4.45702
0.469036	4.45676
0.469503	4.45663
0.469971	4.45662
0.470439	4.45669
0.470907	4.45686
0.471376	4.45712
0.471845	4.45746
0.472314	4.45788
0.472784	4.45836
0.473253	4.45891
0.473724	4.45951
0.474194	4.46016
0.474665	4.46085
0.475136	4.46157
0.475607	4.46232
0.476078	4.4631
0.47655	4.4639
0.477022	4.46471
0.477495	4.46553
0.477967	4.46635
0.47844	4.46716
0.478914	4.46797
0.479387	4.46877
0.479861	4.46956
0.480335	4.47032
0.48081	4.47107
0.481285	4.47179
0.48176	4.47248
0.482235	4.47314
0.482711	4.47377
0.483187	4.47436
0.483663	4.47492
0.484139	4.47545
0.484616	4.47593
0.485093	4.47638
0.485571	4.47679
0.486048	4.47716
0.486527	4.47749
0.487005	4.47778
0.487483	4.47804
0.487962	4.47826
0.488442	4.47845
0.488921	4.47861
0.489401	4.47873
0.489881	4.47883
0.490361	4.4789
0.490842	4.47895
0.491323	4.47897
0.491804	4.47898
0.492286	4.47897
0.492768	4.47895
0.49325	4.47892
0.493732	4.47888
0.494215	4.47883
0.494698	4.47879
0.495182	4.47874
0.495665	4.4787
0.496149	4.47866
0.496633	4.47863
0.497118	4.47861
0.497603	4.47861
0.498088	4.47862
0.498574	4.47865
0.499059	4.47871
0.499545	4.47878
0.500032	4.47888
0.500518	4.479
0.501005	4.47915
0.501493	4.47932
0.50198	4.47953
0.502468	4.47976
0.502956	4.48003
0.503445	4.48033
0.503934	4.48065
0.504423	4.48102
0.504912	4.48141
0.505402	4.48183
0.505892	4.48229
0.506382	4.48278
0.506873	4.4833
0.507364	4.48385
0.507855	4.48444
0.508346	4.48506
0.508838	4.4857
0.50933	4.48638
0.509823	4.48709
0.510316	4.48782
0.510809	4.48858
0.511302	4.48937
0.511796	4.49019
0.51229	4.49103
0.512784	4.49189
0.513278	4.49278
0.513773	4.49368
0.514268	4.49461
0.514764	4.49555
0.51526	4.49651
0.515756	4.49749
0.516252	4.49848
0.516749	4.49949
0.517246	4.50051
0.517743	4.50154
0.518241	4.50258
0.518739	4.50362
0.519237	4.50468
0.519736	4.50573
0.520235	4.50679
0.520734	4.50786
0.521233	4.50892
0.521733	4.50998
0.522233	4.51104
0.522734	4.51209
0.523235	4.51313
0.523736	4.51416
0.524237	4.51519
0.524739	4.5162
0.525241	4.5172
0.525743	4.51817
0.526246	4.51913
0.526748	4.52007
0.527252	4.52098
0.527755	4.52187
0.528259	4.52273
0.528763	4.52355
0.529268	4.52434
0.529773	4.5251
0.530278	4.52581
0.530783	4.52649
0.531289	4.52712
0.531795	4.5277
0.532301	4.52823
0.532808	4.52871
0.533315	4.52913
0.533822	4.5295
0.53433	4.5298
0.534838	4.53004
0.535346	4.53021
0.535854	4.53031
0.536363	4.53034
0.536873	4.53029
0.537382	4.53017
0.537892	4.52996
0.538402	4.52967
0.538912	4.5293
0.539423	4.52884
0.539934	4.52829
0.540446	4.52765
0.540957	4.52691
0.541469	4.52606
0.541982	4.52513
0.542494	4.52409
0.543007	4.52296
0.543521	4.52173
0.544034	4.52039
0.544548	4.51895
0.545063	4.51741
0.545577	4.51576
0.546092	4.51401
0.546607	4.51216
0.547123	4.5102
0.547639	4.50814
0.548155	4.50598
0.548671	4.50372
0.549188	4.50135
0.549705	4.49889
0.550223	4.49634
0.550741	4.49369
0.551259	4.49096
0.551777	4.48814
0.552296	4.48524
0.552815	4.48225
0.553334	4.47919
0.553854	4.47606
0.554374	4.47287
0.554894	4.46961
0.555415	4.46629
0.555936	4.46292
0.556457	4.45951
0.556979	4.45605
0.557501	4.45255
0.558023	4.44902
0.558546	4.44546
0.559069	4.44189
0.559592	4.43829
0.560116	4.43469
0.560639	4.43108
0.561164	4.42747
0.561688	4.42388
0.562213	4.42029
0.562738	4.41673
0.563264	4.41319
0.56379	4.40968
0.564316	4.4062
0.564842	4.40277
0.564842	4.40277
0.565369	4.39938
0.565896	4.39604
0.566424	4.39275
0.566952	4.38952
0.56748	4.38635
0.568008	4.38325
0.568537	4.38022
0.569066	4.37726
0.569596	4.37437
0.570125	4.37155
0.570656	4.36881
0.571186	4.36615
0.571717	4.36358
0.572248	4.3611
0.572779	4.35869
0.573311	4.35637
0.573843	4.35413
0.574376	4.35197
0.574908	4.34991
0.575441	4.34793
0.575975	4.34604
0.576509	4.34422
0.577043	4.34247
0.577577	4.3408
0.578112	4.33922
0.578647	4.33772
0.579182	4.33629
0.579718	4.33493
0.580254	4.33363
0.58079	4.33241
0.581327	4.33126
0.581864	4.33015
0.582401	4.3291
0.582939	4.3281
0.583477	4.32716
0.584016	4.32626
0.584554	4.32541
0.585093	4.3246
0.585633	4.32383
0.586172	4.32309
0.586713	4.32238
0.587253	4.32169
0.587794	4.32104
0.588335	4.3204
0.588876	4.31978
0.589418	4.31917
0.58996	4.31858
0.590502	4.31799
0.591045	4.31741
0.591588	4.31683
0.592131	4.31625
0.592675	4.31567
0.593219	4.31508
0.593764	4.31449
0.594308	4.31388
0.594854	4.31326
0.595399	4.31262
0.595945	4.31196
0.596491	4.31128
0.597037	4.31058
0.597584	4.30985
0.598131	4.3091
0.598679	4.30832
0.599226	4.30751
0.599775	4.30668
0.600323	4.30581
0.600872	4.30492
0.601421	4.30399
0.601971	4.30303
0.60252	4.30203
0.603071	4.301
0.603621	4.29993
0.604172	4.29882
0.604723	4.29767
0.605275	4.29648
0.605827	4.29526
0.606379	4.29399
0.606931	4.29269
0.607484	4.29134
0.608038	4.28995
0.608591	4.28851
0.609145	4.28703
0.609699	4.28551
0.610254	4.28395
0.610809	4.28234
0.611364	4.28068
0.61192	4.27898
0.612476	4.27724
0.613032	4.27544
0.613589	4.2736
0.614146	4.27171
0.614704	4.26976
0.615261	4.26777
0.615819	4.26573
0.616378	4.26363
0.616937	4.26148
0.617496	4.25928
0.618055	4.25702
0.618615	4.2547
0.619175	4.25233
0.619736	4.2499
0.620296	4.2474
0.620858	4.24484
0.621419	4.24222
0.621981	4.23954
0.622543	4.23678
0.623106	4.23396
0.623669	4.23107
0.624232	4.2281
0.624796	4.22506
0.62536	4.22194
0.625924	4.21875
0.626489	4.21547
0.627054	4.21211
0.627619	4.20867
0.628185	4.20514
0.628751	4.20152
0.629317	4.19781
0.629884	4.194
0.630451	4.19009
0.631019	4.18609
0.631587	4.18198
0.632155	4.17777
0.632723	4.17345
0.633292	4.16903
0.633862	4.16448
0.634431	4.15983
0.634431	4.15983
0.635001	4.15505
0.635571	4.15015
0.636142	4.14513
0.636713	4.13998
0.637284	4.13471
0.637856	4.12929
0.638428	4.12374
0.639001	4.11805
0.639574	4.11221
0.640147	4.10622
0.64072	4.10008
0.641294	4.09378
0.641868	4.08733
0.642443	4.08071
0.643018	4.07393
0.643593	4.06698
0.644169	4.05984
0.644745	4.05253
0.645321	4.04504
0.645898	4.03736
0.646475	4.02949
0.647052	4.02141
0.64763	4.01313
0.648208	4.00465
0.648786	3.99595
0.649365	3.98703
0.649945	3.97789
0.650524	3.96851
0.651104	3.9589
0.651684	3.94905
0.652265	3.93894
0.652846	3.92858
0.653427	3.91796
0.654009	3.90706
0.654591	3.89589
0.655174	3.88443
0.655756	3.87269
0.65634	3.86064
0.656923	3.84829
0.657507	3.83563
0.658091	3.82264
0.658676	3.80933
0.659261	3.7957
0.659846	3.78171
0.660432	3.76738
0.661018	3.75271
0.661604	3.73768
0.662191	3.7223
0.662778	3.70655
0.663366	3.69044
0.663954	3.67396
0.664542	3.65712
0.665131	3.63991
0.66572	3.62233
0.666309	3.60438
0.666899	3.58607
0.667489	3.5674
0.668079	3.54838
0.66867	3.52903
0.669261	3.50938
0.669853	3.48944
0.670445	3.46927
0.671037	3.4489
0.671629	3.42839
0.672222	3.4078
0.672816	3.38715
0.67341	3.36649
0.674004	3.34587
0.674598	3.32534
0.675193	3.30495
0.675788	3.2847
0.676384	3.26465
0.67698	3.24479
0.677576	3.22514
0.678173	3.2057
0.67877	3.18651
0.679367	3.16755
0.679965	3.14885
0.680563	3.13039
0.681162	3.11218
0.681761	3.09422
0.68236	3.07651
0.68296	3.05905
0.68356	3.04183
0.68416	3.02486
0.684761	3.00812
0.685362	2.99162
0.685964	2.97535
0.686565	2.9593
0.687168	2.94348
0.68777	2.92788
0.688373	2.91249
0.688977	2.89731
0.68958	2.88234
0.690185	2.86757
0.690789	2.85299
0.691394	2.83861
0.691999	2.82441
0.692605	2.8104
0.693211	2.79657
0.693817	2.78292
0.694424	2.76944
0.695031	2.75612
0.695639	2.74297
0.696246	2.72998
0.696855	2.71715
0.697463	2.70447
0.698072	2.69194
0.698682	2.67956
0.699292	2.66732
0.699902	2.65522
0.700512	2.64326
0.701123	2.63143
0.701734	2.61973
0.702346	2.60816
0.702958	2.59671
0.70357	2.58539
0.704183	2.57419
0.704796	2.5631
0.70541	2.55213
0.706024	2.54128
0.706638	2.53053
0.707253	2.51989
0.707868	2.50935
0.708484	2.49892
0.709099	2.48859
0.709716	2.47836
0.710332	2.46822
0.710949	2.45818
0.711567	2.44823
0.712184	2.43838
0.712802	2.42861
0.713421	2.41893
0.71404	2.40934
0.714659	2.39983
0.715279	2.39041
0.715899	2.38106
0.716519	2.3718
0.71714	2.36261
0.717761	2.3535
0.718383	2.34447
0.719005	2.33551
0.719627	2.32663
0.72025	2.31781
0.720873	2.30907
0.721497	2.30039
0.722121	2.29179
0.722745	2.28325
0.723369	2.27478
0.723995	2.26637
0.72462	2.25803
0.725246	2.24975
0.725872	2.24153
0.726499	2.23338
0.727126	2.22528
0.727753	2.21724
0.728381	2.20927
0.729009	2.20135
0.729638	2.19349
0.730267	2.18568
0.730896	2.17794
0.731526	2.17024
0.732156	2.16261
0.732786	2.15502
0.733417	2.14749
0.734048	2.14001
0.73468	2.13259
0.735312	2.12521
0.735945	2.11789
0.736578	2.11062
0.737211	2.10339
0.737844	2.09622
0.738478	2.0891
0.739113	2.08202
0.739748	2.075
0.740383	2.06802
0.741019	2.06109
0.741655	2.0542
0.742291	2.04736
0.742928	2.04057
0.743565	2.03383
0.744202	2.02712
0.74484	2.02047
0.745479	2.01386
0.746118	2.00729
0.746757	2.00077
0.747396	1.99429
0.748036	1.98785
0.748677	1.98146
0.749317	1.97511
0.749959	1.9688
0.7506	1.96254
0.751242	1.95631
0.751884	1.95013
0.752527	1.94399
0.75317	1.93789
0.753814	1.93183
0.754458	1.92581
0.755102	1.91983
0.755747	1.91389
0.756392	1.90799
0.757037	1.90213
0.757683	1.8963
0.75833	1.89052
0.758976	1.88477
0.759623	1.87906
0.760271	1.87339
0.760919	1.86776
0.761567	1.86216
0.762216	1.8566
0.762865	1.85108
0.763515	1.84559
0.764165	1.84014
0.764815	1.83472
0.765466	1.82934
0.766117	1.82399
0.766768	1.81868
0.76742	1.8134
0.768073	1.80816
0.768725	1.80295
0.769379	1.79777
0.770032	1.79263
0.770686	1.78751
0.771341	1.78244
0.771995	1.77739
0.772651	1.77237
0.773306	1.76739
0.773962	1.76244
0.774619	1.75752
0.775275	1.75263
0.775933	1.74776
0.77659	1.74293
0.777248	1.73813
0.777907	1.73336
0.778566	1.72862
0.779225	1.72391
0.779885	1.71922
0.780545	1.71456
0.781205	1.70993
0.781866	1.70533
0.782527	1.70076
0.783189	1.69621
0.783851	1.69169
0.784514	1.6872
0.785177	1.68273
0.78584	1.67829
0.786504	1.67387
0.787168	1.66948
0.787833	1.66512
0.788498	1.66078
0.789163	1.65646
0.789829	1.65217
0.790495	1.6479
0.791162	1.64366
0.791829	1.63944
0.792496	1.63525
0.793164	1.63107
0.793833	1.62693
0.794501	1.6228
0.79517	1.6187
0.79584	1.61461
0.79651	1.61055
0.79718	1.60652
0.797851	1.6025
0.798522	1.59851
0.799194	1.59454
0.799866	1.59059
0.800539	1.58666
0.801211	1.58275
0.801885	1.57886
0.802558	1.57499
0.803233	1.57114
0.803907	1.56731
0.804582	1.56351
0.805257	1.55972
0.805933	1.55595
0.80661	1.5522
0.807286	1.54847
0.807963	1.54476
0.808641	1.54107
0.809319	1.5374
0.809997	1.53375
0.810676	1.53011
0.811355	1.5265
0.812034	1.5229
0.812714	1.51932
0.813395	1.51576
0.814076	1.51221
0.814757	1.50869
0.815439	1.50518
0.816121	1.50169
0.816803	1.49821
0.817486	1.49475
0.81817	1.49131
0.818853	1.48789
0.819538	1.48448
0.820222	1.48109
0.820907	1.47772
0.821593	1.47436
0.822279	1.47102
0.822965	1.4677
0.823652	1.46439
0.824339	1.46109
0.825027	1.45781
0.825715	1.45455
0.826403	1.4513
0.827092	1.44807
0.827782	1.44485
0.828471	1.44164
0.829162	1.43845
0.829852	1.43528
0.830543	1.43211
0.831235	1.42896
0.831927	1.42583
0.832619	1.42271
0.833312	1.4196
0.834005	1.4165
0.834698	1.41342
0.834698	1.41342
0.835393	1.41035
0.836087	1.40729
0.836782	1.40424
0.837477	1.40121
0.838173	1.39819
0.838869	1.39517
0.839566	1.39217
0.840263	1.38918
0.84096	1.3862
0.841658	1.38323
0.842357	1.38027
0.843056	1.37732
0.843755	1.37438
0.844454	1.37145
0.845155	1.36852
0.845855	1.36561
0.846556	1.3627
0.847257	1.3598
0.847959	1.3569
0.848662	1.35402
0.849364	1.35114
0.850067	1.34826
0.850771	1.34539
0.851475	1.34253
0.852179	1.33967
0.852884	1.33681
0.85359	1.33396
0.854295	1.33112
0.855002	1.32827
0.855708	1.32543
0.856415	1.32259
0.857123	1.31975
0.857831	1.31692
0.858539	1.31408
0.859248	1.31124
0.859957	1.3084
0.860667	1.30557
0.861377	1.30273
0.862088	1.29988
0.862799	1.29704
0.86351	1.29419
0.864222	1.29133
0.864934	1.28847
0.865647	1.28561
0.86636	1.28274
0.867074	1.27986
0.867788	1.27697
0.868503	1.27407
0.869218	1.27117
0.869933	1.26825
0.870649	1.26533
0.871365	1.26239
0.872082	1.25944
0.872799	1.25647
0.873517	1.25349
0.874235	1.25049
0.874954	1.24748
0.875673	1.24445
0.876392	1.2414
0.877112	1.23833
0.877832	1.23524
0.878553	1.23212
0.879274	1.22898
0.879996	1.22582
0.880718	1.22264
0.881441	1.21942
0.882164	1.21618
0.882887	1.21291
0.883611	1.2096
0.884335	1.20627
0.88506	1.2029
0.885785	1.19949
0.886511	1.19605
0.887237	1.19257
0.887964	1.18905
0.888691	1.18549
0.889418	1.18189
0.890146	1.17824
0.890875	1.17455
0.891604	1.1708
0.892333	1.16701
0.893063	1.16317
0.893793	1.15928
0.894524	1.15533
0.895255	1.15133
0.895986	1.14727
0.896718	1.14315
0.897451	1.13897
0.898184	1.13473
0.898917	1.13042
0.899651	1.12605
0.900385	1.12161
0.90112	1.1171
0.901855	1.11253
0.902591	1.10788
0.903327	1.10315
0.904064	1.09835
0.904801	1.09348
0.905538	1.08853
0.906276	1.0835
0.907014	1.07839
0.907753	1.07319
0.908493	1.06792
0.909232	1.06257
0.909973	1.05712
0.910713	1.0516
0.911454	1.04599
0.912196	1.04029
0.912938	1.03451
0.913681	1.02864
0.914424	1.02268
0.915167	1.01664
0.915911	1.0105
0.916655	1.00428
0.9174	0.997972
0.918146	0.991573
0.918891	0.985085
0.919638	0.978509
0.920384	0.971843
0.921131	0.965089
0.921879	0.958246
0.922627	0.951314
0.923376	0.944293
0.924125	0.937182
0.924874	0.929983
0.925624	0.922694
0.926374	0.915315
0.927125	0.907846
0.927876	0.900288
0.928628	0.89264
0.929381	0.884901
0.930133	0.87706
0.930886	0.86898
0.93164	0.860223
0.932394	0.85034
0.933149	0.839389
0.933904	0.827897
0.934659	0.816385
0.935415	0.805065
0.936172	0.793883
0.936929	0.782699
0.937686	0.771418
0.938444	0.760022
0.939202	0.748524
0.939961	0.736937
0.94072	0.725258
0.94148	0.713475
0.94224	0.701577
0.943001	0.689558
0.943762	0.677414
0.944524	0.66514
0.945286	0.652732
0.946048	0.640185
0.946812	0.627494
0.947575	0.614654
0.948339	0.601662
0.949104	0.588513
0.949868	0.575202
0.950634	0.561724
0.9514	0.548076
0.952166	0.534252
0.952933	0.520247
0.9537	0.506056
0.954468	0.491675
0.955236	0.477101
0.956005	0.462329
0.957019	0.442514
0.958032	0.42231
0.959046	0.401748
0.960059	0.380797
0.961073	0.359415
0.962086	0.337588
0.9631	0.315298
0.964114	0.292543
0.965127	0.269297
0.966141	0.245599
0.967154	0.221383
0.968168	0.196795
0.969182	0.171606
0.970195	0.146215
0.971896	0.101852
0.973598	0.0578032
0.974448	0.0374531
0.975299	0.0187896
0.975724	0.0114026
0.976149	0.00571247
0.976575	0.00186355
0.977	0.000647519
)
