(title "Static Temperature")
(labels "Position" "Static Temperature")

((xy/key/label "axis")
-0.023	294.985
-0.0229699	294.985
-0.0229399	294.985
-0.0229098	294.985
-0.0228797	294.985
-0.0228196	294.985
-0.0227595	294.985
-0.0226392	294.985
-0.022519	294.984
-0.0223987	294.983
-0.0222785	294.982
-0.0221582	294.981
-0.022038	294.979
-0.0219177	294.978
-0.0217975	294.976
-0.0216772	294.974
-0.021557	294.973
-0.0214367	294.971
-0.0213165	294.969
-0.0211962	294.967
-0.021076	294.965
-0.0209557	294.963
-0.0208355	294.961
-0.0207152	294.959
-0.020595	294.957
-0.0204747	294.955
-0.0203545	294.953
-0.0202342	294.951
-0.0201139	294.95
-0.0199937	294.948
-0.0198734	294.946
-0.0197532	294.944
-0.0196329	294.943
-0.0195127	294.941
-0.0193924	294.94
-0.0192722	294.938
-0.0191519	294.937
-0.0190317	294.936
-0.0189114	294.934
-0.0187912	294.933
-0.0186709	294.932
-0.0185507	294.931
-0.0184304	294.93
-0.0183102	294.929
-0.0181899	294.929
-0.0180697	294.928
-0.0179494	294.927
-0.0178292	294.927
-0.0177089	294.926
-0.0175887	294.926
-0.0174684	294.926
-0.0173481	294.925
-0.0172279	294.925
-0.0171076	294.925
-0.0169874	294.925
-0.0168671	294.925
-0.0167469	294.925
-0.0166266	294.926
-0.0165064	294.926
-0.0163861	294.926
-0.0162659	294.927
-0.0161456	294.927
-0.0160254	294.928
-0.0159051	294.928
-0.0157849	294.929
-0.0156646	294.93
-0.0155444	294.931
-0.0154241	294.932
-0.0153039	294.933
-0.0151836	294.934
-0.0150634	294.935
-0.0149431	294.936
-0.0148229	294.938
-0.0147026	294.939
-0.0145823	294.94
-0.0144621	294.942
-0.0143418	294.943
-0.0142216	294.945
-0.0141013	294.947
-0.0139811	294.948
-0.0138608	294.95
-0.0137406	294.952
-0.0136203	294.953
-0.0135001	294.955
-0.013371	294.957
-0.013242	294.959
-0.013113	294.961
-0.0129839	294.963
-0.0128549	294.965
-0.0127259	294.967
-0.0125968	294.969
-0.0124678	294.971
-0.0123387	294.973
-0.0122097	294.975
-0.0120807	294.977
-0.0119516	294.978
-0.0118226	294.98
-0.0116936	294.981
-0.0115645	294.983
-0.0114355	294.984
-0.0113064	294.985
-0.0111774	294.985
-0.0110484	294.986
-0.0109193	294.986
-0.0107903	294.986
-0.0106613	294.986
-0.0105322	294.985
-0.0104032	294.984
-0.0102741	294.983
-0.0101451	294.981
-0.0100161	294.979
-0.00988703	294.976
-0.00975799	294.973
-0.00962896	294.97
-0.00949992	294.965
-0.00937967	294.961
-0.00925942	294.956
-0.00913916	294.95
-0.00901891	294.944
-0.00889866	294.937
-0.00877841	294.93
-0.00877841	294.93
-0.00865815	294.922
-0.0085379	294.912
-0.00841765	294.903
-0.0082974	294.892
-0.00817715	294.881
-0.00805689	294.868
-0.00793664	294.855
-0.00781639	294.84
-0.00769614	294.825
-0.00757589	294.808
-0.00745563	294.79
-0.00733538	294.771
-0.00721513	294.751
-0.00709488	294.729
-0.00697462	294.705
-0.00685437	294.68
-0.00673412	294.654
-0.00661387	294.625
-0.00649362	294.595
-0.00637336	294.563
-0.00625311	294.529
-0.00613286	294.492
-0.00601261	294.453
-0.00589236	294.412
-0.0057721	294.367
-0.00565185	294.32
-0.0055316	294.27
-0.00541135	294.217
-0.00529109	294.16
-0.00517084	294.1
-0.00505059	294.035
-0.00493034	293.966
-0.00481009	293.893
-0.00468983	293.815
-0.00456958	293.732
-0.00444933	293.643
-0.00432908	293.548
-0.00420883	293.447
-0.00408857	293.339
-0.00396832	293.224
-0.00384807	293.101
-0.00372782	292.969
-0.00360756	292.829
-0.00348731	292.679
-0.00336706	292.519
-0.00324681	292.348
-0.00312656	292.166
-0.0030063	291.971
-0.00288605	291.762
-0.0027658	291.54
-0.00264555	291.303
-0.0025253	291.05
-0.00240504	290.78
-0.00228479	290.492
-0.00216454	290.186
-0.00204429	289.859
-0.00192403	289.512
-0.00180378	289.143
-0.00168353	288.751
-0.00156328	288.335
-0.00144303	287.893
-0.00132277	287.425
-0.00120252	286.93
-0.00108227	286.407
-0.000962017	285.855
-0.000841765	285.272
-0.000721513	284.659
-0.000601261	284.013
-0.000481008	283.336
-0.000360756	282.624
-0.000240504	281.88
-0.000120252	281.101
1.62761e-10	280.286
0.000137656	279.312
0.000275313	278.291
0.000412969	277.223
0.000550625	276.108
0.000688281	274.946
0.000825938	273.737
0.000963594	272.479
0.00110125	271.173
0.00123891	269.82
0.00137656	268.418
0.00151422	266.968
0.00165188	265.469
0.00178953	263.921
0.00192719	262.323
0.00206484	260.676
0.0022025	258.978
0.00234016	257.23
0.00247781	255.43
0.00261547	253.578
0.00275313	251.673
0.00289078	249.716
0.00302844	247.704
0.00316609	245.639
0.00330375	243.518
0.00344141	241.342
0.00357906	239.11
0.00371672	236.822
0.00385437	234.477
0.00399203	232.075
0.00412969	229.615
0.00426734	227.1
0.004405	224.529
0.00454266	221.902
0.00468031	219.221
0.00481797	216.487
0.00495562	213.702
0.00509328	210.868
0.00523094	207.987
0.00536859	205.062
0.00550625	202.096
0.00564391	199.094
0.00578156	196.059
0.00591922	192.995
0.00605687	189.908
0.00619453	186.803
0.00633219	183.686
0.00646984	180.561
0.0066075	177.434
0.00674516	174.311
0.00688281	171.197
0.00702047	168.098
0.00715812	165.018
0.00729578	161.962
0.00743344	158.935
0.00757109	155.941
0.00770875	152.983
0.00784641	150.066
0.00798406	147.192
0.00812172	144.365
0.00825937	141.586
0.00839703	138.859
0.00853469	136.184
0.00867234	133.563
0.00881	130.999
0.00894766	128.49
0.00908531	126.04
0.00922297	123.647
0.00936062	121.312
0.00949828	119.036
0.00963594	116.818
0.00977359	114.659
0.00991125	112.558
0.0100489	110.515
0.0101866	108.53
0.0103242	106.602
0.0104619	104.73
0.0105995	102.915
0.0107372	101.156
0.0108748	99.4519
0.0110125	97.803
0.0111502	96.2087
0.0112878	94.6687
0.0114255	93.1827
0.0115631	91.7505
0.0117008	90.3722
0.0118384	89.0478
0.0119761	87.7774
0.0121137	86.5614
0.0122514	85.4003
0.0123891	84.2948
0.0125267	83.2458
0.0125267	83.2458
0.0126644	82.2542
0.012802	81.3213
0.0129397	80.4484
0.0130773	79.6369
0.013215	78.8884
0.0133527	78.2044
0.0134903	77.5861
0.013628	77.0347
0.0137656	76.5508
0.0139033	76.1345
0.0140409	75.785
0.0141786	75.5003
0.0143162	75.2773
0.0144539	75.1114
0.0145916	74.9962
0.0147292	74.9249
0.0148669	74.8866
0.0150045	74.8774
0.0151422	74.8856
0.0152798	74.8946
0.0154175	74.8967
0.0155552	74.8864
0.0156928	74.8607
0.0158305	74.813
0.0159681	74.7397
0.0161058	74.6402
0.0162434	74.5153
0.0163811	74.3668
0.0165187	74.1972
0.0166564	74.0094
0.0167941	73.8065
0.0169317	73.5911
0.0170694	73.3658
0.017207	73.1323
0.0173447	72.8923
0.0174823	72.6467
0.01762	72.3962
0.0177577	72.1411
0.0178953	71.8815
0.018033	71.6175
0.0181706	71.349
0.0183083	71.0761
0.0184459	70.7987
0.0185836	70.5172
0.0187212	70.2316
0.0188589	69.9425
0.0189966	69.6502
0.0191342	69.3553
0.0192719	69.0583
0.0194095	68.7599
0.0195472	68.4605
0.0196848	68.1606
0.0198225	67.8608
0.0199602	67.5615
0.0200978	67.2629
0.0202355	66.9652
0.0203731	66.6687
0.0205108	66.3734
0.0206484	66.0793
0.0207861	65.7863
0.0209237	65.4943
0.0210614	65.2031
0.0211991	64.9126
0.0213367	64.6227
0.0214744	64.3329
0.021612	64.0433
0.0217497	63.7536
0.0218873	63.4637
0.022025	63.1735
0.0221627	62.8829
0.0223003	62.5918
0.022438	62.3003
0.0225756	62.0084
0.0227133	61.7161
0.0228509	61.4235
0.0229886	61.1309
0.0231262	60.8382
0.0232639	60.5456
0.0234016	60.2534
0.0235392	59.9617
0.0236769	59.6707
0.0238145	59.3805
0.0239522	59.0914
0.0240898	58.8034
0.0242275	58.5169
0.0243652	58.2318
0.0245028	57.9485
0.0246405	57.667
0.0247781	57.3874
0.0249158	57.11
0.0250534	56.8347
0.0251911	56.5616
0.0253287	56.2909
0.0254664	56.0227
0.0256041	55.757
0.0257417	55.4937
0.0258794	55.2331
0.026017	54.975
0.0261547	54.7196
0.0262923	54.4667
0.02643	54.2165
0.0265677	53.9688
0.0267053	53.7237
0.026843	53.4811
0.0269806	53.241
0.0271183	53.0033
0.0272559	52.768
0.0273936	52.535
0.0275312	52.3042
0.0276689	52.0756
0.0278066	51.8491
0.0279442	51.6246
0.0280819	51.402
0.0282195	51.1814
0.0283572	50.9625
0.0284948	50.7453
0.0286325	50.5298
0.0287702	50.316
0.0289078	50.1036
0.0290455	49.8928
0.0291831	49.6834
0.0293208	49.4754
0.0294584	49.2688
0.0295961	49.0636
0.0297337	48.8596
0.0298714	48.6569
0.0300091	48.4555
0.0301467	48.2554
0.0302844	48.0565
0.030422	47.8589
0.0305597	47.6625
0.0306973	47.4674
0.030835	47.2735
0.0309727	47.0809
0.0311103	46.8895
0.031248	46.6994
0.0313856	46.5107
0.0315233	46.3232
0.0316609	46.1371
0.0317986	45.9523
0.0319362	45.7688
0.0320739	45.5868
0.0322116	45.4061
0.0323492	45.2268
0.0324869	45.0489
0.0326245	44.8725
0.0327622	44.6975
0.0328998	44.524
0.0330375	44.352
0.0331752	44.1814
0.0333128	44.0124
0.0334505	43.8448
0.0335881	43.6788
0.0337258	43.5143
0.0338634	43.3514
0.0340011	43.1899
0.0341387	43.03
0.0342764	42.8716
0.0344141	42.7148
0.0345517	42.5595
0.0346894	42.4056
0.034827	42.2533
0.0349647	42.1025
0.0351023	41.9531
0.03524	41.8052
0.0353777	41.6588
0.0355153	41.5137
0.035653	41.3701
0.0357906	41.2279
0.0359283	41.087
0.0360659	40.9474
0.0362036	40.8092
0.0363412	40.6722
0.0364789	40.5365
0.0366166	40.402
0.0367542	40.2687
0.0368919	40.1366
0.0370295	40.0056
0.0371672	39.8758
0.0373048	39.7471
0.0374425	39.6194
0.0375802	39.4928
0.0377178	39.3672
0.0378555	39.2426
0.0379931	39.1191
0.0381308	38.9964
0.0382684	38.8748
0.0384061	38.7541
0.0385437	38.6343
0.0386814	38.5154
0.0388191	38.3974
0.0389567	38.2803
0.0390944	38.1641
0.039232	38.0488
0.0393697	37.9344
0.0395073	37.8208
0.039645	37.7081
0.0397827	37.5963
0.0399203	37.4853
0.040058	37.3753
0.0401956	37.266
0.0403333	37.1577
0.0404709	37.0503
0.0406086	36.9437
0.0407462	36.8381
0.0408839	36.7333
0.0410216	36.6294
0.0411592	36.5265
0.0412969	36.4244
0.0414345	36.3233
0.0415722	36.2231
0.0417098	36.1238
0.0418475	36.0254
0.0419852	35.928
0.0421228	35.8315
0.0422605	35.7359
0.0423981	35.6413
0.0425358	35.5477
0.0426734	35.455
0.0428111	35.3632
0.0429487	35.2723
0.0430864	35.1825
0.0432241	35.0935
0.0433617	35.0055
0.0434994	34.9184
0.043637	34.8322
0.0437747	34.747
0.0439123	34.6627
0.04405	34.5793
0.0441877	34.4968
0.0443253	34.4152
0.044463	34.3344
0.0446006	34.2546
0.0447383	34.1756
0.0448759	34.0975
0.0450136	34.0202
0.0451512	33.9438
0.0452889	33.8681
0.0454266	33.7933
0.0455642	33.7193
0.0457019	33.6461
0.0458395	33.5736
0.0459772	33.502
0.0461148	33.431
0.0462525	33.3609
0.0463902	33.2914
0.0465278	33.2227
0.0466655	33.1546
0.0468031	33.0873
0.0469408	33.0206
0.0470784	32.9547
0.0472161	32.8893
0.0473537	32.8247
0.0474914	32.7607
0.0476291	32.6973
0.0477667	32.6345
0.0479044	32.5724
0.048042	32.5108
0.0481797	32.4499
0.0483173	32.3896
0.048455	32.3298
0.0485927	32.2707
0.0487303	32.2121
0.048868	32.1541
0.0490056	32.0967
0.0491433	32.0398
0.0492809	31.9836
0.0494186	31.9278
0.0495562	31.8727
0.0496939	31.818
0.0498316	31.764
0.0499692	31.7105
0.0501069	31.6576
0.0502445	31.6052
0.0503822	31.5534
0.0505198	31.5021
0.0506575	31.4514
0.0507952	31.4013
0.0509328	31.3517
0.0510705	31.3027
0.0512081	31.2543
0.0513458	31.2064
0.0514834	31.1592
0.0516211	31.1124
0.0517587	31.0663
0.0518964	31.0208
0.0520341	30.9758
0.0521717	30.9315
0.0523094	30.8877
0.052447	30.8446
0.0525847	30.802
0.0525847	30.802
0.0527223	30.7601
0.05286	30.7188
0.0529977	30.6781
0.0531353	30.638
0.053273	30.5985
0.0534106	30.5597
0.0535483	30.5215
0.0536859	30.4839
0.0538236	30.447
0.0539612	30.4107
0.0540989	30.3751
0.0542366	30.3401
0.0543742	30.3058
0.0545119	30.2721
0.0546495	30.2392
0.0547872	30.2068
0.0549248	30.1752
0.0550625	30.1442
0.0552002	30.1139
0.0553378	30.0843
0.0554755	30.0553
0.0556131	30.0271
0.0557508	29.9995
0.0558884	29.9726
0.0560261	29.9464
0.0561637	29.9209
0.0563014	29.8961
0.0564391	29.872
0.0565767	29.8486
0.0567144	29.8259
0.056852	29.8039
0.0569897	29.7826
0.0571273	29.7621
0.057265	29.7422
0.0574027	29.723
0.0575403	29.7046
0.057678	29.6868
0.0578156	29.6698
0.0579533	29.6535
0.0580909	29.6379
0.0582286	29.623
0.0583662	29.6088
0.0585039	29.5954
0.0586416	29.5826
0.0587792	29.5706
0.0589169	29.5593
0.0590545	29.5487
0.0591922	29.5389
0.0593298	29.5297
0.0594675	29.5213
0.0596052	29.5136
0.0597428	29.5066
0.0598805	29.5004
0.0600181	29.4948
0.0601558	29.49
0.0602934	29.4859
0.0604311	29.4826
0.0605687	29.4799
0.0607064	29.4779
0.0608441	29.4767
0.0609817	29.4762
0.0611194	29.4764
0.061257	29.4774
0.0613947	29.4793
0.0615323	29.4819
0.06167	29.4851
0.0618077	29.4889
0.0619453	29.4934
0.062083	29.4987
0.0622206	29.5047
0.0623583	29.5115
0.0624959	29.519
0.0626336	29.5271
0.0627712	29.536
0.0629089	29.5457
0.0630466	29.556
0.0631842	29.567
0.0633219	29.5786
0.0634595	29.5909
0.0635972	29.6039
0.0637348	29.6176
0.0638725	29.632
0.0640102	29.6471
0.0641478	29.663
0.0642855	29.6796
0.0644231	29.6969
0.0645608	29.715
0.0646984	29.7339
0.0648361	29.7534
0.0649737	29.7737
0.0651114	29.7947
0.0652491	29.8164
0.0653867	29.8389
0.0655244	29.862
0.065662	29.8859
0.0657997	29.9104
0.0659373	29.9356
0.066075	29.9616
0.0662127	29.9882
0.0663503	30.0155
0.066488	30.0435
0.0666256	30.0723
0.0667633	30.1017
0.0669009	30.1318
0.0670386	30.1627
0.0671762	30.1943
0.0673139	30.2265
0.0674516	30.2595
0.0675892	30.2932
0.0677269	30.3277
0.0678645	30.3628
0.0680022	30.3987
0.0681398	30.4352
0.0682775	30.4725
0.0684152	30.5105
0.0685528	30.5491
0.0686905	30.5885
0.0688281	30.6286
0.0689658	30.6694
0.0691034	30.7108
0.0692411	30.753
0.0693787	30.7958
0.0695164	30.8393
0.0696541	30.8835
0.0697917	30.9284
0.0699294	30.9739
0.070067	31.0201
0.0702047	31.067
0.0703423	31.1145
0.07048	31.1626
0.0706177	31.2114
0.0707553	31.2608
0.070893	31.3108
0.0710306	31.3614
0.0711683	31.4126
0.0713059	31.4644
0.0714436	31.5168
0.0715812	31.5697
0.0717189	31.6231
0.0718566	31.6771
0.0719942	31.7316
0.0721319	31.7865
0.0722695	31.842
0.0724072	31.8978
0.0725448	31.9542
0.0726825	32.0109
0.0726825	32.0109
0.0728201	32.068
0.0729578	32.1255
0.0730955	32.1834
0.0732331	32.2415
0.0733708	32.3
0.0735084	32.3588
0.0736461	32.4178
0.0737837	32.477
0.0739214	32.5365
0.0740591	32.5961
0.0741967	32.6559
0.0743344	32.7158
0.074472	32.7759
0.0746097	32.836
0.0747473	32.8962
0.074885	32.9564
0.0750227	33.0165
0.0751603	33.0767
0.075298	33.1368
0.0754356	33.1968
0.0755733	33.2567
0.0757109	33.3164
0.0758486	33.376
0.0759862	33.4355
0.0761239	33.4947
0.0762616	33.5536
0.0763992	33.6124
0.0765369	33.6708
0.0766745	33.7289
0.0768122	33.7867
0.0769498	33.8442
0.0770875	33.9013
0.0772251	33.9579
0.0773628	34.0142
0.0775005	34.0701
0.0776381	34.1255
0.0777758	34.1804
0.0779134	34.2349
0.0780511	34.2889
0.0781887	34.3423
0.0783264	34.3953
0.0784641	34.4477
0.0786017	34.4996
0.0787394	34.5509
0.078877	34.6016
0.0790147	34.6518
0.0791523	34.7014
0.07929	34.7504
0.0794277	34.7988
0.0795653	34.8466
0.079703	34.8938
0.0798406	34.9404
0.0799783	34.9864
0.0801159	35.0318
0.0802536	35.0765
0.0803912	35.1206
0.0805289	35.1641
0.0806666	35.207
0.0808042	35.2493
0.0809419	35.2909
0.0810795	35.332
0.0812172	35.3724
0.0813548	35.4122
0.0814925	35.4514
0.0816302	35.49
0.0817678	35.528
0.0819055	35.5654
0.0820431	35.6022
0.0821808	35.6384
0.0823184	35.674
0.0824561	35.7091
0.0825937	35.7436
0.0827314	35.7776
0.0828691	35.811
0.0830067	35.8438
0.0831444	35.8762
0.083282	35.908
0.0834197	35.9392
0.0835573	35.97
0.083695	36.0003
0.0838327	36.0301
0.0839703	36.0594
0.084108	36.0882
0.0842456	36.1165
0.0843833	36.1444
0.0845209	36.1719
0.0846586	36.1989
0.0847962	36.2255
0.0849339	36.2517
0.0850716	36.2774
0.0852092	36.3028
0.0853469	36.3278
0.0854845	36.3524
0.0856222	36.3767
0.0857598	36.4005
0.0858975	36.4241
0.0860352	36.4473
0.0861728	36.4702
0.0863105	36.4928
0.0864481	36.515
0.0865858	36.537
0.0867234	36.5587
0.0868611	36.5801
0.0869987	36.6012
0.0871364	36.6221
0.0872741	36.6427
0.0874117	36.6631
0.0875494	36.6833
0.087687	36.7032
0.0878247	36.7229
0.0879623	36.7426
0.0881	36.7621
0.0883314	36.794
0.088563	36.8255
0.0887947	36.8566
0.0890266	36.8873
0.0892586	36.9177
0.0894907	36.9478
0.089723	36.9775
0.0899554	37.007
0.090188	37.0362
0.0904207	37.0651
0.0906536	37.0938
0.0908866	37.1223
0.0911197	37.1506
0.091353	37.1788
0.0915865	37.2067
0.0918201	37.2345
0.0920538	37.2621
0.0922877	37.2896
0.0925217	37.3169
0.0927559	37.344
0.0929902	37.371
0.0932246	37.3978
0.0934592	37.4245
0.093694	37.4509
0.0939289	37.4772
0.0941639	37.5033
0.0943991	37.5291
0.0946344	37.5548
0.0948699	37.5802
0.0951055	37.6054
0.0953413	37.6304
0.0955772	37.6551
0.0958132	37.6795
0.0960494	37.7037
0.0962858	37.7277
0.0965223	37.7513
0.0967589	37.7747
0.0969957	37.7978
0.0972327	37.8206
0.0974697	37.8432
0.097707	37.8654
0.0979444	37.8875
0.0981819	37.9092
0.0984196	37.9308
0.0986574	37.9521
0.0988953	37.9731
0.0991335	37.994
0.0993717	38.0147
0.0996101	38.0353
0.0998487	38.0557
0.100087	38.076
0.100326	38.0962
0.100565	38.1163
0.100804	38.1364
0.101044	38.1565
0.101283	38.1766
0.101523	38.1968
0.101762	38.217
0.102002	38.2374
0.102242	38.2579
0.102483	38.2786
0.102723	38.2995
0.102963	38.3207
0.103204	38.3421
0.103445	38.3638
0.103686	38.3858
0.103927	38.4082
0.104168	38.4309
0.104409	38.4541
0.104651	38.4776
0.104893	38.5016
0.105135	38.5261
0.105376	38.551
0.105619	38.5764
0.105861	38.6022
0.106103	38.6285
0.106346	38.6553
0.106589	38.6826
0.106832	38.7103
0.107075	38.7384
0.107318	38.7669
0.107561	38.7959
0.107805	38.8251
0.108048	38.8547
0.108292	38.8845
0.108536	38.9145
0.10878	38.9447
0.109024	38.9749
0.109269	39.0052
0.109513	39.0354
0.109758	39.0655
0.110003	39.0953
0.110248	39.1247
0.110493	39.1537
0.110738	39.1822
0.110984	39.21
0.111229	39.237
0.111475	39.263
0.111721	39.288
0.111967	39.3118
0.112213	39.3343
0.11246	39.3553
0.112706	39.3747
0.112953	39.3923
0.1132	39.4081
0.113447	39.4217
0.113694	39.4332
0.113941	39.4424
0.114188	39.4491
0.114436	39.4532
0.114684	39.4545
0.114932	39.4524
0.11518	39.4476
0.115428	39.4402
0.115676	39.4293
0.115925	39.4147
0.116173	39.3967
0.116422	39.3753
0.116671	39.3507
0.11692	39.3226
0.11717	39.2909
0.117419	39.2555
0.117669	39.2164
0.117918	39.1733
0.118168	39.1264
0.118418	39.0756
0.118669	39.0211
0.118919	38.9628
0.119169	38.9009
0.11942	38.8353
0.119671	38.7662
0.119922	38.6935
0.120173	38.6173
0.120424	38.5376
0.120676	38.4546
0.120927	38.3682
0.121179	38.2786
0.121431	38.1859
0.121683	38.0902
0.121935	37.9915
0.122188	37.8899
0.12244	37.7856
0.122693	37.6787
0.122946	37.5692
0.123199	37.4573
0.123452	37.343
0.123705	37.2265
0.123959	37.1079
0.124213	36.9873
0.124466	36.8648
0.12472	36.7404
0.124975	36.6144
0.125229	36.4868
0.125483	36.3577
0.125738	36.2273
0.125993	36.0955
0.126247	35.9626
0.126503	35.8287
0.126758	35.6938
0.127013	35.558
0.127269	35.4214
0.127524	35.2842
0.12778	35.1464
0.128036	35.0081
0.128292	34.8695
0.128549	34.7306
0.128805	34.5915
0.129062	34.4523
0.129319	34.3131
0.129576	34.174
0.129833	34.0352
0.13009	33.8966
0.130347	33.7584
0.130605	33.6208
0.130863	33.4837
0.131121	33.3474
0.131379	33.2118
0.131637	33.0773
0.131637	33.0773
0.131896	32.9438
0.132154	32.8115
0.132413	32.6804
0.132672	32.5508
0.132931	32.4228
0.13319	32.2965
0.133449	32.1721
0.133709	32.0498
0.133969	31.9298
0.134228	31.8122
0.134488	31.6972
0.134749	31.5852
0.135009	31.4764
0.135269	31.3711
0.13553	31.2695
0.135791	31.1721
0.136052	31.0791
0.136313	30.9912
0.136574	30.9086
0.136836	30.832
0.137097	30.7619
0.137359	30.6989
0.137621	30.6438
0.137883	30.5975
0.138145	30.5606
0.138408	30.5344
0.13867	30.5194
0.138933	30.5171
0.139196	30.5332
0.139459	30.5646
0.139722	30.6089
0.139986	30.6751
0.140249	30.7651
0.140513	30.8786
0.140777	31.0185
0.141041	31.1868
0.141305	31.3864
0.14157	31.6206
0.141834	31.8928
0.142099	32.2066
0.142364	32.5655
0.142629	32.9724
0.142894	33.4299
0.14316	33.9397
0.143425	34.5022
0.143691	35.1164
0.143957	35.7788
0.144223	36.4856
0.144489	37.2194
0.144755	37.9709
0.145022	38.733
0.145289	39.4803
0.145555	40.1906
0.145822	40.8453
0.14609	41.427
0.146357	41.9227
0.146625	42.3253
0.146892	42.6338
0.14716	42.8512
0.147428	42.9855
0.147696	43.0452
0.147965	43.0239
0.148233	42.9524
0.148502	42.8553
0.148771	42.7178
0.14904	42.5488
0.149309	42.3644
0.149578	42.1764
0.149848	41.9889
0.150117	41.8016
0.150387	41.6137
0.150657	41.4256
0.150928	41.2377
0.151198	41.051
0.151468	40.8674
0.151739	40.6889
0.15201	40.5162
0.152281	40.349
0.152552	40.1877
0.152824	40.0322
0.153095	39.8818
0.153367	39.7359
0.153639	39.5941
0.153911	39.4561
0.154183	39.3216
0.154455	39.1906
0.154728	39.0629
0.155001	38.9383
0.155273	38.8166
0.155546	38.6977
0.15582	38.5813
0.156093	38.4673
0.156367	38.3554
0.15664	38.2454
0.156914	38.1372
0.157188	38.0305
0.157463	37.9254
0.157737	37.8217
0.158012	37.7193
0.158286	37.6181
0.158561	37.518
0.158836	37.419
0.159112	37.3209
0.159387	37.2237
0.159663	37.1273
0.159938	37.0316
0.160214	36.9367
0.16049	36.8424
0.160767	36.7487
0.161043	36.6556
0.16132	36.563
0.161597	36.4709
0.161873	36.3793
0.162151	36.2882
0.162428	36.1975
0.162705	36.1072
0.162983	36.0172
0.163261	35.9277
0.163539	35.8385
0.163817	35.7496
0.164095	35.6611
0.164374	35.573
0.164653	35.4851
0.164931	35.3975
0.165211	35.3103
0.16549	35.2234
0.165769	35.1368
0.166049	35.0505
0.166328	34.9645
0.166608	34.8788
0.166888	34.7934
0.167169	34.7084
0.167449	34.6237
0.16773	34.5393
0.16801	34.4553
0.168291	34.3716
0.168572	34.2882
0.168854	34.2053
0.169135	34.1227
0.169417	34.0405
0.169699	33.9587
0.169981	33.8773
0.170263	33.7964
0.170545	33.7159
0.170828	33.6359
0.17111	33.5563
0.171393	33.4773
0.171676	33.3988
0.171959	33.3207
0.172243	33.2433
0.172526	33.1664
0.17281	33.0901
0.173094	33.0145
0.173378	32.9395
0.173662	32.8651
0.173947	32.7915
0.174231	32.7185
0.174516	32.6463
0.174801	32.5749
0.175086	32.5043
0.175372	32.4345
0.175657	32.3656
0.175943	32.2975
0.176229	32.2304
0.176515	32.1643
0.176801	32.0991
0.177087	32.035
0.177374	31.9719
0.177661	31.91
0.177948	31.8492
0.178235	31.7896
0.178522	31.7312
0.178809	31.6741
0.179097	31.6183
0.179385	31.5638
0.179673	31.5108
0.179961	31.4592
0.180249	31.409
0.180538	31.3605
0.180827	31.3135
0.181115	31.2682
0.181405	31.2245
0.181694	31.1826
0.181983	31.1425
0.181983	31.1425
0.182273	31.1042
0.182563	31.0678
0.182853	31.0334
0.183143	31.0009
0.183433	30.9706
0.183723	30.9423
0.184014	30.9162
0.184305	30.8924
0.184596	30.8708
0.184887	30.8515
0.185179	30.8346
0.18547	30.8202
0.185762	30.8082
0.186054	30.7988
0.186346	30.792
0.186638	30.7878
0.186931	30.7863
0.187224	30.7878
0.187516	30.7919
0.187809	30.799
0.188103	30.8091
0.188396	30.822
0.18869	30.8379
0.188983	30.8567
0.189277	30.8784
0.189571	30.9029
0.189866	30.9305
0.19016	30.9611
0.190455	30.9949
0.19075	31.0318
0.191045	31.0718
0.19134	31.1148
0.191635	31.161
0.191931	31.2101
0.192227	31.2622
0.192523	31.3171
0.192819	31.3749
0.193115	31.4355
0.193412	31.4988
0.193708	31.5647
0.194005	31.6332
0.194302	31.7041
0.194599	31.7774
0.194897	31.8529
0.195194	31.9305
0.195492	32.01
0.19579	32.0914
0.196088	32.1745
0.196387	32.259
0.196685	32.3449
0.196984	32.432
0.197283	32.5202
0.197582	32.6092
0.197881	32.6989
0.198181	32.7891
0.19848	32.8798
0.19878	32.9706
0.19908	33.0615
0.19938	33.1522
0.199681	33.2427
0.199981	33.3328
0.200282	33.4223
0.200583	33.5111
0.200884	33.5992
0.201185	33.6864
0.201487	33.7726
0.201789	33.8577
0.20209	33.9417
0.202392	34.0245
0.202695	34.106
0.202997	34.1861
0.2033	34.265
0.203603	34.3425
0.203906	34.4186
0.204209	34.4933
0.204512	34.5666
0.204816	34.6386
0.205119	34.7093
0.205423	34.7786
0.205727	34.8466
0.206032	34.9134
0.206336	34.979
0.206641	35.0434
0.206946	35.1067
0.207251	35.1689
0.207556	35.2301
0.207862	35.2904
0.208167	35.3498
0.208473	35.4083
0.208779	35.4661
0.209085	35.5231
0.209392	35.5794
0.209698	35.6352
0.210005	35.6903
0.210312	35.745
0.210619	35.7992
0.210927	35.8531
0.211234	35.9066
0.211542	35.9598
0.21185	36.0127
0.212158	36.0655
0.212466	36.118
0.212775	36.1705
0.213083	36.2229
0.213392	36.2753
0.213701	36.3276
0.21401	36.3799
0.21432	36.4323
0.21463	36.4848
0.214939	36.5373
0.215249	36.59
0.21556	36.6427
0.21587	36.6956
0.216181	36.7486
0.216491	36.8017
0.216802	36.8549
0.217114	36.9082
0.217425	36.9615
0.217736	37.015
0.218048	37.0684
0.21836	37.1219
0.218672	37.1753
0.218985	37.2286
0.219297	37.2818
0.21961	37.3347
0.219923	37.3875
0.220236	37.4398
0.220549	37.4918
0.220863	37.5433
0.221176	37.5942
0.22149	37.6445
0.221804	37.694
0.222119	37.7427
0.222433	37.7905
0.222748	37.8372
0.223063	37.8828
0.223378	37.9271
0.223693	37.9701
0.224008	38.0117
0.224324	38.0517
0.22464	38.0901
0.224956	38.1267
0.225272	38.1616
0.225589	38.1944
0.225905	38.2253
0.226222	38.2541
0.226539	38.2807
0.226856	38.305
0.227174	38.3271
0.227491	38.3468
0.227809	38.364
0.228127	38.3788
0.228445	38.391
0.228764	38.4007
0.229082	38.4078
0.229401	38.4123
0.22972	38.4143
0.230039	38.4134
0.230358	38.4095
0.230678	38.4035
0.230998	38.3949
0.231318	38.3835
0.231638	38.3695
0.231958	38.3531
0.232279	38.3342
0.2326	38.3128
0.232921	38.2889
0.233242	38.2624
0.233563	38.2334
0.233885	38.202
0.234206	38.1682
0.234528	38.1321
0.234851	38.0937
0.235173	38.053
0.235495	38.0101
0.235818	37.9649
0.236141	37.9176
0.236464	37.8681
0.236788	37.8165
0.237111	37.7628
0.237435	37.7069
0.237759	37.6491
0.238083	37.5892
0.238408	37.5273
0.238732	37.4634
0.239057	37.3976
0.239382	37.3299
0.239707	37.2602
0.240032	37.1888
0.240358	37.1155
0.240684	37.0404
0.24101	36.9636
0.241336	36.8852
0.241662	36.8051
0.241989	36.7236
0.242316	36.6405
0.242643	36.5562
0.24297	36.4705
0.243297	36.3838
0.243625	36.296
0.243953	36.2073
0.244281	36.1179
0.244609	36.0278
0.244937	35.9374
0.245266	35.8467
0.245595	35.756
0.245924	35.6654
0.246253	35.5751
0.246582	35.4854
0.246912	35.3964
0.247242	35.3085
0.247572	35.2219
0.247902	35.1369
0.248232	35.0538
0.248563	34.9728
0.248894	34.8943
0.249225	34.8185
0.249556	34.7457
0.249888	34.6763
0.250219	34.6106
0.250551	34.549
0.250883	34.4918
0.251216	34.4394
0.251548	34.3922
0.251881	34.3505
0.252214	34.3148
0.252547	34.2853
0.25288	34.2625
0.253214	34.2467
0.253547	34.2382
0.253881	34.2383
0.254216	34.2468
0.25455	34.2636
0.254884	34.2895
0.255219	34.3248
0.255554	34.37
0.255889	34.4249
0.256225	34.4896
0.25656	34.5647
0.256896	34.6503
0.257232	34.7466
0.257568	34.8538
0.257905	34.9715
0.258242	35.0996
0.258578	35.2376
0.258915	35.3849
0.259253	35.541
0.25959	35.705
0.259928	35.876
0.260266	36.053
0.260604	36.2348
0.260942	36.4201
0.261281	36.6072
0.261619	36.7947
0.261958	36.9813
0.262298	37.1653
0.262637	37.3449
0.262976	37.5189
0.263316	37.6857
0.263656	37.8442
0.263996	37.9932
0.263996	37.9932
0.264337	38.1319
0.264678	38.2595
0.265018	38.3755
0.265359	38.4796
0.265701	38.5718
0.266042	38.652
0.266384	38.7205
0.266726	38.7777
0.267068	38.8239
0.26741	38.8598
0.267753	38.886
0.268095	38.9029
0.268438	38.9125
0.268782	38.9124
0.269125	38.9037
0.269469	38.8906
0.269812	38.8713
0.270156	38.8463
0.270501	38.8165
0.270845	38.7826
0.27119	38.7448
0.271535	38.7033
0.27188	38.6585
0.272225	38.6105
0.272571	38.5597
0.272916	38.5065
0.273262	38.4513
0.273608	38.3944
0.273955	38.3358
0.274301	38.2759
0.274648	38.2147
0.274995	38.1523
0.275342	38.0889
0.27569	38.0245
0.276038	37.9594
0.276385	37.8935
0.276733	37.827
0.277082	37.7599
0.27743	37.6923
0.277779	37.6242
0.278128	37.5558
0.278477	37.487
0.278827	37.4179
0.279176	37.3485
0.279526	37.2788
0.279876	37.2089
0.280226	37.1388
0.280577	37.0686
0.280927	36.9982
0.281278	36.9276
0.28163	36.857
0.281981	36.7862
0.282332	36.7153
0.282684	36.6444
0.283036	36.5734
0.283388	36.5023
0.283741	36.4312
0.284093	36.3601
0.284446	36.2889
0.284799	36.2177
0.285153	36.1465
0.285506	36.0753
0.28586	36.0041
0.286214	35.9329
0.286568	35.8618
0.286923	35.7906
0.287277	35.7195
0.287632	35.6485
0.287987	35.5775
0.288342	35.5066
0.288698	35.4357
0.289054	35.3649
0.28941	35.2942
0.289766	35.2236
0.290122	35.1531
0.290479	35.0827
0.290836	35.0124
0.291193	34.9423
0.29155	34.8723
0.291907	34.8025
0.292265	34.7329
0.292623	34.6635
0.292981	34.5942
0.29334	34.5252
0.293698	34.4564
0.294057	34.3879
0.294416	34.3197
0.294775	34.2517
0.295135	34.1841
0.295494	34.1168
0.295854	34.0499
0.296215	33.9834
0.296575	33.9173
0.296936	33.8516
0.297296	33.7865
0.297657	33.7218
0.298019	33.6577
0.29838	33.5941
0.298742	33.5312
0.299104	33.469
0.299466	33.4074
0.299828	33.3466
0.300191	33.2866
0.300554	33.2274
0.300917	33.1691
0.30128	33.1117
0.301644	33.0553
0.302008	33
0.302372	32.9457
0.302736	32.8927
0.3031	32.8408
0.303465	32.7902
0.30383	32.741
0.304195	32.6932
0.30456	32.6468
0.304926	32.6021
0.305291	32.5589
0.305657	32.5174
0.306024	32.4777
0.30639	32.4398
0.306757	32.4038
0.307124	32.3698
0.307491	32.3379
0.307858	32.3081
0.308226	32.2805
0.308594	32.2552
0.308962	32.2322
0.30933	32.2117
0.309699	32.1937
0.310067	32.1783
0.310436	32.1655
0.310805	32.1555
0.311175	32.1483
0.311545	32.1439
0.311914	32.1424
0.312284	32.144
0.312655	32.1486
0.313025	32.1565
0.313396	32.1675
0.313767	32.1817
0.314139	32.199
0.31451	32.2196
0.314882	32.2434
0.315254	32.2704
0.315626	32.3008
0.315998	32.3347
0.316371	32.3719
0.316744	32.4126
0.317117	32.4566
0.31749	32.5039
0.317864	32.5545
0.318238	32.6084
0.318612	32.6654
0.318986	32.7256
0.31936	32.7888
0.319735	32.8551
0.32011	32.9243
0.320485	32.9964
0.320861	33.0712
0.321236	33.1486
0.321612	33.2285
0.321988	33.3108
0.322365	33.3954
0.322741	33.4821
0.323118	33.5708
0.323495	33.6613
0.323872	33.7536
0.32425	33.8473
0.324628	33.9425
0.325006	34.0389
0.325384	34.1364
0.325762	34.2349
0.326141	34.3341
0.32652	34.434
0.326899	34.5344
0.327278	34.6352
0.327658	34.7362
0.328038	34.8372
0.328418	34.9383
0.328798	35.0391
0.329179	35.1397
0.32956	35.2399
0.329941	35.3396
0.330322	35.4386
0.330704	35.537
0.331085	35.6345
0.331467	35.7311
0.33185	35.8267
0.332232	35.9211
0.332615	36.0144
0.332998	36.1064
0.333381	36.1971
0.333764	36.2863
0.334148	36.3739
0.334532	36.46
0.334916	36.5443
0.3353	36.6269
0.335685	36.7076
0.33607	36.7863
0.336455	36.8631
0.33684	36.9378
0.337226	37.0103
0.337612	37.0806
0.337998	37.1486
0.338384	37.2143
0.33877	37.2776
0.339157	37.3384
0.339544	37.3967
0.339931	37.4525
0.340319	37.5057
0.340706	37.5562
0.341094	37.6041
0.341483	37.6493
0.341871	37.6919
0.34226	37.7317
0.342649	37.7688
0.343038	37.8033
0.343427	37.835
0.343817	37.864
0.344207	37.8903
0.344597	37.9139
0.344987	37.9349
0.345378	37.9532
0.345769	37.969
0.34616	37.9822
0.346551	37.9929
0.346943	38.001
0.347334	38.007
0.347727	38.0099
0.348119	38.01
0.348511	38.0088
0.348904	38.0051
0.349297	37.999
0.34969	37.9906
0.350084	37.9802
0.350478	37.9677
0.350872	37.9531
0.351266	37.9363
0.35166	37.9174
0.352055	37.8966
0.35245	37.8738
0.352845	37.8492
0.353241	37.8227
0.353637	37.7945
0.354033	37.7646
0.354429	37.733
0.354825	37.6998
0.355222	37.6651
0.355619	37.6289
0.356016	37.5913
0.356414	37.5525
0.356811	37.5125
0.357209	37.4713
0.357607	37.4292
0.358006	37.3861
0.358404	37.3423
0.358803	37.2978
0.359202	37.2527
0.359602	37.2072
0.360002	37.1615
0.360401	37.1157
0.360802	37.0698
0.361202	37.0242
0.361603	36.9789
0.362004	36.9342
0.362405	36.8901
0.362806	36.847
0.363208	36.8048
0.36361	36.7639
0.364012	36.7244
0.364414	36.6866
0.364817	36.6505
0.36522	36.6164
0.365623	36.5844
0.366026	36.5548
0.36643	36.5277
0.366834	36.5033
0.367238	36.4817
0.367642	36.4631
0.368047	36.4477
0.368452	36.4356
0.368857	36.427
0.369262	36.4218
0.369668	36.4199
0.370074	36.4228
0.37048	36.4295
0.370886	36.4394
0.371293	36.4537
0.3717	36.4719
0.372107	36.4939
0.372515	36.5198
0.372922	36.5495
0.37333	36.5831
0.373738	36.6206
0.374147	36.6617
0.374555	36.7065
0.374964	36.7546
0.375374	36.8057
0.375783	36.8598
0.376193	36.9165
0.376603	36.9756
0.377013	37.0367
0.377423	37.0996
0.377834	37.164
0.378245	37.2294
0.378656	37.2956
0.379068	37.3621
0.379479	37.4286
0.379891	37.4947
0.380304	37.5601
0.380716	37.6244
0.381129	37.6872
0.381542	37.7482
0.381955	37.8072
0.382369	37.8637
0.382782	37.9177
0.383196	37.9687
0.383611	38.0166
0.384025	38.0613
0.38444	38.1025
0.384855	38.1401
0.38527	38.174
0.385686	38.2043
0.386102	38.2307
0.386518	38.2533
0.386934	38.2721
0.387351	38.2871
0.387767	38.2988
0.388185	38.3063
0.388602	38.3091
0.38902	38.3093
0.389437	38.3067
0.389856	38.3004
0.390274	38.2908
0.390693	38.2782
0.391112	38.2627
0.391531	38.2443
0.39195	38.2231
0.39237	38.1992
0.39279	38.1728
0.39321	38.144
0.393631	38.113
0.394051	38.08
0.394472	38.045
0.394894	38.0081
0.395315	37.9694
0.395737	37.9291
0.396159	37.8873
0.396581	37.8441
0.397004	37.7995
0.397427	37.7537
0.39785	37.7067
0.398273	37.6587
0.398697	37.6098
0.399121	37.56
0.399545	37.5093
0.399969	37.4579
0.400394	37.4059
0.400819	37.3533
0.401244	37.3002
0.40167	37.2466
0.40167	37.2466
0.402095	37.1925
0.402521	37.1382
0.402948	37.0835
0.403374	37.0287
0.403801	36.9736
0.404228	36.9184
0.404655	36.863
0.405083	36.8076
0.405511	36.7522
0.405939	36.6968
0.406367	36.6415
0.406796	36.5862
0.407225	36.5311
0.407654	36.4761
0.408083	36.4213
0.408513	36.3667
0.408943	36.3123
0.409373	36.2582
0.409804	36.2044
0.410234	36.1509
0.410665	36.0978
0.411097	36.045
0.411528	35.9926
0.41196	35.9406
0.412392	35.889
0.412825	35.8379
0.413257	35.7873
0.41369	35.7372
0.414123	35.6876
0.414557	35.6385
0.41499	35.5901
0.415424	35.5422
0.415859	35.4949
0.416293	35.4483
0.416728	35.4024
0.417163	35.3572
0.417598	35.3127
0.418034	35.2689
0.41847	35.226
0.418906	35.1839
0.419342	35.1427
0.419779	35.1024
0.420216	35.063
0.420653	35.0246
0.421091	34.9873
0.421528	34.951
0.421967	34.9158
0.422405	34.8818
0.422843	34.8491
0.423282	34.8176
0.423721	34.7874
0.424161	34.7585
0.4246	34.7311
0.42504	34.7052
0.425481	34.6809
0.425921	34.6581
0.426362	34.637
0.426803	34.6176
0.427244	34.6
0.427686	34.5843
0.428128	34.5704
0.42857	34.5585
0.429012	34.5487
0.429455	34.5409
0.429898	34.5353
0.430341	34.532
0.430784	34.5308
0.431228	34.532
0.431672	34.5356
0.432117	34.5419
0.432561	34.5505
0.433006	34.5618
0.433451	34.5759
0.433897	34.5923
0.434342	34.6113
0.434788	34.6331
0.435234	34.6577
0.435681	34.6851
0.436128	34.7155
0.436575	34.7487
0.437022	34.7848
0.43747	34.8237
0.437918	34.8656
0.438366	34.9103
0.438814	34.9579
0.439263	35.0083
0.439712	35.0616
0.440161	35.1177
0.440611	35.1765
0.441061	35.238
0.441511	35.3022
0.441961	35.3689
0.442412	35.4381
0.442863	35.5098
0.443314	35.5837
0.443766	35.6598
0.444218	35.738
0.44467	35.8181
0.445122	35.9001
0.445575	35.9837
0.446028	36.0688
0.446481	36.1553
0.446934	36.243
0.447388	36.3316
0.447842	36.4212
0.448297	36.5114
0.448751	36.602
0.449206	36.6929
0.449661	36.784
0.450117	36.8749
0.450573	36.9655
0.451029	37.0557
0.451485	37.1452
0.451941	37.2338
0.452398	37.3215
0.452855	37.4079
0.453313	37.493
0.453771	37.5766
0.454229	37.6585
0.454687	37.7386
0.455146	37.8168
0.455604	37.8929
0.456064	37.9668
0.456523	38.0385
0.456983	38.1077
0.457443	38.1745
0.457903	38.2388
0.458364	38.3005
0.458824	38.3595
0.459286	38.4158
0.459747	38.4694
0.460209	38.5202
0.460209	38.5202
0.460671	38.5683
0.461133	38.6136
0.461596	38.6561
0.462058	38.6958
0.462522	38.7328
0.462985	38.7671
0.463449	38.7987
0.463913	38.8277
0.464377	38.8541
0.464842	38.878
0.465306	38.8995
0.465772	38.9185
0.466237	38.9352
0.466703	38.9497
0.467169	38.9619
0.467635	38.9722
0.468102	38.9803
0.468569	38.9865
0.469036	38.9913
0.469503	38.9941
0.469971	38.9953
0.470439	38.995
0.470907	38.9934
0.471376	38.9904
0.471845	38.9861
0.472314	38.9807
0.472784	38.9743
0.473253	38.967
0.473724	38.9589
0.474194	38.9501
0.474665	38.9406
0.475136	38.9307
0.475607	38.9203
0.476078	38.9095
0.47655	38.8985
0.477022	38.8873
0.477495	38.876
0.477967	38.8647
0.47844	38.8535
0.478914	38.8423
0.479387	38.8313
0.479861	38.8206
0.480335	38.8102
0.48081	38.8001
0.481285	38.7904
0.48176	38.7811
0.482235	38.7723
0.482711	38.764
0.483187	38.7562
0.483663	38.7489
0.484139	38.7422
0.484616	38.7361
0.485093	38.7306
0.485571	38.7256
0.486048	38.7213
0.486527	38.7175
0.487005	38.7142
0.487483	38.7116
0.487962	38.7094
0.488442	38.7078
0.488921	38.7067
0.489401	38.706
0.489881	38.7057
0.490361	38.7059
0.490842	38.7064
0.491323	38.7072
0.491804	38.7083
0.492286	38.7096
0.492768	38.7112
0.49325	38.7129
0.493732	38.7147
0.494215	38.7166
0.494698	38.7185
0.495182	38.7205
0.495665	38.7223
0.496149	38.7241
0.496633	38.7257
0.497118	38.7272
0.497603	38.7285
0.498088	38.7295
0.498574	38.7302
0.499059	38.7307
0.499545	38.7308
0.500032	38.7306
0.500518	38.73
0.501005	38.729
0.501493	38.7276
0.50198	38.7257
0.502468	38.7234
0.502956	38.7207
0.503445	38.7174
0.503934	38.7138
0.504423	38.7096
0.504912	38.705
0.505402	38.6998
0.505892	38.6942
0.506382	38.6882
0.506873	38.6816
0.507364	38.6746
0.507855	38.6671
0.508346	38.6591
0.508838	38.6507
0.50933	38.6418
0.509823	38.6326
0.510316	38.6228
0.510809	38.6127
0.511302	38.6022
0.511796	38.5914
0.51229	38.5802
0.512784	38.5686
0.513278	38.5567
0.513773	38.5445
0.514268	38.5321
0.514764	38.5193
0.51526	38.5064
0.515756	38.4931
0.516252	38.4797
0.516749	38.4661
0.517246	38.4523
0.517743	38.4384
0.518241	38.4244
0.518739	38.4102
0.519237	38.396
0.519736	38.3817
0.520235	38.3674
0.520734	38.3531
0.521233	38.3388
0.521733	38.3245
0.522233	38.3103
0.522734	38.2962
0.523235	38.2823
0.523736	38.2685
0.524237	38.2548
0.524739	38.2414
0.525241	38.2282
0.525743	38.2152
0.526246	38.2026
0.526748	38.1903
0.527252	38.1784
0.527755	38.1669
0.528259	38.1558
0.528763	38.1452
0.529268	38.1351
0.529773	38.1256
0.530278	38.1167
0.530783	38.1084
0.531289	38.1007
0.531795	38.0938
0.532301	38.0876
0.532808	38.0822
0.533315	38.0777
0.533822	38.074
0.53433	38.0712
0.534838	38.0694
0.535346	38.0685
0.535854	38.0687
0.536363	38.07
0.536873	38.0724
0.537382	38.076
0.537892	38.0807
0.538402	38.0867
0.538912	38.0939
0.539423	38.1025
0.539934	38.1123
0.540446	38.1235
0.540957	38.1362
0.541469	38.1505
0.541982	38.1661
0.542494	38.1831
0.543007	38.2016
0.543521	38.2216
0.544034	38.2432
0.544548	38.2663
0.545063	38.291
0.545577	38.3173
0.546092	38.3451
0.546607	38.3745
0.547123	38.4055
0.547639	38.438
0.548155	38.4721
0.548671	38.5078
0.549188	38.545
0.549705	38.5837
0.550223	38.6239
0.550741	38.6655
0.551259	38.7085
0.551777	38.7529
0.552296	38.7986
0.552815	38.8456
0.553334	38.8938
0.553854	38.9432
0.554374	38.9937
0.554894	39.0453
0.555415	39.0978
0.555936	39.1512
0.556457	39.2055
0.556979	39.2605
0.557501	39.3163
0.558023	39.3726
0.558546	39.4295
0.559069	39.4868
0.559592	39.5445
0.560116	39.6025
0.560639	39.6607
0.561164	39.719
0.561688	39.7772
0.562213	39.8354
0.562738	39.8934
0.563264	39.9512
0.56379	40.0086
0.564316	40.0656
0.564842	40.1221
0.564842	40.1221
0.565369	40.178
0.565896	40.2332
0.566424	40.2877
0.566952	40.3414
0.56748	40.3942
0.568008	40.446
0.568537	40.4969
0.569066	40.5468
0.569596	40.5956
0.570125	40.6433
0.570656	40.6899
0.571186	40.7352
0.571717	40.7793
0.572248	40.822
0.572779	40.8636
0.573311	40.9038
0.573843	40.9428
0.574376	40.9805
0.574908	41.0169
0.575441	41.0518
0.575975	41.0854
0.576509	41.118
0.577043	41.1494
0.577577	41.1795
0.578112	41.2082
0.578647	41.2357
0.579182	41.2621
0.579718	41.2875
0.580254	41.3119
0.58079	41.335
0.581327	41.357
0.581864	41.3785
0.582401	41.3989
0.582939	41.4185
0.583477	41.4373
0.584016	41.4554
0.584554	41.4727
0.585093	41.4895
0.585633	41.5056
0.586172	41.5213
0.586713	41.5365
0.587253	41.5513
0.587794	41.5657
0.588335	41.5798
0.588876	41.5937
0.589418	41.6074
0.58996	41.621
0.590502	41.6344
0.591045	41.6479
0.591588	41.6613
0.592131	41.6748
0.592675	41.6884
0.593219	41.7021
0.593764	41.7161
0.594308	41.7303
0.594854	41.7448
0.595399	41.7596
0.595945	41.7748
0.596491	41.7904
0.597037	41.8064
0.597584	41.8229
0.598131	41.8399
0.598679	41.8574
0.599226	41.8755
0.599775	41.894
0.600323	41.9132
0.600872	41.9329
0.601421	41.9532
0.601971	41.9742
0.60252	41.9959
0.603071	42.0182
0.603621	42.0413
0.604172	42.065
0.604723	42.0896
0.605275	42.1148
0.605827	42.1408
0.606379	42.1676
0.606931	42.1952
0.607484	42.2236
0.608038	42.2528
0.608591	42.2829
0.609145	42.3138
0.609699	42.3455
0.610254	42.3781
0.610809	42.4116
0.611364	42.446
0.61192	42.4813
0.612476	42.5176
0.613032	42.5548
0.613589	42.593
0.614146	42.6322
0.614704	42.6724
0.615261	42.7136
0.615819	42.7558
0.616378	42.7992
0.616937	42.8436
0.617496	42.8892
0.618055	42.9359
0.618615	42.9839
0.619175	43.033
0.619736	43.0834
0.620296	43.1351
0.620858	43.1881
0.621419	43.2425
0.621981	43.2982
0.622543	43.3555
0.623106	43.4142
0.623669	43.4744
0.624232	43.5362
0.624796	43.5996
0.62536	43.6647
0.625924	43.7315
0.626489	43.8002
0.627054	43.8706
0.627619	43.9429
0.628185	44.0172
0.628751	44.0935
0.629317	44.1719
0.629884	44.2524
0.630451	44.3352
0.631019	44.4202
0.631587	44.5076
0.632155	44.5975
0.632723	44.6898
0.633292	44.7847
0.633862	44.8823
0.634431	44.9827
0.634431	44.9827
0.635001	45.0858
0.635571	45.192
0.636142	45.3011
0.636713	45.4133
0.637284	45.5288
0.637856	45.6476
0.638428	45.7699
0.639001	45.8958
0.639574	46.0254
0.640147	46.1588
0.64072	46.2962
0.641294	46.4376
0.641868	46.5832
0.642443	46.7331
0.643018	46.8876
0.643593	47.0467
0.644169	47.2107
0.644745	47.3796
0.645321	47.5537
0.645898	47.7332
0.646475	47.9183
0.647052	48.1091
0.64763	48.3059
0.648208	48.5089
0.648786	48.7183
0.649365	48.9345
0.649945	49.1577
0.650524	49.3881
0.651104	49.626
0.651684	49.8717
0.652265	50.1257
0.652846	50.3882
0.653427	50.6595
0.654009	50.94
0.654591	51.2301
0.655174	51.5303
0.655756	51.8409
0.65634	52.1623
0.656923	52.4951
0.657507	52.8396
0.658091	53.1965
0.658676	53.566
0.659261	53.9488
0.659846	54.3453
0.660432	54.7562
0.661018	55.1817
0.661604	55.6222
0.662191	56.0783
0.662778	56.5504
0.663366	57.0389
0.663954	57.544
0.664542	58.0659
0.665131	58.6046
0.66572	59.16
0.666309	59.7321
0.666899	60.3204
0.667489	60.9247
0.668079	61.5441
0.66867	62.1778
0.669261	62.8249
0.669853	63.4843
0.670445	64.1548
0.671037	64.8353
0.671629	65.5239
0.672222	66.2196
0.672816	66.922
0.67341	67.6299
0.674004	68.342
0.674598	69.0569
0.675193	69.7738
0.675788	70.492
0.676384	71.2107
0.67698	71.9295
0.677576	72.648
0.678173	73.3659
0.67877	74.0826
0.679367	74.7978
0.679965	75.511
0.680563	76.2222
0.681162	76.9311
0.681761	77.6377
0.68236	78.3418
0.68296	79.0432
0.68356	79.7418
0.68416	80.4375
0.684761	81.1305
0.685362	81.8204
0.685964	82.5074
0.686565	83.1913
0.687168	83.8723
0.68777	84.5501
0.688373	85.225
0.688977	85.8968
0.68958	86.5655
0.690185	87.2312
0.690789	87.8939
0.691394	88.5536
0.691999	89.2103
0.692605	89.864
0.693211	90.5147
0.693817	91.1625
0.694424	91.8074
0.695031	92.4495
0.695639	93.0887
0.696246	93.7251
0.696855	94.3588
0.697463	94.9897
0.698072	95.6179
0.698682	96.2433
0.699292	96.8661
0.699902	97.4863
0.700512	98.1041
0.701123	98.7193
0.701734	99.332
0.702346	99.9421
0.702958	100.55
0.70357	101.155
0.704183	101.758
0.704796	102.359
0.70541	102.957
0.706024	103.553
0.706638	104.147
0.707253	104.739
0.707868	105.328
0.708484	105.916
0.709099	106.501
0.709716	107.084
0.710332	107.666
0.710949	108.245
0.711567	108.822
0.712184	109.397
0.712802	109.97
0.713421	110.542
0.71404	111.111
0.714659	111.679
0.715279	112.245
0.715899	112.809
0.716519	113.371
0.71714	113.932
0.717761	114.491
0.718383	115.048
0.719005	115.603
0.719627	116.157
0.72025	116.709
0.720873	117.259
0.721497	117.808
0.722121	118.355
0.722745	118.901
0.723369	119.445
0.723995	119.987
0.72462	120.528
0.725246	121.067
0.725872	121.605
0.726499	122.141
0.727126	122.676
0.727753	123.209
0.728381	123.74
0.729009	124.27
0.729638	124.799
0.730267	125.326
0.730896	125.852
0.731526	126.376
0.732156	126.898
0.732786	127.419
0.733417	127.939
0.734048	128.457
0.73468	128.974
0.735312	129.489
0.735945	130.002
0.736578	130.515
0.737211	131.025
0.737844	131.534
0.738478	132.042
0.739113	132.548
0.739748	133.052
0.740383	133.555
0.741019	134.056
0.741655	134.556
0.742291	135.055
0.742928	135.551
0.743565	136.046
0.744202	136.54
0.74484	137.032
0.745479	137.522
0.746118	138.011
0.746757	138.498
0.747396	138.983
0.748036	139.467
0.748677	139.95
0.749317	140.43
0.749959	140.909
0.7506	141.386
0.751242	141.862
0.751884	142.336
0.752527	142.808
0.75317	143.278
0.753814	143.747
0.754458	144.214
0.755102	144.679
0.755747	145.143
0.756392	145.605
0.757037	146.065
0.757683	146.523
0.75833	146.98
0.758976	147.435
0.759623	147.888
0.760271	148.339
0.760919	148.789
0.761567	149.236
0.762216	149.683
0.762865	150.127
0.763515	150.569
0.764165	151.01
0.764815	151.449
0.765466	151.886
0.766117	152.322
0.766768	152.755
0.76742	153.187
0.768073	153.617
0.768725	154.046
0.769379	154.472
0.770032	154.897
0.770686	155.32
0.771341	155.742
0.771995	156.161
0.772651	156.579
0.773306	156.996
0.773962	157.41
0.774619	157.823
0.775275	158.234
0.775933	158.643
0.77659	159.051
0.777248	159.456
0.777907	159.861
0.778566	160.263
0.779225	160.664
0.779885	161.063
0.780545	161.461
0.781205	161.857
0.781866	162.251
0.782527	162.644
0.783189	163.035
0.783851	163.424
0.784514	163.812
0.785177	164.198
0.78584	164.583
0.786504	164.966
0.787168	165.348
0.787833	165.728
0.788498	166.106
0.789163	166.483
0.789829	166.858
0.790495	167.232
0.791162	167.604
0.791829	167.975
0.792496	168.345
0.793164	168.712
0.793833	169.079
0.794501	169.444
0.79517	169.807
0.79584	170.169
0.79651	170.529
0.79718	170.888
0.797851	171.246
0.798522	171.602
0.799194	171.957
0.799866	172.31
0.800539	172.662
0.801211	173.013
0.801885	173.362
0.802558	173.709
0.803233	174.056
0.803907	174.401
0.804582	174.744
0.805257	175.086
0.805933	175.427
0.80661	175.767
0.807286	176.105
0.807963	176.442
0.808641	176.777
0.809319	177.111
0.809997	177.444
0.810676	177.775
0.811355	178.105
0.812034	178.434
0.812714	178.762
0.813395	179.088
0.814076	179.413
0.814757	179.736
0.815439	180.059
0.816121	180.38
0.816803	180.7
0.817486	181.018
0.81817	181.335
0.818853	181.651
0.819538	181.966
0.820222	182.279
0.820907	182.592
0.821593	182.903
0.822279	183.212
0.822965	183.521
0.823652	183.829
0.824339	184.135
0.825027	184.44
0.825715	184.744
0.826403	185.046
0.827092	185.348
0.827782	185.649
0.828471	185.948
0.829162	186.246
0.829852	186.543
0.830543	186.84
0.831235	187.135
0.831927	187.429
0.832619	187.722
0.833312	188.014
0.834005	188.305
0.834698	188.595
0.834698	188.595
0.835393	188.884
0.836087	189.172
0.836782	189.459
0.837477	189.745
0.838173	190.031
0.838869	190.316
0.839566	190.599
0.840263	190.882
0.84096	191.165
0.841658	191.446
0.842357	191.727
0.843056	192.007
0.843755	192.286
0.844454	192.565
0.845155	192.843
0.845855	193.121
0.846556	193.398
0.847257	193.674
0.847959	193.95
0.848662	194.226
0.849364	194.501
0.850067	194.776
0.850771	195.051
0.851475	195.325
0.852179	195.599
0.852884	195.873
0.85359	196.147
0.854295	196.42
0.855002	196.694
0.855708	196.968
0.856415	197.241
0.857123	197.515
0.857831	197.789
0.858539	198.063
0.859248	198.338
0.859957	198.612
0.860667	198.888
0.861377	199.163
0.862088	199.439
0.862799	199.716
0.86351	199.994
0.864222	200.272
0.864934	200.551
0.865647	200.831
0.86636	201.112
0.867074	201.394
0.867788	201.677
0.868503	201.961
0.869218	202.247
0.869933	202.534
0.870649	202.823
0.871365	203.113
0.872082	203.405
0.872799	203.698
0.873517	203.994
0.874235	204.292
0.874954	204.591
0.875673	204.893
0.876392	205.198
0.877112	205.505
0.877832	205.814
0.878553	206.126
0.879274	206.442
0.879996	206.76
0.880718	207.081
0.881441	207.406
0.882164	207.734
0.882887	208.065
0.883611	208.4
0.884335	208.74
0.88506	209.083
0.885785	209.431
0.886511	209.783
0.887237	210.139
0.887964	210.5
0.888691	210.866
0.889418	211.238
0.890146	211.614
0.890875	211.996
0.891604	212.384
0.892333	212.777
0.893063	213.177
0.893793	213.583
0.894524	213.995
0.895255	214.414
0.895986	214.839
0.896718	215.272
0.897451	215.712
0.898184	216.159
0.898917	216.614
0.899651	217.076
0.900385	217.547
0.90112	218.025
0.901855	218.512
0.902591	219.008
0.903327	219.512
0.904064	220.025
0.904801	220.547
0.905538	221.078
0.906276	221.618
0.907014	222.168
0.907753	222.727
0.908493	223.296
0.909232	223.875
0.909973	224.463
0.910713	225.062
0.911454	225.67
0.912196	226.289
0.912938	226.917
0.913681	227.556
0.914424	228.205
0.915167	228.864
0.915911	229.534
0.916655	230.213
0.9174	230.903
0.918146	231.603
0.918891	232.314
0.919638	233.035
0.920384	233.766
0.921131	234.507
0.921879	235.259
0.922627	236.022
0.923376	236.795
0.924125	237.58
0.924874	238.375
0.925624	239.183
0.926374	240.003
0.927125	240.836
0.927876	241.684
0.928628	242.547
0.929381	243.427
0.930133	244.329
0.930886	245.267
0.93164	246.284
0.932394	247.415
0.933149	248.648
0.933904	249.929
0.934659	251.207
0.935415	252.464
0.936172	253.705
0.936929	254.944
0.937686	256.19
0.938444	257.444
0.939202	258.705
0.939961	259.97
0.94072	261.24
0.94148	262.515
0.94224	263.796
0.943001	265.083
0.943762	266.376
0.944524	267.675
0.945286	268.978
0.946048	270.287
0.946812	271.601
0.947575	272.919
0.948339	274.242
0.949104	275.568
0.949868	276.897
0.950634	278.229
0.9514	279.564
0.952166	280.9
0.952933	282.237
0.9537	283.575
0.954468	284.913
0.955236	286.251
0.956005	287.588
0.957019	289.349
0.958032	291.109
0.959046	292.862
0.960059	294.61
0.961073	296.353
0.962086	298.087
0.9631	299.81
0.964114	301.514
0.965127	303.192
0.966141	304.829
0.967154	306.411
0.968168	307.915
0.969182	309.321
0.970195	310.576
0.971896	312.285
0.973598	313.446
0.974448	313.764
0.975299	313.921
0.975724	313.952
0.976149	313.961
0.976575	313.962
0.977	313.961
)
