(title "Total Pressure")
(labels "Position" "Total Pressure")

((xy/key/label "axis")
-0.023	4822.27
-0.0229699	4822.27
-0.0229399	4822.26
-0.0229098	4822.26
-0.0228797	4822.25
-0.0228196	4822.24
-0.0227595	4822.24
-0.0226392	4822.23
-0.022519	4822.22
-0.0223987	4822.22
-0.0222785	4822.22
-0.0221582	4822.22
-0.022038	4822.22
-0.0219177	4822.22
-0.0217975	4822.22
-0.0216772	4822.22
-0.021557	4822.23
-0.0214367	4822.23
-0.0213165	4822.23
-0.0211962	4822.23
-0.021076	4822.24
-0.0209557	4822.24
-0.0208355	4822.24
-0.0207152	4822.25
-0.020595	4822.25
-0.0204747	4822.25
-0.0203545	4822.25
-0.0202342	4822.26
-0.0201139	4822.26
-0.0199937	4822.26
-0.0198734	4822.26
-0.0197532	4822.27
-0.0196329	4822.27
-0.0195127	4822.27
-0.0193924	4822.27
-0.0192722	4822.28
-0.0191519	4822.28
-0.0190317	4822.28
-0.0189114	4822.29
-0.0187912	4822.29
-0.0186709	4822.29
-0.0185507	4822.3
-0.0184304	4822.3
-0.0183102	4822.3
-0.0181899	4822.3
-0.0180697	4822.31
-0.0179494	4822.31
-0.0178292	4822.31
-0.0177089	4822.32
-0.0175887	4822.32
-0.0174684	4822.32
-0.0173481	4822.32
-0.0172279	4822.33
-0.0171076	4822.33
-0.0169874	4822.33
-0.0168671	4822.34
-0.0167469	4822.34
-0.0166266	4822.34
-0.0165064	4822.35
-0.0163861	4822.35
-0.0162659	4822.35
-0.0161456	4822.35
-0.0160254	4822.36
-0.0159051	4822.36
-0.0157849	4822.36
-0.0156646	4822.37
-0.0155444	4822.37
-0.0154241	4822.37
-0.0153039	4822.38
-0.0151836	4822.38
-0.0150634	4822.38
-0.0149431	4822.38
-0.0148229	4822.39
-0.0147026	4822.39
-0.0145823	4822.39
-0.0144621	4822.4
-0.0143418	4822.4
-0.0142216	4822.4
-0.0141013	4822.4
-0.0139811	4822.41
-0.0138608	4822.41
-0.0137406	4822.41
-0.0136203	4822.42
-0.0135001	4822.42
-0.013371	4822.42
-0.013242	4822.43
-0.013113	4822.43
-0.0129839	4822.43
-0.0128549	4822.44
-0.0127259	4822.44
-0.0125968	4822.44
-0.0124678	4822.45
-0.0123387	4822.45
-0.0122097	4822.45
-0.0120807	4822.46
-0.0119516	4822.46
-0.0118226	4822.46
-0.0116936	4822.47
-0.0115645	4822.47
-0.0114355	4822.47
-0.0113064	4822.48
-0.0111774	4822.48
-0.0110484	4822.48
-0.0109193	4822.49
-0.0107903	4822.49
-0.0106613	4822.49
-0.0105322	4822.5
-0.0104032	4822.5
-0.0102741	4822.5
-0.0101451	4822.51
-0.0100161	4822.51
-0.00988703	4822.51
-0.00975799	4822.52
-0.00962896	4822.52
-0.00949992	4822.52
-0.00937967	4822.53
-0.00925942	4822.53
-0.00913916	4822.53
-0.00901891	4822.54
-0.00889866	4822.54
-0.00877841	4822.54
-0.00877841	4822.54
-0.00865815	4822.55
-0.0085379	4822.55
-0.00841765	4822.55
-0.0082974	4822.56
-0.00817715	4822.56
-0.00805689	4822.56
-0.00793664	4822.57
-0.00781639	4822.57
-0.00769614	4822.58
-0.00757589	4822.58
-0.00745563	4822.58
-0.00733538	4822.59
-0.00721513	4822.59
-0.00709488	4822.59
-0.00697462	4822.6
-0.00685437	4822.6
-0.00673412	4822.6
-0.00661387	4822.61
-0.00649362	4822.61
-0.00637336	4822.62
-0.00625311	4822.62
-0.00613286	4822.62
-0.00601261	4822.63
-0.00589236	4822.63
-0.0057721	4822.64
-0.00565185	4822.64
-0.0055316	4822.64
-0.00541135	4822.65
-0.00529109	4822.65
-0.00517084	4822.66
-0.00505059	4822.66
-0.00493034	4822.67
-0.00481009	4822.67
-0.00468983	4822.68
-0.00456958	4822.68
-0.00444933	4822.69
-0.00432908	4822.69
-0.00420883	4822.7
-0.00408857	4822.7
-0.00396832	4822.71
-0.00384807	4822.71
-0.00372782	4822.72
-0.00360756	4822.73
-0.00348731	4822.74
-0.00336706	4822.74
-0.00324681	4822.75
-0.00312656	4822.76
-0.0030063	4822.77
-0.00288605	4822.78
-0.0027658	4822.78
-0.00264555	4822.79
-0.0025253	4822.8
-0.00240504	4822.81
-0.00228479	4822.82
-0.00216454	4822.83
-0.00204429	4822.84
-0.00192403	4822.85
-0.00180378	4822.87
-0.00168353	4822.88
-0.00156328	4822.89
-0.00144303	4822.9
-0.00132277	4822.92
-0.00120252	4822.93
-0.00108227	4822.94
-0.000962017	4822.96
-0.000841765	4822.97
-0.000721513	4822.99
-0.000601261	4823.01
-0.000481008	4823.03
-0.000360756	4823.04
-0.000240504	4823.06
-0.000120252	4823.07
1.62761e-10	4823.09
0.000137656	4823.11
0.000275313	4823.13
0.000412969	4823.15
0.000550625	4823.18
0.000688281	4823.22
0.000825938	4823.25
0.000963594	4823.29
0.00110125	4823.33
0.00123891	4823.37
0.00137656	4823.41
0.00151422	4823.46
0.00165188	4823.5
0.00178953	4823.55
0.00192719	4823.61
0.00206484	4823.66
0.0022025	4823.72
0.00234016	4823.78
0.00247781	4823.84
0.00261547	4823.91
0.00275313	4823.98
0.00289078	4824.06
0.00302844	4824.14
0.00316609	4824.22
0.00330375	4824.31
0.00344141	4824.41
0.00357906	4824.51
0.00371672	4824.62
0.00385437	4824.74
0.00399203	4824.87
0.00412969	4825.01
0.00426734	4825.14
0.004405	4825.3
0.00454266	4825.47
0.00468031	4825.63
0.00481797	4825.81
0.00495562	4826
0.00509328	4826.21
0.00523094	4826.43
0.00536859	4826.66
0.00550625	4826.91
0.00564391	4827.16
0.00578156	4827.43
0.00591922	4827.71
0.00605687	4828
0.00619453	4828.3
0.00633219	4828.61
0.00646984	4828.93
0.0066075	4829.25
0.00674516	4829.58
0.00688281	4829.91
0.00702047	4830.25
0.00715812	4830.58
0.00729578	4830.92
0.00743344	4831.26
0.00757109	4831.6
0.00770875	4831.93
0.00784641	4832.26
0.00798406	4832.59
0.00812172	4832.91
0.00825937	4833.23
0.00839703	4833.54
0.00853469	4833.83
0.00867234	4834.12
0.00881	4834.4
0.00894766	4834.66
0.00908531	4834.91
0.00922297	4835.15
0.00936062	4835.36
0.00949828	4835.56
0.00963594	4835.74
0.00977359	4835.89
0.00991125	4836.02
0.0100489	4836.12
0.0101866	4836.19
0.0103242	4836.23
0.0104619	4836.23
0.0105995	4836.18
0.0107372	4836.09
0.0108748	4835.95
0.0110125	4835.75
0.0111502	4835.48
0.0112878	4835.14
0.0114255	4834.72
0.0115631	4834.21
0.0117008	4833.6
0.0118384	4832.87
0.0119761	4832.02
0.0121137	4831.02
0.0122514	4829.86
0.0123891	4828.53
0.0125267	4827
0.0125267	4827
0.0126644	4825.26
0.012802	4823.28
0.0129397	4821.05
0.0130773	4818.56
0.013215	4815.78
0.0133527	4812.73
0.0134903	4809.4
0.013628	4805.82
0.0137656	4802.01
0.0139033	4798.03
0.0140409	4793.95
0.0141786	4789.86
0.0143162	4785.88
0.0144539	4782.11
0.0145916	4778.75
0.0147292	4775.75
0.0148669	4773.68
0.0150045	4771.71
0.0151422	4770.14
0.0152798	4769.87
0.0154175	4770.38
0.0155552	4771.46
0.0156928	4772.71
0.0158305	4774.34
0.0159681	4776.16
0.0161058	4778.05
0.0162434	4779.92
0.0163811	4781.69
0.0165187	4783.31
0.0166564	4784.75
0.0167941	4786
0.0169317	4787.07
0.0170694	4787.98
0.017207	4788.75
0.0173447	4789.42
0.0174823	4790.02
0.01762	4790.58
0.0177577	4791.12
0.0178953	4791.65
0.018033	4792.19
0.0181706	4792.74
0.0183083	4793.3
0.0184459	4793.86
0.0185836	4794.43
0.0187212	4794.98
0.0188589	4795.52
0.0189966	4796.02
0.0191342	4796.5
0.0192719	4796.93
0.0194095	4797.33
0.0195472	4797.68
0.0196848	4797.98
0.0198225	4798.25
0.0199602	4798.48
0.0200978	4798.68
0.0202355	4798.86
0.0203731	4799.02
0.0205108	4799.18
0.0206484	4799.33
0.0207861	4799.49
0.0209237	4799.66
0.0210614	4799.84
0.0211991	4800.05
0.0213367	4800.28
0.0214744	4800.54
0.021612	4800.82
0.0217497	4801.12
0.0218873	4801.45
0.022025	4801.79
0.0221627	4802.15
0.0223003	4802.53
0.022438	4802.92
0.0225756	4803.31
0.0227133	4803.7
0.0228509	4804.08
0.0229886	4804.47
0.0231262	4804.84
0.0232639	4805.19
0.0234016	4805.53
0.0235392	4805.85
0.0236769	4806.15
0.0238145	4806.43
0.0239522	4806.68
0.0240898	4806.91
0.0242275	4807.12
0.0243652	4807.3
0.0245028	4807.45
0.0246405	4807.58
0.0247781	4807.69
0.0249158	4807.77
0.0250534	4807.84
0.0251911	4807.88
0.0253287	4807.89
0.0254664	4807.89
0.0256041	4807.87
0.0257417	4807.84
0.0258794	4807.79
0.026017	4807.73
0.0261547	4807.65
0.0262923	4807.57
0.02643	4807.48
0.0265677	4807.38
0.0267053	4807.27
0.026843	4807.17
0.0269806	4807.06
0.0271183	4806.96
0.0272559	4806.85
0.0273936	4806.76
0.0275312	4806.67
0.0276689	4806.59
0.0278066	4806.51
0.0279442	4806.45
0.0280819	4806.4
0.0282195	4806.35
0.0283572	4806.33
0.0284948	4806.31
0.0286325	4806.3
0.0287702	4806.31
0.0289078	4806.33
0.0290455	4806.35
0.0291831	4806.39
0.0293208	4806.44
0.0294584	4806.49
0.0295961	4806.55
0.0297337	4806.62
0.0298714	4806.69
0.0300091	4806.76
0.0301467	4806.83
0.0302844	4806.91
0.030422	4806.98
0.0305597	4807.06
0.0306973	4807.13
0.030835	4807.19
0.0309727	4807.25
0.0311103	4807.31
0.031248	4807.36
0.0313856	4807.4
0.0315233	4807.43
0.0316609	4807.45
0.0317986	4807.47
0.0319362	4807.47
0.0320739	4807.45
0.0322116	4807.43
0.0323492	4807.4
0.0324869	4807.36
0.0326245	4807.3
0.0327622	4807.23
0.0328998	4807.14
0.0330375	4807.04
0.0331752	4806.93
0.0333128	4806.81
0.0334505	4806.67
0.0335881	4806.52
0.0337258	4806.36
0.0338634	4806.18
0.0340011	4806
0.0341387	4805.8
0.0342764	4805.59
0.0344141	4805.37
0.0345517	4805.15
0.0346894	4804.91
0.034827	4804.67
0.0349647	4804.42
0.0351023	4804.17
0.03524	4803.91
0.0353777	4803.65
0.0355153	4803.39
0.035653	4803.12
0.0357906	4802.86
0.0359283	4802.6
0.0360659	4802.33
0.0362036	4802.07
0.0363412	4801.82
0.0364789	4801.56
0.0366166	4801.31
0.0367542	4801.07
0.0368919	4800.83
0.0370295	4800.6
0.0371672	4800.37
0.0373048	4800.16
0.0374425	4799.94
0.0375802	4799.74
0.0377178	4799.53
0.0378555	4799.34
0.0379931	4799.15
0.0381308	4798.96
0.0382684	4798.78
0.0384061	4798.61
0.0385437	4798.43
0.0386814	4798.26
0.0388191	4798.09
0.0389567	4797.92
0.0390944	4797.75
0.039232	4797.58
0.0393697	4797.4
0.0395073	4797.23
0.039645	4797.04
0.0397827	4796.86
0.0399203	4796.66
0.040058	4796.46
0.0401956	4796.25
0.0403333	4796.04
0.0404709	4795.81
0.0406086	4795.57
0.0407462	4795.32
0.0408839	4795.06
0.0410216	4794.79
0.0411592	4794.5
0.0412969	4794.21
0.0414345	4793.89
0.0415722	4793.57
0.0417098	4793.23
0.0418475	4792.88
0.0419852	4792.51
0.0421228	4792.13
0.0422605	4791.74
0.0423981	4791.33
0.0425358	4790.91
0.0426734	4790.48
0.0428111	4790.04
0.0429487	4789.58
0.0430864	4789.11
0.0432241	4788.63
0.0433617	4788.15
0.0434994	4787.65
0.043637	4787.14
0.0437747	4786.63
0.0439123	4786.11
0.04405	4785.58
0.0441877	4785.05
0.0443253	4784.51
0.044463	4783.97
0.0446006	4783.43
0.0447383	4782.88
0.0448759	4782.33
0.0450136	4781.78
0.0451512	4781.22
0.0452889	4780.67
0.0454266	4780.12
0.0455642	4779.57
0.0457019	4779.02
0.0458395	4778.48
0.0459772	4777.93
0.0461148	4777.39
0.0462525	4776.85
0.0463902	4776.32
0.0465278	4775.79
0.0466655	4775.26
0.0468031	4774.74
0.0469408	4774.22
0.0470784	4773.71
0.0472161	4773.2
0.0473537	4772.69
0.0474914	4772.19
0.0476291	4771.69
0.0477667	4771.19
0.0479044	4770.7
0.048042	4770.21
0.0481797	4769.72
0.0483173	4769.24
0.048455	4768.75
0.0485927	4768.27
0.0487303	4767.78
0.048868	4767.3
0.0490056	4766.82
0.0491433	4766.33
0.0492809	4765.85
0.0494186	4765.36
0.0495562	4764.86
0.0496939	4764.37
0.0498316	4763.87
0.0499692	4763.36
0.0501069	4762.85
0.0502445	4762.34
0.0503822	4761.82
0.0505198	4761.29
0.0506575	4760.75
0.0507952	4760.2
0.0509328	4759.65
0.0510705	4759.09
0.0512081	4758.51
0.0513458	4757.93
0.0514834	4757.34
0.0516211	4756.73
0.0517587	4756.12
0.0518964	4755.49
0.0520341	4754.85
0.0521717	4754.19
0.0523094	4753.53
0.052447	4752.85
0.0525847	4752.16
0.0525847	4752.16
0.0527223	4751.45
0.05286	4750.73
0.0529977	4750
0.0531353	4749.25
0.053273	4748.49
0.0534106	4747.72
0.0535483	4746.93
0.0536859	4746.12
0.0538236	4745.3
0.0539612	4744.47
0.0540989	4743.62
0.0542366	4742.76
0.0543742	4741.89
0.0545119	4741
0.0546495	4740.1
0.0547872	4739.18
0.0549248	4738.25
0.0550625	4737.31
0.0552002	4736.36
0.0553378	4735.39
0.0554755	4734.41
0.0556131	4733.42
0.0557508	4732.41
0.0558884	4731.39
0.0560261	4730.36
0.0561637	4729.32
0.0563014	4728.27
0.0564391	4727.21
0.0565767	4726.14
0.0567144	4725.05
0.056852	4723.96
0.0569897	4722.86
0.0571273	4721.74
0.057265	4720.62
0.0574027	4719.49
0.0575403	4718.35
0.057678	4717.21
0.0578156	4716.05
0.0579533	4714.89
0.0580909	4713.72
0.0582286	4712.54
0.0583662	4711.36
0.0585039	4710.17
0.0586416	4708.98
0.0587792	4707.78
0.0589169	4706.57
0.0590545	4705.36
0.0591922	4704.14
0.0593298	4702.92
0.0594675	4701.69
0.0596052	4700.46
0.0597428	4699.23
0.0598805	4698
0.0600181	4696.76
0.0601558	4695.52
0.0602934	4694.27
0.0604311	4693.02
0.0605687	4691.77
0.0607064	4690.52
0.0608441	4689.26
0.0609817	4688
0.0611194	4686.74
0.061257	4685.46
0.0613947	4684.12
0.0615323	4682.75
0.06167	4681.38
0.0618077	4680.03
0.0619453	4678.72
0.062083	4677.48
0.0622206	4676.27
0.0623583	4675.06
0.0624959	4673.85
0.0626336	4672.64
0.0627712	4671.44
0.0629089	4670.26
0.0630466	4669.1
0.0631842	4667.97
0.0633219	4666.85
0.0634595	4665.71
0.0635972	4664.56
0.0637348	4663.4
0.0638725	4662.22
0.0640102	4661.02
0.0641478	4659.81
0.0642855	4658.58
0.0644231	4657.34
0.0645608	4656.1
0.0646984	4654.86
0.0648361	4653.63
0.0649737	4652.42
0.0651114	4651.22
0.0652491	4650.03
0.0653867	4648.87
0.0655244	4647.72
0.065662	4646.58
0.0657997	4645.47
0.0659373	4644.36
0.066075	4643.26
0.0662127	4642.17
0.0663503	4641.09
0.066488	4640.01
0.0666256	4638.93
0.0667633	4637.86
0.0669009	4636.79
0.0670386	4635.73
0.0671762	4634.67
0.0673139	4633.61
0.0674516	4632.56
0.0675892	4631.51
0.0677269	4630.47
0.0678645	4629.44
0.0680022	4628.43
0.0681398	4627.42
0.0682775	4626.42
0.0684152	4625.43
0.0685528	4624.46
0.0686905	4623.49
0.0688281	4622.54
0.0689658	4621.6
0.0691034	4620.68
0.0692411	4619.77
0.0693787	4618.87
0.0695164	4617.99
0.0696541	4617.12
0.0697917	4616.26
0.0699294	4615.42
0.070067	4614.6
0.0702047	4613.79
0.0703423	4613
0.07048	4612.23
0.0706177	4611.48
0.0707553	4610.75
0.070893	4610.04
0.0710306	4609.35
0.0711683	4608.68
0.0713059	4608.04
0.0714436	4607.43
0.0715812	4606.84
0.0717189	4606.27
0.0718566	4605.74
0.0719942	4605.23
0.0721319	4604.75
0.0722695	4604.31
0.0724072	4603.89
0.0725448	4603.5
0.0726825	4603.15
0.0726825	4603.15
0.0728201	4602.83
0.0729578	4602.54
0.0730955	4602.28
0.0732331	4602.06
0.0733708	4601.87
0.0735084	4601.71
0.0736461	4601.59
0.0737837	4601.52
0.0739214	4601.48
0.0740591	4601.47
0.0741967	4601.49
0.0743344	4601.54
0.074472	4601.63
0.0746097	4601.76
0.0747473	4601.92
0.074885	4602.11
0.0750227	4602.34
0.0751603	4602.6
0.075298	4602.9
0.0754356	4603.23
0.0755733	4603.58
0.0757109	4603.97
0.0758486	4604.39
0.0759862	4604.83
0.0761239	4605.3
0.0762616	4605.8
0.0763992	4606.32
0.0765369	4606.87
0.0766745	4607.45
0.0768122	4608.04
0.0769498	4608.66
0.0770875	4609.29
0.0772251	4609.95
0.0773628	4610.62
0.0775005	4611.31
0.0776381	4612.01
0.0777758	4612.73
0.0779134	4613.46
0.0780511	4614.21
0.0781887	4614.96
0.0783264	4615.73
0.0784641	4616.5
0.0786017	4617.28
0.0787394	4618.07
0.078877	4618.86
0.0790147	4619.66
0.0791523	4620.46
0.07929	4621.26
0.0794277	4622.06
0.0795653	4622.87
0.079703	4623.67
0.0798406	4624.48
0.0799783	4625.28
0.0801159	4626.08
0.0802536	4626.88
0.0803912	4627.67
0.0805289	4628.46
0.0806666	4629.24
0.0808042	4630.02
0.0809419	4630.79
0.0810795	4631.56
0.0812172	4632.32
0.0813548	4633.07
0.0814925	4633.81
0.0816302	4634.55
0.0817678	4635.28
0.0819055	4636
0.0820431	4636.7
0.0821808	4637.4
0.0823184	4638.09
0.0824561	4638.77
0.0825937	4639.44
0.0827314	4640.1
0.0828691	4640.75
0.0830067	4641.39
0.0831444	4642.02
0.083282	4642.63
0.0834197	4643.24
0.0835573	4643.84
0.083695	4644.42
0.0838327	4644.99
0.0839703	4645.56
0.084108	4646.11
0.0842456	4646.65
0.0843833	4647.17
0.0845209	4647.69
0.0846586	4648.2
0.0847962	4648.69
0.0849339	4649.18
0.0850716	4649.65
0.0852092	4650.11
0.0853469	4650.56
0.0854845	4651
0.0856222	4651.43
0.0857598	4651.85
0.0858975	4652.25
0.0860352	4652.65
0.0861728	4653.04
0.0863105	4653.41
0.0864481	4653.78
0.0865858	4654.13
0.0867234	4654.48
0.0868611	4654.82
0.0869987	4655.14
0.0871364	4655.46
0.0872741	4655.77
0.0874117	4656.06
0.0875494	4656.35
0.087687	4656.63
0.0878247	4656.9
0.0879623	4657.14
0.0881	4657.38
0.0883314	4657.82
0.088563	4658.22
0.0887947	4658.58
0.0890266	4658.93
0.0892586	4659.25
0.0894907	4659.56
0.089723	4659.85
0.0899554	4660.13
0.090188	4660.39
0.0904207	4660.65
0.0906536	4660.89
0.0908866	4661.12
0.0911197	4661.34
0.091353	4661.56
0.0915865	4661.76
0.0918201	4661.96
0.0920538	4662.16
0.0922877	4662.35
0.0925217	4662.54
0.0927559	4662.73
0.0929902	4662.92
0.0932246	4663.11
0.0934592	4663.3
0.093694	4663.5
0.0939289	4663.69
0.0941639	4663.89
0.0943991	4664.09
0.0946344	4664.29
0.0948699	4664.5
0.0951055	4664.71
0.0953413	4664.92
0.0955772	4665.14
0.0958132	4665.35
0.0960494	4665.58
0.0962858	4665.8
0.0965223	4666.02
0.0967589	4666.25
0.0969957	4666.47
0.0972327	4666.69
0.0974697	4666.92
0.097707	4667.14
0.0979444	4667.35
0.0981819	4667.57
0.0984196	4667.77
0.0986574	4667.98
0.0988953	4668.17
0.0991335	4668.36
0.0993717	4668.55
0.0996101	4668.72
0.0998487	4668.88
0.100087	4669.04
0.100326	4669.18
0.100565	4669.31
0.100804	4669.43
0.101044	4669.54
0.101283	4669.64
0.101523	4669.72
0.101762	4669.79
0.102002	4669.85
0.102242	4669.9
0.102483	4669.93
0.102723	4669.94
0.102963	4669.95
0.103204	4669.94
0.103445	4669.92
0.103686	4669.9
0.103927	4669.86
0.104168	4669.81
0.104409	4669.75
0.104651	4669.68
0.104893	4669.61
0.105135	4669.53
0.105376	4669.45
0.105619	4669.36
0.105861	4669.27
0.106103	4669.18
0.106346	4669.09
0.106589	4669
0.106832	4668.92
0.107075	4668.84
0.107318	4668.77
0.107561	4668.72
0.107805	4668.67
0.108048	4668.64
0.108292	4668.63
0.108536	4668.63
0.10878	4668.66
0.109024	4668.7
0.109269	4668.78
0.109513	4668.88
0.109758	4669.01
0.110003	4669.17
0.110248	4669.37
0.110493	4669.61
0.110738	4669.88
0.110984	4670.19
0.111229	4670.55
0.111475	4670.95
0.111721	4671.39
0.111967	4671.88
0.112213	4672.42
0.11246	4673.01
0.112706	4673.64
0.112953	4674.32
0.1132	4675.06
0.113447	4675.84
0.113694	4676.67
0.113941	4677.55
0.114188	4678.46
0.114436	4679.41
0.114684	4680.42
0.114932	4681.64
0.11518	4682.91
0.115428	4684.03
0.115676	4685.25
0.115925	4686.54
0.116173	4687.78
0.116422	4688.99
0.116671	4690.21
0.11692	4691.47
0.11717	4692.78
0.117419	4694.16
0.117669	4695.59
0.117918	4697.06
0.118168	4698.55
0.118418	4700.04
0.118669	4701.53
0.118919	4703.01
0.119169	4704.48
0.11942	4705.95
0.119671	4707.42
0.119922	4708.89
0.120173	4710.36
0.120424	4711.82
0.120676	4713.28
0.120927	4714.73
0.121179	4716.17
0.121431	4717.6
0.121683	4719.01
0.121935	4720.4
0.122188	4721.78
0.12244	4723.14
0.122693	4724.48
0.122946	4725.8
0.123199	4727.1
0.123452	4728.38
0.123705	4729.63
0.123959	4730.87
0.124213	4732.08
0.124466	4733.27
0.12472	4734.43
0.124975	4735.56
0.125229	4736.68
0.125483	4737.76
0.125738	4738.82
0.125993	4739.85
0.126247	4740.85
0.126503	4741.82
0.126758	4742.76
0.127013	4743.68
0.127269	4744.56
0.127524	4745.41
0.12778	4746.23
0.128036	4747.01
0.128292	4747.76
0.128549	4748.47
0.128805	4749.14
0.129062	4749.78
0.129319	4750.37
0.129576	4750.92
0.129833	4751.43
0.13009	4751.89
0.130347	4752.3
0.130605	4752.65
0.130863	4752.95
0.131121	4753.19
0.131379	4753.37
0.131637	4753.47
0.131637	4753.47
0.131896	4753.49
0.132154	4753.45
0.132413	4753.32
0.132672	4753.11
0.132931	4752.79
0.13319	4752.36
0.133449	4751.81
0.133709	4751.14
0.133969	4750.32
0.134228	4749.36
0.134488	4748.22
0.134749	4746.9
0.135009	4745.38
0.135269	4743.63
0.13553	4741.63
0.135791	4739.35
0.136052	4736.77
0.136313	4733.86
0.136574	4730.56
0.136836	4726.86
0.137097	4722.69
0.137359	4718.02
0.137621	4712.78
0.137883	4706.91
0.138145	4700.36
0.138408	4693.08
0.13867	4685.06
0.138933	4676.28
0.139196	4665.45
0.139459	4653.17
0.139722	4640.52
0.139986	4626.71
0.140249	4611.4
0.140513	4594.81
0.140777	4577.28
0.141041	4558.58
0.141305	4538.5
0.14157	4516.84
0.141834	4493.62
0.142099	4468.99
0.142364	4443.29
0.142629	4417.02
0.142894	4390.8
0.14316	4365.38
0.143425	4341.61
0.143691	4320.44
0.143957	4302.84
0.144223	4289.47
0.144489	4282.41
0.144755	4281.98
0.145022	4287.2
0.145289	4298.99
0.145555	4317.06
0.145822	4340.3
0.14609	4367.36
0.146357	4396.72
0.146625	4426.75
0.146892	4456.07
0.14716	4483.43
0.147428	4508.2
0.147696	4529.86
0.147965	4552.56
0.148233	4573.65
0.148502	4587.99
0.148771	4599.92
0.14904	4609.74
0.149309	4615.96
0.149578	4619.5
0.149848	4621.61
0.150117	4623.4
0.150387	4625.33
0.150657	4627.37
0.150928	4629.32
0.151198	4630.98
0.151468	4632.15
0.151739	4632.72
0.15201	4632.82
0.152281	4632.68
0.152552	4632.42
0.152824	4632.14
0.153095	4631.92
0.153367	4631.8
0.153639	4631.77
0.153911	4631.8
0.154183	4631.85
0.154455	4631.91
0.154728	4631.97
0.155001	4632.05
0.155273	4632.14
0.155546	4632.26
0.15582	4632.42
0.156093	4632.62
0.156367	4632.86
0.15664	4633.14
0.156914	4633.46
0.157188	4633.81
0.157463	4634.18
0.157737	4634.57
0.158012	4634.98
0.158286	4635.41
0.158561	4635.85
0.158836	4636.31
0.159112	4636.78
0.159387	4637.26
0.159663	4637.76
0.159938	4638.26
0.160214	4638.78
0.16049	4639.3
0.160767	4639.83
0.161043	4640.37
0.16132	4640.91
0.161597	4641.44
0.161873	4641.99
0.162151	4642.53
0.162428	4643.07
0.162705	4643.61
0.162983	4644.15
0.163261	4644.69
0.163539	4645.23
0.163817	4645.77
0.164095	4646.3
0.164374	4646.82
0.164653	4647.35
0.164931	4647.87
0.165211	4648.38
0.16549	4648.88
0.165769	4649.39
0.166049	4649.88
0.166328	4650.37
0.166608	4650.84
0.166888	4651.31
0.167169	4651.78
0.167449	4652.23
0.16773	4652.67
0.16801	4653.11
0.168291	4653.53
0.168572	4653.95
0.168854	4654.35
0.169135	4654.74
0.169417	4655.12
0.169699	4655.49
0.169981	4655.84
0.170263	4656.18
0.170545	4656.5
0.170828	4656.81
0.17111	4657.11
0.171393	4657.39
0.171676	4657.65
0.171959	4657.9
0.172243	4658.13
0.172526	4658.34
0.17281	4658.53
0.173094	4658.7
0.173378	4658.85
0.173662	4658.98
0.173947	4659.09
0.174231	4659.17
0.174516	4659.24
0.174801	4659.27
0.175086	4659.29
0.175372	4659.28
0.175657	4659.24
0.175943	4659.17
0.176229	4659.08
0.176515	4658.95
0.176801	4658.8
0.177087	4658.61
0.177374	4658.39
0.177661	4658.14
0.177948	4657.85
0.178235	4657.53
0.178522	4657.17
0.178809	4656.77
0.179097	4656.33
0.179385	4655.86
0.179673	4655.34
0.179961	4654.77
0.180249	4654.17
0.180538	4653.52
0.180827	4652.83
0.181115	4652.09
0.181405	4651.31
0.181694	4650.48
0.181983	4649.6
0.181983	4649.6
0.182273	4648.67
0.182563	4647.7
0.182853	4646.67
0.183143	4645.6
0.183433	4644.48
0.183723	4643.31
0.184014	4642.09
0.184305	4640.82
0.184596	4639.5
0.184887	4638.14
0.185179	4636.73
0.18547	4635.27
0.185762	4633.77
0.186054	4632.22
0.186346	4630.63
0.186638	4629.03
0.186931	4627.35
0.187224	4625.59
0.187516	4623.65
0.187809	4621.72
0.188103	4619.94
0.188396	4618.06
0.18869	4616.22
0.188983	4614.44
0.189277	4612.69
0.189571	4610.91
0.189866	4609.08
0.19016	4607.2
0.190455	4605.28
0.19075	4603.34
0.191045	4601.41
0.19134	4599.51
0.191635	4597.65
0.191931	4595.85
0.192227	4594.11
0.192523	4592.43
0.192819	4590.8
0.193115	4589.23
0.193412	4587.73
0.193708	4586.29
0.194005	4584.93
0.194302	4583.65
0.194599	4582.46
0.194897	4581.37
0.195194	4580.38
0.195492	4579.49
0.19579	4578.71
0.196088	4578.05
0.196387	4577.49
0.196685	4577.05
0.196984	4576.72
0.197283	4576.5
0.197582	4576.38
0.197881	4576.39
0.198181	4576.5
0.19848	4576.7
0.19878	4577
0.19908	4577.4
0.19938	4577.89
0.199681	4578.46
0.199981	4579.11
0.200282	4579.83
0.200583	4580.61
0.200884	4581.45
0.201185	4582.34
0.201487	4583.27
0.201789	4584.24
0.20209	4585.24
0.202392	4586.26
0.202695	4587.3
0.202997	4588.35
0.2033	4589.4
0.203603	4590.46
0.203906	4591.51
0.204209	4592.55
0.204512	4593.57
0.204816	4594.58
0.205119	4595.57
0.205423	4596.53
0.205727	4597.47
0.206032	4598.38
0.206336	4599.26
0.206641	4600.12
0.206946	4600.93
0.207251	4601.72
0.207556	4602.48
0.207862	4603.2
0.208167	4603.89
0.208473	4604.54
0.208779	4605.17
0.209085	4605.76
0.209392	4606.32
0.209698	4606.85
0.210005	4607.35
0.210312	4607.82
0.210619	4608.27
0.210927	4608.68
0.211234	4609.07
0.211542	4609.44
0.21185	4609.78
0.212158	4610.09
0.212466	4610.39
0.212775	4610.67
0.213083	4610.92
0.213392	4611.16
0.213701	4611.39
0.21401	4611.6
0.21432	4611.8
0.21463	4611.98
0.214939	4612.16
0.215249	4612.32
0.21556	4612.49
0.21587	4612.64
0.216181	4612.79
0.216491	4612.95
0.216802	4613.1
0.217114	4613.25
0.217425	4613.41
0.217736	4613.58
0.218048	4613.75
0.21836	4613.93
0.218672	4614.12
0.218985	4614.32
0.219297	4614.54
0.21961	4614.78
0.219923	4615.03
0.220236	4615.3
0.220549	4615.6
0.220863	4615.91
0.221176	4616.25
0.22149	4616.61
0.221804	4617.01
0.222119	4617.42
0.222433	4617.87
0.222748	4618.34
0.223063	4618.84
0.223378	4619.37
0.223693	4619.93
0.224008	4620.52
0.224324	4621.13
0.22464	4621.77
0.224956	4622.44
0.225272	4623.13
0.225589	4623.84
0.225905	4624.58
0.226222	4625.34
0.226539	4626.11
0.226856	4626.91
0.227174	4627.72
0.227491	4628.54
0.227809	4629.38
0.228127	4630.23
0.228445	4631.09
0.228764	4631.95
0.229082	4632.81
0.229401	4633.69
0.22972	4634.49
0.230039	4635.49
0.230358	4636.53
0.230678	4637.35
0.230998	4638.24
0.231318	4639.1
0.231638	4639.92
0.231958	4640.72
0.232279	4641.53
0.2326	4642.35
0.232921	4643.19
0.233242	4644.03
0.233563	4644.87
0.233885	4645.69
0.234206	4646.5
0.234528	4647.29
0.234851	4648.07
0.235173	4648.85
0.235495	4649.61
0.235818	4650.37
0.236141	4651.13
0.236464	4651.88
0.236788	4652.63
0.237111	4653.38
0.237435	4654.11
0.237759	4654.85
0.238083	4655.58
0.238408	4656.31
0.238732	4657.03
0.239057	4657.75
0.239382	4658.47
0.239707	4659.19
0.240032	4659.9
0.240358	4660.6
0.240684	4661.3
0.24101	4661.98
0.241336	4662.66
0.241662	4663.32
0.241989	4663.97
0.242316	4664.59
0.242643	4665.2
0.24297	4665.77
0.243297	4666.32
0.243625	4666.83
0.243953	4667.31
0.244281	4667.74
0.244609	4668.12
0.244937	4668.44
0.245266	4668.7
0.245595	4668.88
0.245924	4669
0.246253	4669.04
0.246582	4669
0.246912	4668.88
0.247242	4668.66
0.247572	4668.34
0.247902	4667.91
0.248232	4667.36
0.248563	4666.68
0.248894	4665.87
0.249225	4664.92
0.249556	4663.83
0.249888	4662.59
0.250219	4661.2
0.250551	4659.65
0.250883	4657.93
0.251216	4656.04
0.251548	4653.97
0.251881	4651.72
0.252214	4649.29
0.252547	4646.67
0.25288	4643.89
0.253214	4640.93
0.253547	4637.83
0.253881	4634.47
0.254216	4630.53
0.25455	4626.62
0.254884	4622.83
0.255219	4618.79
0.255554	4614.79
0.255889	4610.81
0.256225	4606.76
0.25656	4602.58
0.256896	4598.3
0.257232	4593.95
0.257568	4589.64
0.257905	4585.44
0.258242	4581.44
0.258578	4577.68
0.258915	4574.22
0.259253	4571.09
0.25959	4568.32
0.259928	4565.96
0.260266	4564.05
0.260604	4562.62
0.260942	4561.68
0.261281	4561.32
0.261619	4561.52
0.261958	4562.21
0.262298	4563.42
0.262637	4565.11
0.262976	4567.25
0.263316	4569.78
0.263656	4572.65
0.263996	4575.8
0.263996	4575.8
0.264337	4579.16
0.264678	4582.67
0.265018	4586.28
0.265359	4589.92
0.265701	4593.54
0.266042	4597.1
0.266384	4600.55
0.266726	4603.88
0.267068	4607.04
0.26741	4610.02
0.267753	4612.79
0.268095	4615.42
0.268438	4617.5
0.268782	4620.04
0.269125	4622.64
0.269469	4624.38
0.269812	4626.12
0.270156	4627.62
0.270501	4628.86
0.270845	4629.96
0.27119	4630.98
0.271535	4631.98
0.27188	4632.93
0.272225	4633.81
0.272571	4634.6
0.272916	4635.28
0.273262	4635.87
0.273608	4636.37
0.273955	4636.81
0.274301	4637.2
0.274648	4637.55
0.274995	4637.87
0.275342	4638.15
0.27569	4638.39
0.276038	4638.6
0.276385	4638.79
0.276733	4638.95
0.277082	4639.08
0.27743	4639.2
0.277779	4639.3
0.278128	4639.39
0.278477	4639.46
0.278827	4639.51
0.279176	4639.56
0.279526	4639.59
0.279876	4639.62
0.280226	4639.63
0.280577	4639.64
0.280927	4639.63
0.281278	4639.62
0.28163	4639.6
0.281981	4639.58
0.282332	4639.55
0.282684	4639.51
0.283036	4639.47
0.283388	4639.42
0.283741	4639.37
0.284093	4639.31
0.284446	4639.25
0.284799	4639.18
0.285153	4639.1
0.285506	4639.03
0.28586	4638.94
0.286214	4638.86
0.286568	4638.76
0.286923	4638.67
0.287277	4638.57
0.287632	4638.46
0.287987	4638.35
0.288342	4638.23
0.288698	4638.11
0.289054	4637.99
0.28941	4637.85
0.289766	4637.72
0.290122	4637.57
0.290479	4637.42
0.290836	4637.27
0.291193	4637.11
0.29155	4636.94
0.291907	4636.76
0.292265	4636.58
0.292623	4636.39
0.292981	4636.19
0.29334	4635.98
0.293698	4635.76
0.294057	4635.53
0.294416	4635.29
0.294775	4635.04
0.295135	4634.78
0.295494	4634.5
0.295854	4634.22
0.296215	4633.91
0.296575	4633.6
0.296936	4633.27
0.297296	4632.92
0.297657	4632.55
0.298019	4632.17
0.29838	4631.76
0.298742	4631.34
0.299104	4630.9
0.299466	4630.43
0.299828	4629.93
0.300191	4629.42
0.300554	4628.87
0.300917	4628.3
0.30128	4627.7
0.301644	4627.08
0.302008	4626.42
0.302372	4625.72
0.302736	4625
0.3031	4624.24
0.303465	4623.44
0.30383	4622.61
0.304195	4621.74
0.30456	4620.83
0.304926	4619.88
0.305291	4618.89
0.305657	4617.86
0.306024	4616.78
0.30639	4615.67
0.306757	4614.5
0.307124	4613.3
0.307491	4612.05
0.307858	4610.75
0.308226	4609.41
0.308594	4608.03
0.308962	4606.6
0.30933	4605.12
0.309699	4603.61
0.310067	4602.05
0.310436	4600.44
0.310805	4598.8
0.311175	4597.12
0.311545	4595.41
0.311914	4593.67
0.312284	4591.89
0.312655	4589.91
0.313025	4587.94
0.313396	4586.1
0.313767	4584.21
0.314139	4582.36
0.31451	4580.52
0.314882	4578.65
0.315254	4576.74
0.315626	4574.78
0.315998	4572.8
0.316371	4570.82
0.316744	4568.86
0.317117	4566.93
0.31749	4565.03
0.317864	4563.17
0.318238	4561.34
0.318612	4559.54
0.318986	4557.77
0.31936	4556.05
0.319735	4554.37
0.32011	4552.75
0.320485	4551.18
0.320861	4549.67
0.321236	4548.23
0.321612	4546.85
0.321988	4545.54
0.322365	4544.3
0.322741	4543.13
0.323118	4542.03
0.323495	4541.01
0.323872	4540.05
0.32425	4539.17
0.324628	4538.36
0.325006	4537.62
0.325384	4536.94
0.325762	4536.33
0.326141	4535.78
0.32652	4535.29
0.326899	4534.86
0.327278	4534.48
0.327658	4534.15
0.328038	4533.87
0.328418	4533.62
0.328798	4533.43
0.329179	4533.26
0.32956	4533.14
0.329941	4533.04
0.330322	4532.97
0.330704	4532.93
0.331085	4532.92
0.331467	4532.92
0.33185	4532.95
0.332232	4533
0.332615	4533.06
0.332998	4533.14
0.333381	4533.24
0.333764	4533.35
0.334148	4533.47
0.334532	4533.6
0.334916	4533.75
0.3353	4533.9
0.335685	4534.07
0.33607	4534.24
0.336455	4534.43
0.33684	4534.62
0.337226	4534.82
0.337612	4535.02
0.337998	4535.23
0.338384	4535.45
0.33877	4535.66
0.339157	4535.88
0.339544	4536.11
0.339931	4536.33
0.340319	4536.55
0.340706	4536.77
0.341094	4536.98
0.341483	4537.19
0.341871	4537.4
0.34226	4537.6
0.342649	4537.79
0.343038	4537.97
0.343427	4538.15
0.343817	4538.31
0.344207	4538.46
0.344597	4538.6
0.344987	4538.73
0.345378	4538.84
0.345769	4538.94
0.34616	4539.03
0.346551	4539.1
0.346943	4539.17
0.347334	4539.11
0.347727	4539.21
0.348119	4539.38
0.348511	4539.35
0.348904	4539.34
0.349297	4539.3
0.34969	4539.21
0.350084	4539.11
0.350478	4539.01
0.350872	4538.92
0.351266	4538.84
0.35166	4538.74
0.352055	4538.62
0.35245	4538.48
0.352845	4538.33
0.353241	4538.15
0.353637	4537.96
0.354033	4537.76
0.354429	4537.54
0.354825	4537.3
0.355222	4537.05
0.355619	4536.77
0.356016	4536.47
0.356414	4536.15
0.356811	4535.81
0.357209	4535.43
0.357607	4535.03
0.358006	4534.61
0.358404	4534.15
0.358803	4533.65
0.359202	4533.12
0.359602	4532.55
0.360002	4531.94
0.360401	4531.29
0.360802	4530.6
0.361202	4529.85
0.361603	4529.06
0.362004	4528.22
0.362405	4527.33
0.362806	4526.38
0.363208	4525.38
0.36361	4524.32
0.364012	4523.2
0.364414	4522.03
0.364817	4520.8
0.36522	4519.5
0.365623	4518.15
0.366026	4516.74
0.36643	4515.27
0.366834	4513.75
0.367238	4512.17
0.367642	4510.54
0.368047	4508.86
0.368452	4507.12
0.368857	4505.36
0.369262	4503.55
0.369668	4501.82
0.370074	4499.87
0.37048	4497.69
0.370886	4495.72
0.371293	4493.8
0.3717	4491.88
0.372107	4490
0.372515	4488.12
0.372922	4486.22
0.37333	4484.3
0.373738	4482.37
0.374147	4480.48
0.374555	4478.64
0.374964	4476.87
0.375374	4475.16
0.375783	4473.52
0.376193	4471.95
0.376603	4470.46
0.377013	4469.05
0.377423	4467.73
0.377834	4466.49
0.378245	4465.35
0.378656	4464.31
0.379068	4463.37
0.379479	4462.51
0.379891	4461.75
0.380304	4461.08
0.380716	4460.49
0.381129	4459.99
0.381542	4459.56
0.381955	4459.2
0.382369	4458.9
0.382782	4458.67
0.383196	4458.48
0.383611	4458.34
0.384025	4458.23
0.38444	4458.15
0.384855	4458.1
0.38527	4458.06
0.385686	4458.02
0.386102	4457.99
0.386518	4457.96
0.386934	4457.92
0.387351	4457.88
0.387767	4457.7
0.388185	4457.68
0.388602	4457.76
0.38902	4457.59
0.389437	4457.42
0.389856	4457.23
0.390274	4456.97
0.390693	4456.65
0.391112	4456.33
0.391531	4456
0.39195	4455.67
0.39237	4455.31
0.39279	4454.91
0.39321	4454.46
0.393631	4453.98
0.394051	4453.46
0.394472	4452.91
0.394894	4452.34
0.395315	4451.74
0.395737	4451.11
0.396159	4450.45
0.396581	4449.77
0.397004	4449.05
0.397427	4448.31
0.39785	4447.55
0.398273	4446.76
0.398697	4445.95
0.399121	4445.12
0.399545	4444.26
0.399969	4443.39
0.400394	4442.49
0.400819	4441.57
0.401244	4440.63
0.40167	4439.68
0.40167	4439.68
0.402095	4438.7
0.402521	4437.71
0.402948	4436.7
0.403374	4435.67
0.403801	4434.63
0.404228	4433.57
0.404655	4432.5
0.405083	4431.41
0.405511	4430.31
0.405939	4429.19
0.406367	4428.06
0.406796	4426.91
0.407225	4425.75
0.407654	4424.58
0.408083	4423.4
0.408513	4422.2
0.408943	4420.99
0.409373	4419.77
0.409804	4418.54
0.410234	4417.29
0.410665	4416.03
0.411097	4414.76
0.411528	4413.48
0.41196	4412.19
0.412392	4410.88
0.412825	4409.57
0.413257	4408.24
0.41369	4406.9
0.414123	4405.55
0.414557	4404.18
0.41499	4402.8
0.415424	4401.41
0.415859	4400.01
0.416293	4398.59
0.416728	4397.16
0.417163	4395.71
0.417598	4394.25
0.418034	4392.78
0.41847	4391.29
0.418906	4389.78
0.419342	4388.25
0.419779	4386.71
0.420216	4385.15
0.420653	4383.57
0.421091	4381.97
0.421528	4380.36
0.421967	4378.72
0.422405	4377.06
0.422843	4375.38
0.423282	4373.67
0.423721	4371.94
0.424161	4370.19
0.4246	4368.42
0.42504	4366.62
0.425481	4364.8
0.425921	4362.95
0.426362	4361.08
0.426803	4359.18
0.427244	4357.25
0.427686	4355.3
0.428128	4353.33
0.42857	4351.33
0.429012	4349.3
0.429455	4347.25
0.429898	4345.17
0.430341	4343.07
0.430784	4340.95
0.431228	4338.81
0.431672	4336.66
0.432117	4334.42
0.432561	4332.06
0.433006	4329.78
0.433451	4327.61
0.433897	4325.41
0.434342	4323.17
0.434788	4320.89
0.435234	4318.57
0.435681	4316.23
0.436128	4313.88
0.436575	4311.53
0.437022	4309.18
0.43747	4306.84
0.437918	4304.5
0.438366	4302.16
0.438814	4299.83
0.439263	4297.51
0.439712	4295.19
0.440161	4292.89
0.440611	4290.61
0.441061	4288.34
0.441511	4286.1
0.441961	4283.89
0.442412	4281.7
0.442863	4279.54
0.443314	4277.41
0.443766	4275.32
0.444218	4273.27
0.44467	4271.25
0.445122	4269.28
0.445575	4267.34
0.446028	4265.46
0.446481	4263.61
0.446934	4261.81
0.447388	4260.06
0.447842	4258.35
0.448297	4256.68
0.448751	4255.06
0.449206	4253.49
0.449661	4251.96
0.450117	4250.47
0.450573	4249.03
0.451029	4247.62
0.451485	4246.25
0.451941	4244.92
0.452398	4243.62
0.452855	4242.35
0.453313	4241.11
0.453771	4239.89
0.454229	4238.7
0.454687	4237.53
0.455146	4236.38
0.455604	4235.25
0.456064	4234.13
0.456523	4233.02
0.456983	4231.92
0.457443	4230.83
0.457903	4229.74
0.458364	4228.65
0.458824	4227.56
0.459286	4226.47
0.459747	4225.38
0.460209	4224.28
0.460209	4224.28
0.460671	4223.17
0.461133	4222.06
0.461596	4220.93
0.462058	4219.79
0.462522	4218.63
0.462985	4217.47
0.463449	4216.28
0.463913	4215.08
0.464377	4213.86
0.464842	4212.62
0.465306	4211.35
0.465772	4210.08
0.466237	4208.76
0.466703	4207.45
0.467169	4206.13
0.467635	4204.66
0.468102	4203.28
0.468569	4201.96
0.469036	4200.53
0.469503	4199.06
0.469971	4197.54
0.470439	4195.99
0.470907	4194.43
0.471376	4192.86
0.471845	4191.27
0.472314	4189.65
0.472784	4188.01
0.473253	4186.34
0.473724	4184.65
0.474194	4182.93
0.474665	4181.18
0.475136	4179.41
0.475607	4177.62
0.476078	4175.8
0.47655	4173.96
0.477022	4172.11
0.477495	4170.23
0.477967	4168.33
0.47844	4166.4
0.478914	4164.46
0.479387	4162.5
0.479861	4160.53
0.480335	4158.54
0.48081	4156.53
0.481285	4154.5
0.48176	4152.47
0.482235	4150.42
0.482711	4148.36
0.483187	4146.28
0.483663	4144.2
0.484139	4142.11
0.484616	4140
0.485093	4137.9
0.485571	4135.78
0.486048	4133.66
0.486527	4131.53
0.487005	4129.41
0.487483	4127.27
0.487962	4125.14
0.488442	4123
0.488921	4120.86
0.489401	4118.72
0.489881	4116.59
0.490361	4114.45
0.490842	4112.31
0.491323	4110.18
0.491804	4108.05
0.492286	4105.92
0.492768	4103.79
0.49325	4101.66
0.493732	4099.54
0.494215	4097.42
0.494698	4095.3
0.495182	4093.18
0.495665	4091.06
0.496149	4088.95
0.496633	4086.84
0.497118	4084.73
0.497603	4082.62
0.498088	4080.51
0.498574	4078.4
0.499059	4076.3
0.499545	4074.19
0.500032	4072.07
0.500518	4069.96
0.501005	4067.84
0.501493	4065.73
0.50198	4063.6
0.502468	4061.48
0.502956	4059.35
0.503445	4057.21
0.503934	4055.07
0.504423	4052.92
0.504912	4050.77
0.505402	4048.61
0.505892	4046.45
0.506382	4044.28
0.506873	4042.1
0.507364	4039.91
0.507855	4037.72
0.508346	4035.52
0.508838	4033.31
0.50933	4031.09
0.509823	4028.86
0.510316	4026.62
0.510809	4024.37
0.511302	4022.11
0.511796	4019.85
0.51229	4017.57
0.512784	4015.28
0.513278	4012.98
0.513773	4010.67
0.514268	4008.35
0.514764	4006.02
0.51526	4003.67
0.515756	4001.32
0.516252	3998.95
0.516749	3996.58
0.517246	3994.19
0.517743	3991.79
0.518241	3989.38
0.518739	3986.95
0.519237	3984.52
0.519736	3982.07
0.520235	3979.61
0.520734	3977.13
0.521233	3974.64
0.521733	3972.14
0.522233	3969.63
0.522734	3967.1
0.523235	3964.56
0.523736	3962.01
0.524237	3959.44
0.524739	3956.86
0.525241	3954.26
0.525743	3951.65
0.526246	3949.02
0.526748	3946.38
0.527252	3943.72
0.527755	3941.04
0.528259	3938.35
0.528763	3935.64
0.529268	3932.92
0.529773	3930.18
0.530278	3927.42
0.530783	3924.65
0.531289	3921.86
0.531795	3919.05
0.532301	3916.22
0.532808	3913.38
0.533315	3910.52
0.533822	3907.64
0.53433	3904.74
0.534838	3901.82
0.535346	3898.89
0.535854	3895.94
0.536363	3892.96
0.536873	3889.97
0.537382	3886.97
0.537892	3883.94
0.538402	3880.9
0.538912	3877.84
0.539423	3874.77
0.539934	3871.68
0.540446	3868.58
0.540957	3865.44
0.541469	3862.25
0.541982	3859.08
0.542494	3855.92
0.543007	3852.74
0.543521	3849.55
0.544034	3846.34
0.544548	3843.1
0.545063	3839.85
0.545577	3836.59
0.546092	3833.32
0.546607	3830.04
0.547123	3826.75
0.547639	3823.46
0.548155	3820.14
0.548671	3816.82
0.549188	3813.49
0.549705	3810.15
0.550223	3806.81
0.550741	3803.47
0.551259	3800.12
0.551777	3796.76
0.552296	3793.4
0.552815	3790.03
0.553334	3786.66
0.553854	3783.29
0.554374	3779.92
0.554894	3776.55
0.555415	3773.17
0.555936	3769.79
0.556457	3766.41
0.556979	3763.03
0.557501	3759.65
0.558023	3756.26
0.558546	3752.88
0.559069	3749.49
0.559592	3746.1
0.560116	3742.71
0.560639	3739.32
0.561164	3735.92
0.561688	3732.53
0.562213	3729.13
0.562738	3725.72
0.563264	3722.32
0.56379	3718.9
0.564316	3715.48
0.564842	3712.06
0.564842	3712.06
0.565369	3708.62
0.565896	3705.18
0.566424	3701.73
0.566952	3698.27
0.56748	3694.8
0.568008	3691.31
0.568537	3687.81
0.569066	3684.29
0.569596	3680.75
0.570125	3677.2
0.570656	3673.63
0.571186	3670.05
0.571717	3666.45
0.572248	3662.82
0.572779	3659.17
0.573311	3655.49
0.573843	3651.79
0.574376	3648.07
0.574908	3644.34
0.575441	3640.56
0.575975	3636.72
0.576509	3632.86
0.577043	3629.01
0.577577	3625.14
0.578112	3621.23
0.578647	3617.26
0.579182	3613.25
0.579718	3609.21
0.580254	3605.11
0.58079	3601.02
0.581327	3596.92
0.581864	3592.74
0.582401	3588.51
0.582939	3584.24
0.583477	3579.93
0.584016	3575.59
0.584554	3571.21
0.585093	3566.78
0.585633	3562.31
0.586172	3557.8
0.586713	3553.24
0.587253	3548.63
0.587794	3543.99
0.588335	3539.3
0.588876	3534.56
0.589418	3529.77
0.58996	3524.94
0.590502	3520.05
0.591045	3515.12
0.591588	3510.14
0.592131	3505.11
0.592675	3500.03
0.593219	3494.9
0.593764	3489.71
0.594308	3484.47
0.594854	3479.18
0.595399	3473.83
0.595945	3468.43
0.596491	3462.97
0.597037	3457.46
0.597584	3451.89
0.598131	3446.27
0.598679	3440.59
0.599226	3434.85
0.599775	3429.05
0.600323	3423.19
0.600872	3417.27
0.601421	3411.28
0.601971	3405.23
0.60252	3399.12
0.603071	3392.93
0.603621	3386.68
0.604172	3380.36
0.604723	3373.97
0.605275	3367.51
0.605827	3360.98
0.606379	3354.37
0.606931	3347.69
0.607484	3340.93
0.608038	3334.09
0.608591	3327.17
0.609145	3320.17
0.609699	3313.08
0.610254	3305.91
0.610809	3298.65
0.611364	3291.3
0.61192	3283.86
0.612476	3276.32
0.613032	3268.69
0.613589	3260.96
0.614146	3253.13
0.614704	3245.19
0.615261	3237.15
0.615819	3229.01
0.616378	3220.75
0.616937	3212.38
0.617496	3203.89
0.618055	3195.29
0.618615	3186.56
0.619175	3177.71
0.619736	3168.74
0.620296	3159.63
0.620858	3150.39
0.621419	3141.02
0.621981	3131.5
0.622543	3121.85
0.623106	3112.04
0.623669	3102.09
0.624232	3091.99
0.624796	3081.73
0.62536	3071.31
0.625924	3060.72
0.626489	3049.97
0.627054	3039.05
0.627619	3027.95
0.628185	3016.68
0.628751	3005.22
0.629317	2993.57
0.629884	2981.74
0.630451	2969.7
0.631019	2957.47
0.631587	2945.03
0.632155	2932.38
0.632723	2919.52
0.633292	2906.44
0.633862	2893.13
0.634431	2879.59
0.634431	2879.59
0.635001	2865.83
0.635571	2851.82
0.636142	2837.57
0.636713	2823.07
0.637284	2808.32
0.637856	2793.3
0.638428	2778.01
0.639001	2762.45
0.639574	2746.62
0.640147	2730.49
0.64072	2714.08
0.641294	2697.38
0.641868	2680.37
0.642443	2663.06
0.643018	2645.42
0.643593	2627.47
0.644169	2609.18
0.644745	2590.56
0.645321	2571.6
0.645898	2552.29
0.646475	2532.63
0.647052	2512.6
0.64763	2492.21
0.648208	2471.44
0.648786	2450.29
0.649365	2428.75
0.649945	2406.81
0.650524	2384.48
0.651104	2361.74
0.651684	2338.59
0.652265	2315.02
0.652846	2291.03
0.653427	2266.61
0.654009	2241.77
0.654591	2216.48
0.655174	2190.76
0.655756	2164.61
0.65634	2138.01
0.656923	2110.98
0.657507	2083.51
0.658091	2055.6
0.658676	2027.27
0.659261	1998.52
0.659846	1969.35
0.660432	1939.77
0.661018	1909.81
0.661604	1879.47
0.662191	1848.78
0.662778	1817.76
0.663366	1786.42
0.663954	1754.79
0.664542	1722.89
0.665131	1690.76
0.66572	1658.42
0.666309	1625.91
0.666899	1593.25
0.667489	1560.5
0.668079	1527.68
0.66867	1494.87
0.669261	1462.11
0.669853	1429.48
0.670445	1397.05
0.671037	1364.91
0.671629	1333.15
0.672222	1301.86
0.672816	1271.09
0.67341	1240.9
0.674004	1211.36
0.674598	1182.5
0.675193	1154.38
0.675788	1127
0.676384	1100.38
0.67698	1074.52
0.677576	1049.42
0.678173	1025.06
0.67877	1001.45
0.679367	978.576
0.679965	956.415
0.680563	934.951
0.681162	914.164
0.681761	894.032
0.68236	874.534
0.68296	855.651
0.68356	837.361
0.68416	819.642
0.684761	802.475
0.685362	785.839
0.685964	769.715
0.686565	754.085
0.687168	738.929
0.68777	724.23
0.688373	709.972
0.688977	696.137
0.68958	682.711
0.690185	669.677
0.690789	657.021
0.691394	644.729
0.691999	632.789
0.692605	621.186
0.693211	609.909
0.693817	598.946
0.694424	588.286
0.695031	577.917
0.695639	567.83
0.696246	558.013
0.696855	548.459
0.697463	539.157
0.698072	530.099
0.698682	521.276
0.699292	512.681
0.699902	504.306
0.700512	496.142
0.701123	488.184
0.701734	480.424
0.702346	472.856
0.702958	465.473
0.70357	458.27
0.704183	451.241
0.704796	444.379
0.70541	437.681
0.706024	431.14
0.706638	424.752
0.707253	418.512
0.707868	412.415
0.708484	406.458
0.709099	400.635
0.709716	394.943
0.710332	389.378
0.710949	383.936
0.711567	378.614
0.712184	373.407
0.712802	368.313
0.713421	363.329
0.71404	358.451
0.714659	353.676
0.715279	349.002
0.715899	344.425
0.716519	339.943
0.71714	335.553
0.717761	331.253
0.718383	327.04
0.719005	322.912
0.719627	318.867
0.72025	314.902
0.720873	311.015
0.721497	307.205
0.722121	303.469
0.722745	299.806
0.723369	296.212
0.723995	292.688
0.72462	289.231
0.725246	285.839
0.725872	282.51
0.726499	279.244
0.727126	276.038
0.727753	272.891
0.728381	269.802
0.729009	266.769
0.729638	263.791
0.730267	260.866
0.730896	257.994
0.731526	255.172
0.732156	252.401
0.732786	249.678
0.733417	247.003
0.734048	244.375
0.73468	241.791
0.735312	239.252
0.735945	236.757
0.736578	234.304
0.737211	231.892
0.737844	229.521
0.738478	227.189
0.739113	224.896
0.739748	222.641
0.740383	220.423
0.741019	218.242
0.741655	216.096
0.742291	213.984
0.742928	211.907
0.743565	209.863
0.744202	207.851
0.74484	205.872
0.745479	203.923
0.746118	202.005
0.746757	200.117
0.747396	198.259
0.748036	196.429
0.748677	194.627
0.749317	192.853
0.749959	191.106
0.7506	189.385
0.751242	187.69
0.751884	186.021
0.752527	184.377
0.75317	182.757
0.753814	181.161
0.754458	179.588
0.755102	178.039
0.755747	176.512
0.756392	175.007
0.757037	173.524
0.757683	172.062
0.75833	170.622
0.758976	169.201
0.759623	167.801
0.760271	166.421
0.760919	165.059
0.761567	163.717
0.762216	162.394
0.762865	161.089
0.763515	159.802
0.764165	158.532
0.764815	157.28
0.765466	156.045
0.766117	154.826
0.766768	153.624
0.76742	152.438
0.768073	151.268
0.768725	150.113
0.769379	148.973
0.770032	147.849
0.770686	146.739
0.771341	145.644
0.771995	144.563
0.772651	143.496
0.773306	142.442
0.773962	141.402
0.774619	140.376
0.775275	139.362
0.775933	138.361
0.77659	137.373
0.777248	136.397
0.777907	135.433
0.778566	134.482
0.779225	133.542
0.779885	132.613
0.780545	131.696
0.781205	130.79
0.781866	129.896
0.782527	129.012
0.783189	128.138
0.783851	127.276
0.784514	126.423
0.785177	125.581
0.78584	124.748
0.786504	123.926
0.787168	123.113
0.787833	122.31
0.788498	121.516
0.789163	120.731
0.789829	119.955
0.790495	119.189
0.791162	118.431
0.791829	117.682
0.792496	116.941
0.793164	116.209
0.793833	115.485
0.794501	114.769
0.79517	114.061
0.79584	113.361
0.79651	112.669
0.79718	111.985
0.797851	111.308
0.798522	110.639
0.799194	109.977
0.799866	109.322
0.800539	108.675
0.801211	108.034
0.801885	107.401
0.802558	106.774
0.803233	106.154
0.803907	105.541
0.804582	104.934
0.805257	104.333
0.805933	103.739
0.80661	103.152
0.807286	102.57
0.807963	101.995
0.808641	101.425
0.809319	100.862
0.809997	100.304
0.810676	99.7524
0.811355	99.2062
0.812034	98.6657
0.812714	98.1307
0.813395	97.6011
0.814076	97.077
0.814757	96.5581
0.815439	96.0445
0.816121	95.5361
0.816803	95.0327
0.817486	94.5344
0.81817	94.0411
0.818853	93.5526
0.819538	93.069
0.820222	92.5901
0.820907	92.1159
0.821593	91.6464
0.822279	91.1815
0.822965	90.721
0.823652	90.2651
0.824339	89.8135
0.825027	89.3662
0.825715	88.9233
0.826403	88.4846
0.827092	88.05
0.827782	87.6196
0.828471	87.1932
0.829162	86.7708
0.829852	86.3524
0.830543	85.9379
0.831235	85.5272
0.831927	85.1203
0.832619	84.7172
0.833312	84.3178
0.834005	83.9221
0.834698	83.5299
0.834698	83.5299
0.835393	83.1414
0.836087	82.7563
0.836782	82.3747
0.837477	81.9965
0.838173	81.6217
0.838869	81.2502
0.839566	80.8821
0.840263	80.5171
0.84096	80.1554
0.841658	79.7968
0.842357	79.4414
0.843056	79.089
0.843755	78.7397
0.844454	78.3934
0.845155	78.05
0.845855	77.7096
0.846556	77.3721
0.847257	77.0374
0.847959	76.7055
0.848662	76.3764
0.849364	76.0501
0.850067	75.7264
0.850771	75.4054
0.851475	75.0871
0.852179	74.7714
0.852884	74.4582
0.85359	74.1476
0.854295	73.8394
0.855002	73.5338
0.855708	73.2305
0.856415	72.9297
0.857123	72.6313
0.857831	72.3352
0.858539	72.0414
0.859248	71.7499
0.859957	71.4606
0.860667	71.1736
0.861377	70.8888
0.862088	70.6061
0.862799	70.3256
0.86351	70.0471
0.864222	69.7707
0.864934	69.4964
0.865647	69.224
0.86636	68.9536
0.867074	68.6851
0.867788	68.4185
0.868503	68.1539
0.869218	67.8911
0.869933	67.6301
0.870649	67.371
0.871365	67.1137
0.872082	66.8582
0.872799	66.6044
0.873517	66.3523
0.874235	66.102
0.874954	65.8534
0.875673	65.6063
0.876392	65.3609
0.877112	65.1171
0.877832	64.8748
0.878553	64.634
0.879274	64.3947
0.879996	64.1569
0.880718	63.9206
0.881441	63.6856
0.882164	63.4521
0.882887	63.2199
0.883611	62.9891
0.884335	62.7596
0.88506	62.5314
0.885785	62.3046
0.886511	62.0789
0.887237	61.8546
0.887964	61.6315
0.888691	61.4096
0.889418	61.1889
0.890146	60.9693
0.890875	60.7509
0.891604	60.5337
0.892333	60.3176
0.893063	60.1025
0.893793	59.8885
0.894524	59.6755
0.895255	59.4636
0.895986	59.2527
0.896718	59.0433
0.897451	58.8354
0.898184	58.6286
0.898917	58.4224
0.899651	58.2169
0.900385	58.0121
0.90112	57.8082
0.901855	57.6055
0.902591	57.404
0.903327	57.2036
0.904064	57.0042
0.904801	56.8059
0.905538	56.6086
0.906276	56.4124
0.907014	56.2172
0.907753	56.023
0.908493	55.8299
0.909232	55.6378
0.909973	55.4468
0.910713	55.2569
0.911454	55.0682
0.912196	54.8805
0.912938	54.6939
0.913681	54.5085
0.914424	54.3242
0.915167	54.1411
0.915911	53.9592
0.916655	53.7784
0.9174	53.5988
0.918146	53.4204
0.918891	53.2432
0.919638	53.0672
0.920384	52.8923
0.921131	52.7187
0.921879	52.5463
0.922627	52.3751
0.923376	52.2051
0.924125	52.0363
0.924874	51.8686
0.925624	51.7022
0.926374	51.537
0.927125	51.3731
0.927876	51.2104
0.928628	51.049
0.929381	50.8886
0.930133	50.7283
0.930886	50.5714
0.93164	50.4249
0.932394	50.2931
0.933149	50.1754
0.933904	50.0679
0.934659	49.9657
0.935415	49.8661
0.936172	49.7688
0.936929	49.6747
0.937686	49.5842
0.938444	49.4973
0.939202	49.4134
0.939961	49.3322
0.94072	49.2535
0.94148	49.1771
0.94224	49.1031
0.943001	49.0313
0.943762	48.9617
0.944524	48.8941
0.945286	48.8286
0.946048	48.7649
0.946812	48.7031
0.947575	48.643
0.948339	48.5845
0.949104	48.5277
0.949868	48.4723
0.950634	48.4184
0.9514	48.3657
0.952166	48.3143
0.952933	48.264
0.9537	48.2147
0.954468	48.1661
0.955236	48.1183
0.956005	48.069
0.957019	48.0066
0.958032	47.9491
0.959046	47.8904
0.960059	47.832
0.961073	47.7752
0.962086	47.721
0.9631	47.6694
0.964114	47.6248
0.965127	47.5855
0.966141	47.5647
0.967154	47.5513
0.968168	47.583
0.969182	47.6272
0.970195	47.863
0.971896	48.581
0.973598	49.3154
0.974448	49.5743
0.975299	49.68
0.975724	49.7325
0.976149	49.7598
0.976575	49.8059
0.977	49.8506
)
