(title "Density")
(labels "Position" "Density")

((xy/key/label "axis")
-0.023	0.0785439
-0.0229699	0.0785438
-0.0229399	0.0785437
-0.0229098	0.0785436
-0.0228797	0.0785435
-0.0228196	0.0785434
-0.0227595	0.0785433
-0.0226392	0.078543
-0.022519	0.0785428
-0.0223987	0.0785426
-0.0222785	0.0785423
-0.0221582	0.0785419
-0.022038	0.0785415
-0.0219177	0.0785411
-0.0217975	0.0785406
-0.0216772	0.07854
-0.021557	0.0785394
-0.0214367	0.0785388
-0.0213165	0.0785381
-0.0211962	0.0785375
-0.021076	0.0785368
-0.0209557	0.078536
-0.0208355	0.0785353
-0.0207152	0.0785346
-0.020595	0.0785339
-0.0204747	0.0785332
-0.0203545	0.0785324
-0.0202342	0.0785317
-0.0201139	0.0785311
-0.0199937	0.0785304
-0.0198734	0.0785298
-0.0197532	0.0785291
-0.0196329	0.0785285
-0.0195127	0.0785279
-0.0193924	0.0785274
-0.0192722	0.0785268
-0.0191519	0.0785263
-0.0190317	0.0785258
-0.0189114	0.0785254
-0.0187912	0.078525
-0.0186709	0.0785246
-0.0185507	0.0785242
-0.0184304	0.0785239
-0.0183102	0.0785235
-0.0181899	0.0785233
-0.0180697	0.078523
-0.0179494	0.0785228
-0.0178292	0.0785226
-0.0177089	0.0785224
-0.0175887	0.0785223
-0.0174684	0.0785222
-0.0173481	0.0785221
-0.0172279	0.0785221
-0.0171076	0.0785221
-0.0169874	0.0785221
-0.0168671	0.0785221
-0.0167469	0.0785222
-0.0166266	0.0785223
-0.0165064	0.0785225
-0.0163861	0.0785226
-0.0162659	0.0785228
-0.0161456	0.0785231
-0.0160254	0.0785233
-0.0159051	0.0785236
-0.0157849	0.0785239
-0.0156646	0.0785242
-0.0155444	0.0785246
-0.0154241	0.078525
-0.0153039	0.0785254
-0.0151836	0.0785259
-0.0150634	0.0785264
-0.0149431	0.0785269
-0.0148229	0.0785274
-0.0147026	0.0785279
-0.0145823	0.0785285
-0.0144621	0.0785291
-0.0143418	0.0785297
-0.0142216	0.0785304
-0.0141013	0.078531
-0.0139811	0.0785317
-0.0138608	0.0785324
-0.0137406	0.0785331
-0.0136203	0.0785339
-0.0135001	0.0785346
-0.013371	0.0785354
-0.013242	0.0785362
-0.013113	0.078537
-0.0129839	0.0785378
-0.0128549	0.0785386
-0.0127259	0.0785394
-0.0125968	0.0785402
-0.0124678	0.078541
-0.0123387	0.0785418
-0.0122097	0.0785425
-0.0120807	0.0785432
-0.0119516	0.0785439
-0.0118226	0.0785445
-0.0116936	0.0785451
-0.0115645	0.0785456
-0.0114355	0.078546
-0.0113064	0.0785464
-0.0111774	0.0785467
-0.0110484	0.0785469
-0.0109193	0.078547
-0.0107903	0.078547
-0.0106613	0.0785468
-0.0105322	0.0785466
-0.0104032	0.0785462
-0.0102741	0.0785457
-0.0101451	0.078545
-0.0100161	0.0785441
-0.00988703	0.078543
-0.00975799	0.0785417
-0.00962896	0.0785403
-0.00949992	0.0785386
-0.00937967	0.0785368
-0.00925942	0.0785348
-0.00913916	0.0785325
-0.00901891	0.07853
-0.00889866	0.0785273
-0.00877841	0.0785243
-0.00877841	0.0785243
-0.00865815	0.0785209
-0.0085379	0.0785173
-0.00841765	0.0785134
-0.0082974	0.0785091
-0.00817715	0.0785045
-0.00805689	0.0784995
-0.00793664	0.0784941
-0.00781639	0.0784883
-0.00769614	0.0784821
-0.00757589	0.0784754
-0.00745563	0.0784683
-0.00733538	0.0784606
-0.00721513	0.0784524
-0.00709488	0.0784436
-0.00697462	0.0784342
-0.00685437	0.0784242
-0.00673412	0.0784136
-0.00661387	0.0784022
-0.00649362	0.0783901
-0.00637336	0.0783772
-0.00625311	0.0783634
-0.00613286	0.0783488
-0.00601261	0.0783332
-0.00589236	0.0783166
-0.0057721	0.0782989
-0.00565185	0.07828
-0.0055316	0.07826
-0.00541135	0.0782386
-0.00529109	0.0782159
-0.00517084	0.0781917
-0.00505059	0.0781659
-0.00493034	0.0781384
-0.00481009	0.078109
-0.00468983	0.0780778
-0.00456958	0.0780445
-0.00444933	0.0780089
-0.00432908	0.077971
-0.00420883	0.0779306
-0.00408857	0.0778875
-0.00396832	0.0778414
-0.00384807	0.0777922
-0.00372782	0.0777398
-0.00360756	0.0776837
-0.00348731	0.0776239
-0.00336706	0.07756
-0.00324681	0.0774918
-0.00312656	0.077419
-0.0030063	0.0773413
-0.00288605	0.0772583
-0.0027658	0.0771698
-0.00264555	0.0770753
-0.0025253	0.0769746
-0.00240504	0.0768673
-0.00228479	0.0767529
-0.00216454	0.0766312
-0.00204429	0.0765016
-0.00192403	0.0763638
-0.00180378	0.0762174
-0.00168353	0.076062
-0.00156328	0.0758972
-0.00144303	0.0757225
-0.00132277	0.0755377
-0.00120252	0.0753422
-0.00108227	0.0751358
-0.000962017	0.0749181
-0.000841765	0.0746888
-0.000721513	0.0744475
-0.000601261	0.0741941
-0.000481008	0.0739282
-0.000360756	0.0736497
-0.000240504	0.0733583
-0.000120252	0.0730538
1.62761e-10	0.0727362
0.000137656	0.0723566
0.000275313	0.0719599
0.000412969	0.0715457
0.000550625	0.0711142
0.000688281	0.0706653
0.000825938	0.0701991
0.000963594	0.0697156
0.00110125	0.0692149
0.00123891	0.0686971
0.00137656	0.0681622
0.00151422	0.0676104
0.00165188	0.0670416
0.00178953	0.0664559
0.00192719	0.0658533
0.00206484	0.065234
0.0022025	0.0645977
0.00234016	0.0639447
0.00247781	0.0632748
0.00261547	0.0625881
0.00275313	0.0618845
0.00289078	0.0611641
0.00302844	0.0604269
0.00316609	0.0596729
0.00330375	0.0589023
0.00344141	0.058115
0.00357906	0.0573113
0.00371672	0.0564913
0.00385437	0.0556551
0.00399203	0.0548029
0.00412969	0.053935
0.00426734	0.053052
0.004405	0.0521548
0.00454266	0.0512436
0.00468031	0.050319
0.00481797	0.0493821
0.00495562	0.0484339
0.00509328	0.0474752
0.00523094	0.0465074
0.00536859	0.0455316
0.00550625	0.0445494
0.00564391	0.0435623
0.00578156	0.042572
0.00591922	0.0415803
0.00605687	0.0405889
0.00619453	0.0395999
0.00633219	0.038615
0.00646984	0.0376361
0.0066075	0.0366651
0.00674516	0.0357036
0.00688281	0.0347535
0.00702047	0.0338162
0.00715812	0.0328932
0.00729578	0.0319859
0.00743344	0.0310954
0.00757109	0.0302229
0.00770875	0.0293691
0.00784641	0.0285349
0.00798406	0.027721
0.00812172	0.0269278
0.00825937	0.0261557
0.00839703	0.0254051
0.00853469	0.024676
0.00867234	0.0239685
0.00881	0.0232826
0.00894766	0.0226182
0.00908531	0.0219751
0.00922297	0.0213532
0.00936062	0.020752
0.00949828	0.0201714
0.00963594	0.0196108
0.00977359	0.01907
0.00991125	0.0185486
0.0100489	0.018046
0.0101866	0.0175619
0.0103242	0.0170958
0.0104619	0.0166473
0.0105995	0.016216
0.0107372	0.0158013
0.0108748	0.0154029
0.0110125	0.0150205
0.0111502	0.0146535
0.0112878	0.0143016
0.0114255	0.0139645
0.0115631	0.0136419
0.0117008	0.0133334
0.0118384	0.0130388
0.0119761	0.0127579
0.0121137	0.0124905
0.0122514	0.0122364
0.0123891	0.0119954
0.0125267	0.0117676
0.0125267	0.0117676
0.0126644	0.0115529
0.012802	0.0113512
0.0129397	0.0111627
0.0130773	0.0109874
0.013215	0.0108253
0.0133527	0.0106767
0.0134903	0.0105417
0.013628	0.0104202
0.0137656	0.0103125
0.0139033	0.0102184
0.0140409	0.010138
0.0141786	0.0100708
0.0143162	0.0100164
0.0144539	0.0099741
0.0145916	0.00994297
0.0147292	0.00992157
0.0148669	0.00990883
0.0150045	0.00990232
0.0151422	0.00990048
0.0152798	0.00990176
0.0154175	0.00990349
0.0155552	0.00990406
0.0156928	0.00990207
0.0158305	0.0098966
0.0159681	0.00988652
0.0161058	0.00987138
0.0162434	0.0098511
0.0163811	0.00982591
0.0165187	0.00979618
0.0166564	0.00976243
0.0167941	0.00972524
0.0169317	0.00968519
0.0170694	0.00964282
0.017207	0.0095986
0.0173447	0.00955291
0.0174823	0.00950602
0.01762	0.00945813
0.0177577	0.00940937
0.0178953	0.0093598
0.018033	0.00930946
0.0181706	0.00925836
0.0183083	0.0092065
0.0184459	0.00915388
0.0185836	0.00910053
0.0187212	0.00904649
0.0188589	0.00899181
0.0189966	0.00893656
0.0191342	0.00888084
0.0192719	0.00882475
0.0194095	0.00876838
0.0195472	0.00871186
0.0196848	0.00865528
0.0198225	0.00859874
0.0199602	0.00854233
0.0200978	0.00848612
0.0202355	0.00843017
0.0203731	0.00837452
0.0205108	0.0083192
0.0206484	0.00826422
0.0207861	0.00820958
0.0209237	0.00815527
0.0210614	0.00810127
0.0211991	0.00804756
0.0213367	0.00799409
0.0214744	0.00794083
0.021612	0.00788776
0.0217497	0.00783483
0.0218873	0.00778202
0.022025	0.0077293
0.0221627	0.00767665
0.0223003	0.00762406
0.022438	0.00757152
0.0225756	0.00751903
0.0227133	0.00746659
0.0228509	0.00741421
0.0229886	0.0073619
0.0231262	0.0073097
0.0232639	0.00725762
0.0234016	0.00720568
0.0235392	0.00715392
0.0236769	0.00710236
0.0238145	0.00705103
0.0239522	0.00699997
0.0240898	0.00694921
0.0242275	0.00689876
0.0243652	0.00684867
0.0245028	0.00679895
0.0246405	0.00674963
0.0247781	0.00670073
0.0249158	0.00665228
0.0250534	0.00660428
0.0251911	0.00655677
0.0253287	0.00650974
0.0254664	0.00646322
0.0256041	0.00641721
0.0257417	0.00637172
0.0258794	0.00632676
0.026017	0.00628234
0.0261547	0.00623845
0.0262923	0.00619509
0.02643	0.00615227
0.0265677	0.00610997
0.0267053	0.00606821
0.026843	0.00602696
0.0269806	0.00598623
0.0271183	0.005946
0.0272559	0.00590627
0.0273936	0.00586702
0.0275312	0.00582824
0.0276689	0.00578992
0.0278066	0.00575205
0.0279442	0.00571461
0.0280819	0.00567759
0.0282195	0.00564098
0.0283572	0.00560476
0.0284948	0.00556892
0.0286325	0.00553345
0.0287702	0.00549833
0.0289078	0.00546355
0.0290455	0.0054291
0.0291831	0.00539498
0.0293208	0.00536117
0.0294584	0.00532766
0.0295961	0.00529444
0.0297337	0.00526151
0.0298714	0.00522887
0.0300091	0.0051965
0.0301467	0.0051644
0.0302844	0.00513256
0.030422	0.00510099
0.0305597	0.00506969
0.0306973	0.00503864
0.030835	0.00500785
0.0309727	0.00497731
0.0311103	0.00494704
0.031248	0.00491701
0.0313856	0.00488725
0.0315233	0.00485774
0.0316609	0.00482848
0.0317986	0.00479949
0.0319362	0.00477075
0.0320739	0.00474227
0.0322116	0.00471405
0.0323492	0.0046861
0.0324869	0.0046584
0.0326245	0.00463097
0.0327622	0.00460381
0.0328998	0.00457691
0.0330375	0.00455028
0.0331752	0.00452391
0.0333128	0.00449782
0.0334505	0.00447199
0.0335881	0.00444643
0.0337258	0.00442114
0.0338634	0.00439613
0.0340011	0.00437138
0.0341387	0.0043469
0.0342764	0.00432268
0.0344141	0.00429874
0.0345517	0.00427506
0.0346894	0.00425165
0.034827	0.0042285
0.0349647	0.00420561
0.0351023	0.00418298
0.03524	0.00416061
0.0353777	0.00413849
0.0355153	0.00411662
0.035653	0.004095
0.0357906	0.00407363
0.0359283	0.00405249
0.0360659	0.0040316
0.0362036	0.00401093
0.0363412	0.0039905
0.0364789	0.00397029
0.0366166	0.0039503
0.0367542	0.00393052
0.0368919	0.00391096
0.0370295	0.00389161
0.0371672	0.00387245
0.0373048	0.0038535
0.0374425	0.00383474
0.0375802	0.00381617
0.0377178	0.00379779
0.0378555	0.00377959
0.0379931	0.00376157
0.0381308	0.00374372
0.0382684	0.00372604
0.0384061	0.00370852
0.0385437	0.00369118
0.0386814	0.00367399
0.0388191	0.00365696
0.0389567	0.00364009
0.0390944	0.00362336
0.039232	0.00360679
0.0393697	0.00359037
0.0395073	0.0035741
0.039645	0.00355797
0.0397827	0.00354199
0.0399203	0.00352614
0.040058	0.00351044
0.0401956	0.00349488
0.0403333	0.00347947
0.0404709	0.00346419
0.0406086	0.00344905
0.0407462	0.00343405
0.0408839	0.00341919
0.0410216	0.00340447
0.0411592	0.00338988
0.0412969	0.00337544
0.0414345	0.00336113
0.0415722	0.00334697
0.0417098	0.00333294
0.0418475	0.00331905
0.0419852	0.0033053
0.0421228	0.00329169
0.0422605	0.00327822
0.0423981	0.00326489
0.0425358	0.0032517
0.0426734	0.00323865
0.0428111	0.00322574
0.0429487	0.00321296
0.0430864	0.00320033
0.0432241	0.00318783
0.0433617	0.00317548
0.0434994	0.00316326
0.043637	0.00315118
0.0437747	0.00313923
0.0439123	0.00312743
0.04405	0.00311575
0.0441877	0.00310421
0.0443253	0.00309281
0.044463	0.00308154
0.0446006	0.0030704
0.0447383	0.00305938
0.0448759	0.0030485
0.0450136	0.00303774
0.0451512	0.00302711
0.0452889	0.00301661
0.0454266	0.00300623
0.0455642	0.00299596
0.0457019	0.00298582
0.0458395	0.0029758
0.0459772	0.00296589
0.0461148	0.0029561
0.0462525	0.00294642
0.0463902	0.00293685
0.0465278	0.00292739
0.0466655	0.00291804
0.0468031	0.0029088
0.0469408	0.00289966
0.0470784	0.00289062
0.0472161	0.00288168
0.0473537	0.00287284
0.0474914	0.0028641
0.0476291	0.00285546
0.0477667	0.0028469
0.0479044	0.00283845
0.048042	0.00283008
0.0481797	0.0028218
0.0483173	0.00281361
0.048455	0.00280551
0.0485927	0.00279749
0.0487303	0.00278956
0.048868	0.00278171
0.0490056	0.00277395
0.0491433	0.00276626
0.0492809	0.00275866
0.0494186	0.00275113
0.0495562	0.00274369
0.0496939	0.00273632
0.0498316	0.00272903
0.0499692	0.00272181
0.0501069	0.00271468
0.0502445	0.00270761
0.0503822	0.00270062
0.0505198	0.00269371
0.0506575	0.00268687
0.0507952	0.0026801
0.0509328	0.00267341
0.0510705	0.00266679
0.0512081	0.00266025
0.0513458	0.00265378
0.0514834	0.00264738
0.0516211	0.00264105
0.0517587	0.0026348
0.0518964	0.00262862
0.0520341	0.00262252
0.0521717	0.00261649
0.0523094	0.00261053
0.052447	0.00260465
0.0525847	0.00259884
0.0525847	0.00259884
0.0527223	0.0025931
0.05286	0.00258744
0.0529977	0.00258186
0.0531353	0.00257635
0.053273	0.00257091
0.0534106	0.00256556
0.0535483	0.00256028
0.0536859	0.00255507
0.0538236	0.00254994
0.0539612	0.00254489
0.0540989	0.00253992
0.0542366	0.00253503
0.0543742	0.00253021
0.0545119	0.00252547
0.0546495	0.00252082
0.0547872	0.00251624
0.0549248	0.00251174
0.0550625	0.00250732
0.0552002	0.00250298
0.0553378	0.00249873
0.0554755	0.00249455
0.0556131	0.00249046
0.0557508	0.00248645
0.0558884	0.00248252
0.0560261	0.00247867
0.0561637	0.0024749
0.0563014	0.00247122
0.0564391	0.00246762
0.0565767	0.00246411
0.0567144	0.00246068
0.056852	0.00245733
0.0569897	0.00245407
0.0571273	0.00245089
0.057265	0.00244779
0.0574027	0.00244479
0.0575403	0.00244186
0.057678	0.00243902
0.0578156	0.00243627
0.0579533	0.0024336
0.0580909	0.00243102
0.0582286	0.00242852
0.0583662	0.00242611
0.0585039	0.00242378
0.0586416	0.00242155
0.0587792	0.00241939
0.0589169	0.00241733
0.0590545	0.00241535
0.0591922	0.00241345
0.0593298	0.00241165
0.0594675	0.00240993
0.0596052	0.00240829
0.0597428	0.00240675
0.0598805	0.00240529
0.0600181	0.00240392
0.0601558	0.00240263
0.0602934	0.00240143
0.0604311	0.00240032
0.0605687	0.00239929
0.0607064	0.00239835
0.0608441	0.0023975
0.0609817	0.00239673
0.0611194	0.00239604
0.061257	0.00239545
0.0613947	0.00239493
0.0615323	0.0023945
0.06167	0.00239413
0.0618077	0.00239384
0.0619453	0.00239366
0.062083	0.0023936
0.0622206	0.00239366
0.0623583	0.00239381
0.0624959	0.00239403
0.0626336	0.00239435
0.0627712	0.00239476
0.0629089	0.00239528
0.0630466	0.00239589
0.0631842	0.00239659
0.0633219	0.00239737
0.0634595	0.00239823
0.0635972	0.00239916
0.0637348	0.00240017
0.0638725	0.00240126
0.0640102	0.00240242
0.0641478	0.00240366
0.0642855	0.00240499
0.0644231	0.0024064
0.0645608	0.0024079
0.0646984	0.00240949
0.0648361	0.00241117
0.0649737	0.00241295
0.0651114	0.00241483
0.0652491	0.0024168
0.0653867	0.00241887
0.0655244	0.00242103
0.065662	0.00242328
0.0657997	0.00242563
0.0659373	0.00242807
0.066075	0.0024306
0.0662127	0.00243322
0.0663503	0.00243593
0.066488	0.00243872
0.0666256	0.0024416
0.0667633	0.00244457
0.0669009	0.00244763
0.0670386	0.00245078
0.0671762	0.00245401
0.0673139	0.00245734
0.0674516	0.00246076
0.0675892	0.00246427
0.0677269	0.00246787
0.0678645	0.00247156
0.0680022	0.00247534
0.0681398	0.00247922
0.0682775	0.00248319
0.0684152	0.00248726
0.0685528	0.00249142
0.0686905	0.00249567
0.0688281	0.00250002
0.0689658	0.00250446
0.0691034	0.002509
0.0692411	0.00251363
0.0693787	0.00251835
0.0695164	0.00252316
0.0696541	0.00252807
0.0697917	0.00253308
0.0699294	0.00253817
0.070067	0.00254336
0.0702047	0.00254864
0.0703423	0.00255402
0.07048	0.00255948
0.0706177	0.00256504
0.0707553	0.00257069
0.070893	0.00257644
0.0710306	0.00258227
0.0711683	0.00258819
0.0713059	0.00259421
0.0714436	0.00260031
0.0715812	0.0026065
0.0717189	0.00261278
0.0718566	0.00261914
0.0719942	0.00262559
0.0721319	0.00263212
0.0722695	0.00263874
0.0724072	0.00264543
0.0725448	0.0026522
0.0726825	0.00265905
0.0726825	0.00265905
0.0728201	0.00266598
0.0729578	0.00267297
0.0730955	0.00268004
0.0732331	0.00268718
0.0733708	0.00269438
0.0735084	0.00270165
0.0736461	0.00270897
0.0737837	0.00271636
0.0739214	0.0027238
0.0740591	0.00273129
0.0741967	0.00273884
0.0743344	0.00274643
0.074472	0.00275406
0.0746097	0.00276174
0.0747473	0.00276945
0.074885	0.00277719
0.0750227	0.00278496
0.0751603	0.00279276
0.075298	0.00280058
0.0754356	0.00280842
0.0755733	0.00281628
0.0757109	0.00282415
0.0758486	0.00283202
0.0759862	0.0028399
0.0761239	0.00284778
0.0762616	0.00285565
0.0763992	0.00286352
0.0765369	0.00287138
0.0766745	0.00287922
0.0768122	0.00288705
0.0769498	0.00289485
0.0770875	0.00290263
0.0772251	0.00291038
0.0773628	0.0029181
0.0775005	0.00292578
0.0776381	0.00293343
0.0777758	0.00294103
0.0779134	0.00294859
0.0780511	0.0029561
0.0781887	0.00296356
0.0783264	0.00297097
0.0784641	0.00297832
0.0786017	0.00298562
0.0787394	0.00299286
0.078877	0.00300003
0.0790147	0.00300714
0.0791523	0.00301418
0.07929	0.00302116
0.0794277	0.00302807
0.0795653	0.0030349
0.079703	0.00304166
0.0798406	0.00304835
0.0799783	0.00305497
0.0801159	0.0030615
0.0802536	0.00306796
0.0803912	0.00307434
0.0805289	0.00308065
0.0806666	0.00308687
0.0808042	0.00309301
0.0809419	0.00309907
0.0810795	0.00310506
0.0812172	0.00311096
0.0813548	0.00311677
0.0814925	0.00312251
0.0816302	0.00312817
0.0817678	0.00313374
0.0819055	0.00313924
0.0820431	0.00314465
0.0821808	0.00314998
0.0823184	0.00315523
0.0824561	0.00316041
0.0825937	0.0031655
0.0827314	0.00317052
0.0828691	0.00317546
0.0830067	0.00318032
0.0831444	0.00318511
0.083282	0.00318982
0.0834197	0.00319445
0.0835573	0.00319902
0.083695	0.00320351
0.0838327	0.00320792
0.0839703	0.00321227
0.084108	0.00321655
0.0842456	0.00322076
0.0843833	0.00322491
0.0845209	0.00322898
0.0846586	0.003233
0.0847962	0.00323695
0.0849339	0.00324083
0.0850716	0.00324466
0.0852092	0.00324842
0.0853469	0.00325213
0.0854845	0.00325578
0.0856222	0.00325938
0.0857598	0.00326292
0.0858975	0.0032664
0.0860352	0.00326984
0.0861728	0.00327322
0.0863105	0.00327656
0.0864481	0.00327985
0.0865858	0.00328309
0.0867234	0.00328629
0.0868611	0.00328944
0.0869987	0.00329255
0.0871364	0.00329562
0.0872741	0.00329865
0.0874117	0.00330164
0.0875494	0.00330459
0.087687	0.00330751
0.0878247	0.0033104
0.0879623	0.00331325
0.0881	0.00331607
0.0883314	0.00332075
0.088563	0.00332532
0.0887947	0.00332983
0.0890266	0.00333428
0.0892586	0.00333866
0.0894907	0.00334299
0.089723	0.00334727
0.0899554	0.00335149
0.090188	0.00335567
0.0904207	0.00335981
0.0906536	0.00336392
0.0908866	0.00336798
0.0911197	0.00337202
0.091353	0.00337603
0.0915865	0.00338
0.0918201	0.00338396
0.0920538	0.00338788
0.0922877	0.00339179
0.0925217	0.00339568
0.0927559	0.00339954
0.0929902	0.00340338
0.0932246	0.0034072
0.0934592	0.003411
0.093694	0.00341478
0.0939289	0.00341854
0.0941639	0.00342227
0.0943991	0.00342598
0.0946344	0.00342967
0.0948699	0.00343333
0.0951055	0.00343696
0.0953413	0.00344056
0.0955772	0.00344413
0.0958132	0.00344767
0.0960494	0.00345117
0.0962858	0.00345465
0.0965223	0.00345808
0.0967589	0.00346148
0.0969957	0.00346485
0.0972327	0.00346818
0.0974697	0.00347147
0.097707	0.00347472
0.0979444	0.00347793
0.0981819	0.00348111
0.0984196	0.00348425
0.0986574	0.00348736
0.0988953	0.00349043
0.0991335	0.00349348
0.0993717	0.00349649
0.0996101	0.00349947
0.0998487	0.00350243
0.100087	0.00350536
0.100326	0.00350827
0.100565	0.00351117
0.100804	0.00351405
0.101044	0.00351692
0.101283	0.00351979
0.101523	0.00352265
0.101762	0.00352551
0.102002	0.00352838
0.102242	0.00353126
0.102483	0.00353416
0.102723	0.00353707
0.102963	0.00354
0.103204	0.00354297
0.103445	0.00354596
0.103686	0.003549
0.103927	0.00355207
0.104168	0.00355519
0.104409	0.00355835
0.104651	0.00356157
0.104893	0.00356484
0.105135	0.00356817
0.105376	0.00357157
0.105619	0.00357502
0.105861	0.00357854
0.106103	0.00358213
0.106346	0.00358578
0.106589	0.0035895
0.106832	0.00359329
0.107075	0.00359714
0.107318	0.00360106
0.107561	0.00360505
0.107805	0.00360909
0.108048	0.00361319
0.108292	0.00361734
0.108536	0.00362154
0.10878	0.00362578
0.109024	0.00363006
0.109269	0.00363436
0.109513	0.00363867
0.109758	0.00364299
0.110003	0.00364731
0.110248	0.00365161
0.110493	0.00365589
0.110738	0.00366012
0.110984	0.00366429
0.111229	0.00366839
0.111475	0.0036724
0.111721	0.00367631
0.111967	0.00368009
0.112213	0.00368373
0.11246	0.0036872
0.112706	0.00369049
0.112953	0.00369358
0.1132	0.00369645
0.113447	0.00369907
0.113694	0.00370143
0.113941	0.0037035
0.114188	0.00370526
0.114436	0.0037067
0.114684	0.00370777
0.114932	0.00370854
0.11518	0.00370898
0.115428	0.00370895
0.115676	0.0037085
0.115925	0.00370758
0.116173	0.00370613
0.116422	0.00370419
0.116671	0.00370178
0.11692	0.00369893
0.11717	0.00369562
0.117419	0.00369184
0.117669	0.00368757
0.117918	0.00368279
0.118168	0.00367747
0.118418	0.00367162
0.118669	0.00366523
0.118919	0.00365831
0.119169	0.00365086
0.11942	0.0036429
0.119671	0.00363443
0.119922	0.00362547
0.120173	0.00361601
0.120424	0.00360607
0.120676	0.00359565
0.120927	0.00358477
0.121179	0.00357343
0.121431	0.00356165
0.121683	0.00354943
0.121935	0.0035368
0.122188	0.00352376
0.12244	0.00351033
0.122693	0.00349653
0.122946	0.00348237
0.123199	0.00346787
0.123452	0.00345304
0.123705	0.0034379
0.123959	0.00342246
0.124213	0.00340674
0.124466	0.00339076
0.12472	0.00337453
0.124975	0.00335806
0.125229	0.00334137
0.125483	0.00332449
0.125738	0.00330741
0.125993	0.00329016
0.126247	0.00327276
0.126503	0.00325521
0.126758	0.00323754
0.127013	0.00321975
0.127269	0.00320186
0.127524	0.00318389
0.12778	0.00316584
0.128036	0.00314774
0.128292	0.00312958
0.128549	0.0031114
0.128805	0.00309319
0.129062	0.00307498
0.129319	0.00305677
0.129576	0.00303857
0.129833	0.0030204
0.13009	0.00300228
0.130347	0.00298421
0.130605	0.0029662
0.130863	0.00294826
0.131121	0.00293042
0.131379	0.00291267
0.131637	0.00289504
0.131637	0.00289504
0.131896	0.00287754
0.132154	0.00286016
0.132413	0.00284294
0.132672	0.00282588
0.132931	0.002809
0.13319	0.00279231
0.133449	0.00277583
0.133709	0.00275956
0.133969	0.00274353
0.134228	0.00272776
0.134488	0.00271226
0.134749	0.00269705
0.135009	0.00268216
0.135269	0.00266761
0.13553	0.00265341
0.135791	0.00263961
0.136052	0.00262623
0.136313	0.00261329
0.136574	0.00260085
0.136836	0.00258894
0.137097	0.0025776
0.137359	0.00256687
0.137621	0.00255683
0.137883	0.00254753
0.138145	0.00253903
0.138408	0.00253142
0.13867	0.00252479
0.138933	0.00251925
0.139196	0.00251485
0.139459	0.00251152
0.139722	0.00250945
0.139986	0.00250931
0.140249	0.00251118
0.140513	0.00251511
0.140777	0.00252158
0.141041	0.00253071
0.141305	0.00254265
0.14157	0.00255765
0.141834	0.00257607
0.142099	0.00259839
0.142364	0.00262519
0.142629	0.00265712
0.142894	0.00269486
0.14316	0.00273915
0.143425	0.00279071
0.143691	0.00285019
0.143957	0.00291817
0.144223	0.00299489
0.144489	0.00308035
0.144755	0.00317412
0.145022	0.00327498
0.145289	0.00338096
0.145555	0.00348935
0.145822	0.00359689
0.14609	0.00370003
0.146357	0.00379534
0.146625	0.00387992
0.146892	0.00395175
0.14716	0.00400965
0.147428	0.00405369
0.147696	0.00408434
0.147965	0.00410405
0.148233	0.00411463
0.148502	0.00411522
0.148771	0.00410747
0.14904	0.00409282
0.149309	0.00407232
0.149578	0.00404863
0.149848	0.00402364
0.150117	0.00399841
0.150387	0.0039733
0.150657	0.0039483
0.150928	0.00392329
0.151198	0.0038982
0.151468	0.00387314
0.151739	0.00384828
0.15201	0.00382384
0.152281	0.00380004
0.152552	0.003777
0.152824	0.00375481
0.153095	0.00373344
0.153367	0.00371284
0.153639	0.00369293
0.153911	0.00367363
0.154183	0.0036549
0.154455	0.00363667
0.154728	0.00361894
0.155001	0.00360168
0.155273	0.00358487
0.155546	0.00356849
0.15582	0.00355253
0.156093	0.00353694
0.156367	0.0035217
0.15664	0.00350678
0.156914	0.00349215
0.157188	0.00347779
0.157463	0.00346367
0.157737	0.00344978
0.158012	0.0034361
0.158286	0.00342261
0.158561	0.0034093
0.158836	0.00339616
0.159112	0.00338318
0.159387	0.00337034
0.159663	0.00335764
0.159938	0.00334506
0.160214	0.0033326
0.16049	0.00332024
0.160767	0.00330799
0.161043	0.00329583
0.16132	0.00328375
0.161597	0.00327176
0.161873	0.00325985
0.162151	0.00324801
0.162428	0.00323624
0.162705	0.00322453
0.162983	0.00321289
0.163261	0.00320131
0.163539	0.00318979
0.163817	0.00317832
0.164095	0.0031669
0.164374	0.00315554
0.164653	0.00314423
0.164931	0.00313297
0.165211	0.00312176
0.16549	0.0031106
0.165769	0.00309948
0.166049	0.00308842
0.166328	0.0030774
0.166608	0.00306642
0.166888	0.0030555
0.167169	0.00304462
0.167449	0.00303379
0.16773	0.003023
0.16801	0.00301227
0.168291	0.00300159
0.168572	0.00299096
0.168854	0.00298037
0.169135	0.00296984
0.169417	0.00295937
0.169699	0.00294895
0.169981	0.00293859
0.170263	0.00292828
0.170545	0.00291803
0.170828	0.00290785
0.17111	0.00289772
0.171393	0.00288766
0.171676	0.00287767
0.171959	0.00286775
0.172243	0.00285789
0.172526	0.00284811
0.17281	0.0028384
0.173094	0.00282877
0.173378	0.00281922
0.173662	0.00280975
0.173947	0.00280036
0.174231	0.00279107
0.174516	0.00278186
0.174801	0.00277274
0.175086	0.00276372
0.175372	0.0027548
0.175657	0.00274599
0.175943	0.00273727
0.176229	0.00272867
0.176515	0.00272018
0.176801	0.00271181
0.177087	0.00270355
0.177374	0.00269542
0.177661	0.00268741
0.177948	0.00267954
0.178235	0.0026718
0.178522	0.0026642
0.178809	0.00265675
0.179097	0.00264944
0.179385	0.00264229
0.179673	0.0026353
0.179961	0.00262847
0.180249	0.0026218
0.180538	0.00261531
0.180827	0.00260899
0.181115	0.00260286
0.181405	0.00259692
0.181694	0.00259118
0.181983	0.00258563
0.181983	0.00258563
0.182273	0.00258029
0.182563	0.00257516
0.182853	0.00257024
0.183143	0.00256556
0.183433	0.0025611
0.183723	0.00255688
0.184014	0.0025529
0.184305	0.00254917
0.184596	0.00254569
0.184887	0.00254248
0.185179	0.00253954
0.18547	0.00253687
0.185762	0.00253449
0.186054	0.00253239
0.186346	0.00253059
0.186638	0.0025291
0.186931	0.0025279
0.187224	0.00252703
0.187516	0.00252637
0.187809	0.00252608
0.188103	0.00252624
0.188396	0.0025267
0.18869	0.00252755
0.188983	0.00252879
0.189277	0.00253039
0.189571	0.00253234
0.189866	0.00253463
0.19016	0.00253725
0.190455	0.00254023
0.19075	0.00254359
0.191045	0.00254733
0.19134	0.00255148
0.191635	0.00255602
0.191931	0.00256097
0.192227	0.00256631
0.192523	0.00257205
0.192819	0.00257817
0.193115	0.00258467
0.193412	0.00259155
0.193708	0.0025988
0.194005	0.00260641
0.194302	0.00261439
0.194599	0.00262272
0.194897	0.00263138
0.195194	0.00264038
0.195492	0.0026497
0.19579	0.00265932
0.196088	0.00266923
0.196387	0.00267941
0.196685	0.00268984
0.196984	0.00270051
0.197283	0.00271139
0.197582	0.00272247
0.197881	0.00273372
0.198181	0.00274512
0.19848	0.00275666
0.19878	0.0027683
0.19908	0.00278002
0.19938	0.00279181
0.199681	0.00280364
0.199981	0.00281549
0.200282	0.00282734
0.200583	0.00283917
0.200884	0.00285095
0.201185	0.00286268
0.201487	0.00287433
0.201789	0.00288588
0.20209	0.00289733
0.202392	0.00290865
0.202695	0.00291985
0.202997	0.00293089
0.2033	0.00294179
0.203603	0.00295253
0.203906	0.0029631
0.204209	0.0029735
0.204512	0.00298373
0.204816	0.00299379
0.205119	0.00300367
0.205423	0.00301337
0.205727	0.00302291
0.206032	0.00303227
0.206336	0.00304146
0.206641	0.00305049
0.206946	0.00305937
0.207251	0.00306809
0.207556	0.00307666
0.207862	0.0030851
0.208167	0.0030934
0.208473	0.00310158
0.208779	0.00310964
0.209085	0.00311758
0.209392	0.00312542
0.209698	0.00313317
0.210005	0.00314083
0.210312	0.0031484
0.210619	0.00315591
0.210927	0.00316334
0.211234	0.00317072
0.211542	0.00317805
0.21185	0.00318533
0.212158	0.00319258
0.212466	0.00319979
0.212775	0.00320698
0.213083	0.00321415
0.213392	0.0032213
0.213701	0.00322845
0.21401	0.00323559
0.21432	0.00324274
0.21463	0.00324989
0.214939	0.00325705
0.215249	0.00326422
0.21556	0.0032714
0.21587	0.00327861
0.216181	0.00328583
0.216491	0.00329308
0.216802	0.00330034
0.217114	0.00330763
0.217425	0.00331493
0.217736	0.00332225
0.218048	0.00332959
0.21836	0.00333694
0.218672	0.0033443
0.218985	0.00335166
0.219297	0.00335902
0.21961	0.00336637
0.219923	0.0033737
0.220236	0.00338102
0.220549	0.0033883
0.220863	0.00339554
0.221176	0.00340273
0.22149	0.00340986
0.221804	0.00341691
0.222119	0.00342388
0.222433	0.00343075
0.222748	0.0034375
0.223063	0.00344413
0.223378	0.00345062
0.223693	0.00345696
0.224008	0.00346313
0.224324	0.00346911
0.22464	0.00347489
0.224956	0.00348047
0.225272	0.00348581
0.225589	0.00349092
0.225905	0.00349577
0.226222	0.00350035
0.226539	0.00350466
0.226856	0.00350867
0.227174	0.00351238
0.227491	0.00351578
0.227809	0.00351886
0.228127	0.00352161
0.228445	0.00352401
0.228764	0.00352608
0.229082	0.00352778
0.229401	0.00352913
0.22972	0.0035301
0.230039	0.0035308
0.230358	0.00353113
0.230678	0.003531
0.230998	0.00353055
0.231318	0.0035297
0.231638	0.00352846
0.231958	0.00352687
0.232279	0.00352494
0.2326	0.00352267
0.232921	0.00352007
0.233242	0.00351712
0.233563	0.00351382
0.233885	0.00351018
0.234206	0.00350619
0.234528	0.00350186
0.234851	0.00349721
0.235173	0.00349224
0.235495	0.00348696
0.235818	0.00348138
0.236141	0.00347548
0.236464	0.00346929
0.236788	0.00346281
0.237111	0.00345603
0.237435	0.00344897
0.237759	0.00344162
0.238083	0.00343399
0.238408	0.0034261
0.238732	0.00341793
0.239057	0.0034095
0.239382	0.00340081
0.239707	0.00339186
0.240032	0.00338266
0.240358	0.00337321
0.240684	0.00336353
0.24101	0.00335361
0.241336	0.00334346
0.241662	0.00333309
0.241989	0.0033225
0.242316	0.00331172
0.242643	0.00330075
0.24297	0.00328959
0.243297	0.00327826
0.243625	0.00326678
0.243953	0.00325516
0.244281	0.00324342
0.244609	0.00323157
0.244937	0.00321964
0.245266	0.00320764
0.245595	0.00319559
0.245924	0.00318352
0.246253	0.00317145
0.246582	0.00315941
0.246912	0.00314742
0.247242	0.00313552
0.247572	0.00312374
0.247902	0.0031121
0.248232	0.00310063
0.248563	0.00308937
0.248894	0.00307836
0.249225	0.00306762
0.249556	0.00305719
0.249888	0.00304713
0.250219	0.00303745
0.250551	0.00302821
0.250883	0.00301944
0.251216	0.00301119
0.251548	0.0030035
0.251881	0.00299642
0.252214	0.00298999
0.252547	0.00298427
0.25288	0.00297929
0.253214	0.00297511
0.253547	0.0029718
0.253881	0.00296941
0.254216	0.00296774
0.25455	0.00296715
0.254884	0.0029678
0.255219	0.00296951
0.255554	0.00297251
0.255889	0.00297678
0.256225	0.00298228
0.25656	0.00298901
0.256896	0.00299702
0.257232	0.00300639
0.257568	0.00301716
0.257905	0.0030294
0.258242	0.00304313
0.258578	0.00305832
0.258915	0.00307495
0.259253	0.00309298
0.25959	0.00311234
0.259928	0.00313296
0.260266	0.00315473
0.260604	0.00317754
0.260942	0.00320125
0.261281	0.00322569
0.261619	0.0032507
0.261958	0.00327605
0.262298	0.00330152
0.262637	0.0033269
0.262976	0.00335195
0.263316	0.00337645
0.263656	0.00340017
0.263996	0.00342292
0.263996	0.00342292
0.264337	0.00344452
0.264678	0.00346481
0.265018	0.00348365
0.265359	0.00350095
0.265701	0.00351664
0.266042	0.00353067
0.266384	0.00354304
0.266726	0.00355375
0.267068	0.00356284
0.26741	0.00357035
0.267753	0.00357636
0.268095	0.00358096
0.268438	0.00358412
0.268782	0.00358628
0.269125	0.00358727
0.269469	0.00358695
0.269812	0.00358578
0.270156	0.00358359
0.270501	0.00358053
0.270845	0.00357676
0.27119	0.0035724
0.271535	0.00356751
0.27188	0.00356211
0.272225	0.00355621
0.272571	0.00354985
0.272916	0.00354308
0.273262	0.00353595
0.273608	0.0035285
0.273955	0.00352078
0.274301	0.00351284
0.274648	0.00350469
0.274995	0.00349635
0.275342	0.00348785
0.27569	0.00347921
0.276038	0.00347043
0.276385	0.00346153
0.276733	0.00345253
0.277082	0.00344344
0.27743	0.00343428
0.277779	0.00342504
0.278128	0.00341575
0.278477	0.00340641
0.278827	0.00339702
0.279176	0.00338759
0.279526	0.00337812
0.279876	0.00336863
0.280226	0.00335911
0.280577	0.00334956
0.280927	0.00334
0.281278	0.00333043
0.28163	0.00332084
0.281981	0.00331124
0.282332	0.00330163
0.282684	0.00329202
0.283036	0.0032824
0.283388	0.00327278
0.283741	0.00326316
0.284093	0.00325354
0.284446	0.00324393
0.284799	0.00323431
0.285153	0.0032247
0.285506	0.0032151
0.28586	0.0032055
0.286214	0.00319592
0.286568	0.00318634
0.286923	0.00317677
0.287277	0.00316722
0.287632	0.00315767
0.287987	0.00314814
0.288342	0.00313862
0.288698	0.00312912
0.289054	0.00311964
0.28941	0.00311017
0.289766	0.00310072
0.290122	0.00309129
0.290479	0.00308188
0.290836	0.0030725
0.291193	0.00306313
0.29155	0.0030538
0.291907	0.00304448
0.292265	0.0030352
0.292623	0.00302594
0.292981	0.00301672
0.29334	0.00300753
0.293698	0.00299837
0.294057	0.00298925
0.294416	0.00298017
0.294775	0.00297113
0.295135	0.00296213
0.295494	0.00295318
0.295854	0.00294427
0.296215	0.00293542
0.296575	0.00292662
0.296936	0.00291788
0.297296	0.0029092
0.297657	0.00290058
0.298019	0.00289202
0.29838	0.00288354
0.298742	0.00287514
0.299104	0.00286681
0.299466	0.00285857
0.299828	0.00285042
0.300191	0.00284236
0.300554	0.00283439
0.300917	0.00282653
0.30128	0.00281878
0.301644	0.00281115
0.302008	0.00280364
0.302372	0.00279625
0.302736	0.002789
0.3031	0.00278188
0.303465	0.00277492
0.30383	0.0027681
0.304195	0.00276145
0.30456	0.00275497
0.304926	0.00274867
0.305291	0.00274255
0.305657	0.00273662
0.306024	0.00273089
0.30639	0.00272537
0.306757	0.00272007
0.307124	0.00271499
0.307491	0.00271015
0.307858	0.00270555
0.308226	0.00270121
0.308594	0.00269713
0.308962	0.00269332
0.30933	0.00268979
0.309699	0.00268654
0.310067	0.0026836
0.310436	0.00268097
0.310805	0.00267865
0.311175	0.00267665
0.311545	0.002675
0.311914	0.00267369
0.312284	0.00267274
0.312655	0.00267204
0.313025	0.00267175
0.313396	0.00267194
0.313767	0.00267248
0.314139	0.00267344
0.31451	0.00267481
0.314882	0.00267656
0.315254	0.00267869
0.315626	0.00268121
0.315998	0.00268413
0.316371	0.00268749
0.316744	0.00269127
0.317117	0.0026955
0.31749	0.00270015
0.317864	0.00270524
0.318238	0.00271075
0.318612	0.00271668
0.318986	0.00272302
0.31936	0.00272978
0.319735	0.00273695
0.32011	0.00274452
0.320485	0.00275249
0.320861	0.00276084
0.321236	0.00276957
0.321612	0.00277867
0.321988	0.00278812
0.322365	0.0027979
0.322741	0.002808
0.323118	0.00281842
0.323495	0.00282912
0.323872	0.0028401
0.32425	0.00285133
0.324628	0.0028628
0.325006	0.00287449
0.325384	0.00288638
0.325762	0.00289844
0.326141	0.00291067
0.32652	0.00292303
0.326899	0.00293552
0.327278	0.0029481
0.327658	0.00296076
0.328038	0.00297349
0.328418	0.00298626
0.328798	0.00299906
0.329179	0.00301186
0.32956	0.00302466
0.329941	0.00303743
0.330322	0.00305016
0.330704	0.00306283
0.331085	0.00307543
0.331467	0.00308795
0.33185	0.00310037
0.332232	0.00311268
0.332615	0.00312486
0.332998	0.0031369
0.333381	0.00314879
0.333764	0.00316052
0.334148	0.00317207
0.334532	0.00318343
0.334916	0.00319459
0.3353	0.00320554
0.335685	0.00321627
0.33607	0.00322676
0.336455	0.003237
0.33684	0.00324699
0.337226	0.00325671
0.337612	0.00326615
0.337998	0.0032753
0.338384	0.00328416
0.33877	0.0032927
0.339157	0.00330093
0.339544	0.00330884
0.339931	0.00331642
0.340319	0.00332365
0.340706	0.00333054
0.341094	0.00333708
0.341483	0.00334327
0.341871	0.00334909
0.34226	0.00335455
0.342649	0.00335965
0.343038	0.00336438
0.343427	0.00336874
0.343817	0.00337273
0.344207	0.00337636
0.344597	0.00337962
0.344987	0.00338252
0.345378	0.00338505
0.345769	0.00338722
0.34616	0.00338904
0.346551	0.00339051
0.346943	0.00339164
0.347334	0.00339239
0.347727	0.00339283
0.348119	0.00339295
0.348511	0.00339274
0.348904	0.00339223
0.349297	0.00339135
0.34969	0.00339014
0.350084	0.00338864
0.350478	0.00338686
0.350872	0.00338481
0.351266	0.00338247
0.35166	0.00337985
0.352055	0.00337694
0.35245	0.00337376
0.352845	0.00337031
0.353241	0.00336661
0.353637	0.00336266
0.354033	0.00335847
0.354429	0.00335405
0.354825	0.00334941
0.355222	0.00334455
0.355619	0.00333948
0.356016	0.00333421
0.356414	0.00332876
0.356811	0.00332312
0.357209	0.00331733
0.357607	0.00331138
0.358006	0.00330529
0.358404	0.00329908
0.358803	0.00329275
0.359202	0.00328633
0.359602	0.00327983
0.360002	0.00327327
0.360401	0.00326667
0.360802	0.00326003
0.361202	0.00325339
0.361603	0.00324677
0.362004	0.00324018
0.362405	0.00323365
0.362806	0.00322719
0.363208	0.00322083
0.36361	0.0032146
0.364012	0.00320852
0.364414	0.0032026
0.364817	0.00319688
0.36522	0.00319137
0.365623	0.00318611
0.366026	0.00318111
0.36643	0.0031764
0.366834	0.003172
0.367238	0.00316792
0.367642	0.00316421
0.368047	0.00316087
0.368452	0.00315792
0.368857	0.00315539
0.369262	0.00315328
0.369668	0.00315165
0.370074	0.00315049
0.37048	0.00314967
0.370886	0.0031494
0.371293	0.00314973
0.3717	0.00315056
0.372107	0.00315193
0.372515	0.00315379
0.372922	0.00315614
0.37333	0.00315897
0.373738	0.00316229
0.374147	0.00316612
0.374555	0.00317045
0.374964	0.00317527
0.375374	0.00318053
0.375783	0.00318623
0.376193	0.00319232
0.376603	0.00319879
0.377013	0.00320558
0.377423	0.00321268
0.377834	0.00322004
0.378245	0.00322762
0.378656	0.00323537
0.379068	0.00324325
0.379479	0.0032512
0.379891	0.00325919
0.380304	0.00326715
0.380716	0.00327505
0.381129	0.00328282
0.381542	0.00329043
0.381955	0.00329783
0.382369	0.00330497
0.382782	0.00331182
0.383196	0.00331834
0.383611	0.00332449
0.384025	0.00333024
0.38444	0.00333556
0.384855	0.00334043
0.38527	0.00334484
0.385686	0.00334876
0.386102	0.00335219
0.386518	0.00335511
0.386934	0.00335753
0.387351	0.00335944
0.387767	0.00336082
0.388185	0.00336176
0.388602	0.00336216
0.38902	0.00336201
0.389437	0.0033615
0.389856	0.00336048
0.390274	0.00335896
0.390693	0.00335701
0.391112	0.00335467
0.391531	0.00335195
0.39195	0.00334885
0.39237	0.00334537
0.39279	0.00334153
0.39321	0.00333735
0.393631	0.00333285
0.394051	0.00332805
0.394472	0.00332297
0.394894	0.00331763
0.395315	0.00331204
0.395737	0.00330621
0.396159	0.00330017
0.396581	0.00329391
0.397004	0.00328747
0.397427	0.00328086
0.39785	0.00327408
0.398273	0.00326715
0.398697	0.00326008
0.399121	0.00325289
0.399545	0.00324558
0.399969	0.00323816
0.400394	0.00323066
0.400819	0.00322306
0.401244	0.0032154
0.40167	0.00320766
0.40167	0.00320766
0.402095	0.00319987
0.402521	0.00319203
0.402948	0.00318414
0.403374	0.00317622
0.403801	0.00316827
0.404228	0.0031603
0.404655	0.00315231
0.405083	0.00314431
0.405511	0.00313631
0.405939	0.00312831
0.406367	0.00312031
0.406796	0.00311233
0.407225	0.00310435
0.407654	0.0030964
0.408083	0.00308847
0.408513	0.00308056
0.408943	0.00307269
0.409373	0.00306485
0.409804	0.00305705
0.410234	0.00304928
0.410665	0.00304156
0.411097	0.00303389
0.411528	0.00302627
0.41196	0.0030187
0.412392	0.00301118
0.412825	0.00300372
0.413257	0.00299632
0.41369	0.00298898
0.414123	0.00298171
0.414557	0.00297451
0.41499	0.00296738
0.415424	0.00296032
0.415859	0.00295334
0.416293	0.00294644
0.416728	0.00293962
0.417163	0.00293289
0.417598	0.00292624
0.418034	0.00291969
0.41847	0.00291323
0.418906	0.00290687
0.419342	0.00290061
0.419779	0.00289446
0.420216	0.00288842
0.420653	0.0028825
0.421091	0.00287669
0.421528	0.00287101
0.421967	0.00286546
0.422405	0.00286004
0.422843	0.00285476
0.423282	0.00284963
0.423721	0.00284465
0.424161	0.00283982
0.4246	0.00283516
0.42504	0.00283067
0.425481	0.00282635
0.425921	0.00282221
0.426362	0.00281826
0.426803	0.00281451
0.427244	0.00281096
0.427686	0.00280762
0.428128	0.00280449
0.42857	0.00280159
0.429012	0.00279892
0.429455	0.00279648
0.429898	0.0027943
0.430341	0.00279236
0.430784	0.00279069
0.431228	0.00278928
0.431672	0.00278815
0.432117	0.00278729
0.432561	0.00278663
0.433006	0.00278635
0.433451	0.00278648
0.433897	0.00278687
0.434342	0.00278754
0.434788	0.00278851
0.435234	0.0027898
0.435681	0.0027914
0.436128	0.00279335
0.436575	0.00279565
0.437022	0.00279829
0.43747	0.00280128
0.437918	0.00280462
0.438366	0.0028083
0.438814	0.00281233
0.439263	0.0028167
0.439712	0.00282143
0.440161	0.00282649
0.440611	0.00283191
0.441061	0.00283765
0.441511	0.00284374
0.441961	0.00285014
0.442412	0.00285687
0.442863	0.00286391
0.443314	0.00287125
0.443766	0.00287888
0.444218	0.00288679
0.44467	0.00289497
0.445122	0.00290339
0.445575	0.00291205
0.446028	0.00292093
0.446481	0.00293001
0.446934	0.00293927
0.447388	0.0029487
0.447842	0.00295826
0.448297	0.00296794
0.448751	0.00297771
0.449206	0.00298756
0.449661	0.00299746
0.450117	0.00300739
0.450573	0.00301731
0.451029	0.00302722
0.451485	0.00303707
0.451941	0.00304686
0.452398	0.00305655
0.452855	0.00306613
0.453313	0.00307557
0.453771	0.00308484
0.454229	0.00309394
0.454687	0.00310283
0.455146	0.0031115
0.455604	0.00311994
0.456064	0.00312812
0.456523	0.00313603
0.456983	0.00314365
0.457443	0.00315098
0.457903	0.003158
0.458364	0.0031647
0.458824	0.00317107
0.459286	0.0031771
0.459747	0.00318279
0.460209	0.00318814
0.460209	0.00318814
0.460671	0.00319313
0.461133	0.00319777
0.461596	0.00320206
0.462058	0.00320599
0.462522	0.00320957
0.462985	0.0032128
0.463449	0.00321568
0.463913	0.00321821
0.464377	0.00322041
0.464842	0.00322227
0.465306	0.00322381
0.465772	0.00322504
0.466237	0.00322595
0.466703	0.00322658
0.467169	0.00322691
0.467635	0.00322689
0.468102	0.00322666
0.468569	0.00322624
0.469036	0.00322556
0.469503	0.00322459
0.469971	0.00322338
0.470439	0.00322197
0.470907	0.00322038
0.471376	0.00321861
0.471845	0.00321667
0.472314	0.00321457
0.472784	0.00321232
0.473253	0.00320994
0.473724	0.00320743
0.474194	0.00320481
0.474665	0.0032021
0.475136	0.0031993
0.475607	0.00319643
0.476078	0.00319351
0.47655	0.00319053
0.477022	0.00318751
0.477495	0.00318447
0.477967	0.0031814
0.47844	0.00317833
0.478914	0.00317525
0.479387	0.00317218
0.479861	0.00316913
0.480335	0.00316611
0.48081	0.00316311
0.481285	0.00316015
0.48176	0.00315723
0.482235	0.00315436
0.482711	0.00315154
0.483187	0.00314878
0.483663	0.00314607
0.484139	0.00314343
0.484616	0.00314085
0.485093	0.00313834
0.485571	0.00313589
0.486048	0.00313351
0.486527	0.00313119
0.487005	0.00312895
0.487483	0.00312676
0.487962	0.00312464
0.488442	0.00312258
0.488921	0.00312058
0.489401	0.00311864
0.489881	0.00311674
0.490361	0.0031149
0.490842	0.0031131
0.491323	0.00311134
0.491804	0.00310961
0.492286	0.00310792
0.492768	0.00310625
0.49325	0.0031046
0.493732	0.00310297
0.494215	0.00310135
0.494698	0.00309973
0.495182	0.00309812
0.495665	0.0030965
0.496149	0.00309487
0.496633	0.00309322
0.497118	0.00309156
0.497603	0.00308987
0.498088	0.00308815
0.498574	0.00308641
0.499059	0.00308462
0.499545	0.00308279
0.500032	0.00308092
0.500518	0.00307901
0.501005	0.00307704
0.501493	0.00307502
0.50198	0.00307295
0.502468	0.00307082
0.502956	0.00306864
0.503445	0.0030664
0.503934	0.00306409
0.504423	0.00306173
0.504912	0.00305931
0.505402	0.00305682
0.505892	0.00305427
0.506382	0.00305166
0.506873	0.00304899
0.507364	0.00304626
0.507855	0.00304346
0.508346	0.00304061
0.508838	0.0030377
0.50933	0.00303473
0.509823	0.0030317
0.510316	0.00302861
0.510809	0.00302548
0.511302	0.00302229
0.511796	0.00301905
0.51229	0.00301576
0.512784	0.00301242
0.513278	0.00300904
0.513773	0.00300562
0.514268	0.00300216
0.514764	0.00299866
0.51526	0.00299512
0.515756	0.00299156
0.516252	0.00298795
0.516749	0.00298433
0.517246	0.00298067
0.517743	0.00297699
0.518241	0.00297329
0.518739	0.00296957
0.519237	0.00296583
0.519736	0.00296208
0.520235	0.00295831
0.520734	0.00295454
0.521233	0.00295076
0.521733	0.00294698
0.522233	0.0029432
0.522734	0.00293942
0.523235	0.00293565
0.523736	0.00293189
0.524237	0.00292813
0.524739	0.0029244
0.525241	0.00292068
0.525743	0.00291698
0.526246	0.0029133
0.526748	0.00290966
0.527252	0.00290604
0.527755	0.00290246
0.528259	0.00289893
0.528763	0.00289543
0.529268	0.00289198
0.529773	0.00288859
0.530278	0.00288525
0.530783	0.00288196
0.531289	0.00287875
0.531795	0.00287559
0.532301	0.00287252
0.532808	0.00286951
0.533315	0.00286659
0.533822	0.00286375
0.53433	0.002861
0.534838	0.00285834
0.535346	0.00285578
0.535854	0.00285333
0.536363	0.00285098
0.536873	0.00284873
0.537382	0.00284661
0.537892	0.0028446
0.538402	0.00284272
0.538912	0.00284096
0.539423	0.00283933
0.539934	0.00283784
0.540446	0.00283648
0.540957	0.00283527
0.541469	0.00283418
0.541982	0.00283325
0.542494	0.00283248
0.543007	0.00283187
0.543521	0.00283141
0.544034	0.00283109
0.544548	0.00283093
0.545063	0.00283093
0.545577	0.00283109
0.546092	0.0028314
0.546607	0.00283189
0.547123	0.00283253
0.547639	0.00283333
0.548155	0.00283428
0.548671	0.00283539
0.549188	0.00283666
0.549705	0.00283809
0.550223	0.00283967
0.550741	0.0028414
0.551259	0.00284326
0.551777	0.00284527
0.552296	0.00284741
0.552815	0.00284968
0.553334	0.00285208
0.553854	0.00285459
0.554374	0.00285722
0.554894	0.00285996
0.555415	0.00286279
0.555936	0.00286571
0.556457	0.00286871
0.556979	0.00287179
0.557501	0.00287493
0.558023	0.00287813
0.558546	0.00288138
0.559069	0.00288466
0.559592	0.00288798
0.560116	0.00289132
0.560639	0.00289467
0.561164	0.00289802
0.561688	0.00290135
0.562213	0.00290467
0.562738	0.00290795
0.563264	0.0029112
0.56379	0.00291439
0.564316	0.00291751
0.564842	0.00292057
0.564842	0.00292057
0.565369	0.00292355
0.565896	0.00292644
0.566424	0.00292923
0.566952	0.00293192
0.56748	0.00293448
0.568008	0.00293693
0.568537	0.00293924
0.569066	0.00294142
0.569596	0.00294346
0.570125	0.00294536
0.570656	0.00294711
0.571186	0.0029487
0.571717	0.00295013
0.572248	0.00295138
0.572779	0.00295247
0.573311	0.00295338
0.573843	0.00295414
0.574376	0.00295473
0.574908	0.00295515
0.575441	0.00295536
0.575975	0.00295537
0.576509	0.00295525
0.577043	0.00295499
0.577577	0.00295457
0.578112	0.00295396
0.578647	0.00295316
0.579182	0.00295219
0.579718	0.00295107
0.580254	0.0029498
0.58079	0.00294839
0.581327	0.00294684
0.581864	0.00294515
0.582401	0.0029433
0.582939	0.00294132
0.583477	0.00293922
0.584016	0.002937
0.584554	0.00293466
0.585093	0.00293221
0.585633	0.00292965
0.586172	0.00292699
0.586713	0.00292424
0.587253	0.0029214
0.587794	0.00291848
0.588335	0.00291548
0.588876	0.0029124
0.589418	0.00290926
0.58996	0.00290605
0.590502	0.00290278
0.591045	0.00289946
0.591588	0.00289609
0.592131	0.00289267
0.592675	0.00288922
0.593219	0.00288572
0.593764	0.00288219
0.594308	0.00287864
0.594854	0.00287505
0.595399	0.00287145
0.595945	0.00286783
0.596491	0.00286419
0.597037	0.00286054
0.597584	0.00285688
0.598131	0.00285321
0.598679	0.00284953
0.599226	0.00284584
0.599775	0.00284215
0.600323	0.00283845
0.600872	0.00283475
0.601421	0.00283104
0.601971	0.00282732
0.60252	0.0028236
0.603071	0.00281988
0.603621	0.00281616
0.604172	0.00281244
0.604723	0.00280871
0.605275	0.00280498
0.605827	0.00280125
0.606379	0.00279751
0.606931	0.00279377
0.607484	0.00279003
0.608038	0.00278627
0.608591	0.00278251
0.609145	0.00277874
0.609699	0.00277496
0.610254	0.00277117
0.610809	0.00276737
0.611364	0.00276355
0.61192	0.00275972
0.612476	0.00275588
0.613032	0.00275201
0.613589	0.00274813
0.614146	0.00274423
0.614704	0.0027403
0.615261	0.00273636
0.615819	0.00273238
0.616378	0.00272839
0.616937	0.00272437
0.617496	0.00272031
0.618055	0.00271623
0.618615	0.00271212
0.619175	0.00270798
0.619736	0.00270381
0.620296	0.0026996
0.620858	0.00269535
0.621419	0.00269107
0.621981	0.00268675
0.622543	0.00268239
0.623106	0.00267799
0.623669	0.00267354
0.624232	0.00266906
0.624796	0.00266453
0.62536	0.00265995
0.625924	0.00265533
0.626489	0.00265065
0.627054	0.00264593
0.627619	0.00264116
0.628185	0.00263633
0.628751	0.00263144
0.629317	0.0026265
0.629884	0.0026215
0.630451	0.00261644
0.631019	0.00261132
0.631587	0.00260613
0.632155	0.00260087
0.632723	0.00259555
0.633292	0.00259014
0.633862	0.00258466
0.634431	0.00257911
0.634431	0.00257911
0.635001	0.00257347
0.635571	0.00256775
0.636142	0.00256194
0.636713	0.00255604
0.637284	0.00255004
0.637856	0.00254394
0.638428	0.00253774
0.639001	0.00253143
0.639574	0.00252501
0.640147	0.00251847
0.64072	0.00251182
0.641294	0.00250504
0.641868	0.00249813
0.642443	0.00249108
0.643018	0.00248388
0.643593	0.00247653
0.644169	0.00246903
0.644745	0.00246136
0.645321	0.00245353
0.645898	0.00244552
0.646475	0.00243732
0.647052	0.00242893
0.64763	0.00242034
0.648208	0.00241155
0.648786	0.00240253
0.649365	0.0023933
0.649945	0.00238383
0.650524	0.00237412
0.651104	0.00236417
0.651684	0.00235395
0.652265	0.00234346
0.652846	0.0023327
0.653427	0.00232165
0.654009	0.0023103
0.654591	0.00229865
0.655174	0.00228668
0.655756	0.00227439
0.65634	0.00226177
0.656923	0.0022488
0.657507	0.00223548
0.658091	0.00222181
0.658676	0.00220778
0.659261	0.00219338
0.659846	0.0021786
0.660432	0.00216345
0.661018	0.00214793
0.661604	0.00213202
0.662191	0.00211575
0.662778	0.00209912
0.663366	0.00208214
0.663954	0.00206482
0.664542	0.00204718
0.665131	0.00202923
0.66572	0.00201102
0.666309	0.00199255
0.666899	0.00197388
0.667489	0.00195504
0.668079	0.00193606
0.66867	0.001917
0.669261	0.00189789
0.669853	0.00187876
0.670445	0.00185968
0.671037	0.00184066
0.671629	0.00182176
0.672222	0.00180302
0.672816	0.00178447
0.67341	0.00176614
0.674004	0.00174804
0.674598	0.00173018
0.675193	0.00171258
0.675788	0.00169526
0.676384	0.00167821
0.67698	0.00166145
0.677576	0.00164497
0.678173	0.00162879
0.67877	0.0016129
0.679367	0.00159732
0.679965	0.00158202
0.680563	0.00156702
0.681162	0.00155231
0.681761	0.00153788
0.68236	0.00152372
0.68296	0.00150984
0.68356	0.00149623
0.68416	0.00148287
0.684761	0.00146977
0.685362	0.00145692
0.685964	0.00144432
0.686565	0.00143195
0.687168	0.00141981
0.68777	0.0014079
0.688373	0.00139622
0.688977	0.00138475
0.68958	0.00137349
0.690185	0.00136243
0.690789	0.00135158
0.691394	0.00134092
0.691999	0.00133046
0.692605	0.00132018
0.693211	0.00131008
0.693817	0.00130016
0.694424	0.00129042
0.695031	0.00128084
0.695639	0.00127143
0.696246	0.00126219
0.696855	0.0012531
0.697463	0.00124416
0.698072	0.00123537
0.698682	0.00122673
0.699292	0.00121824
0.699902	0.00120989
0.700512	0.00120167
0.701123	0.00119359
0.701734	0.00118564
0.702346	0.00117782
0.702958	0.00117012
0.70357	0.00116255
0.704183	0.00115509
0.704796	0.00114776
0.70541	0.00114054
0.706024	0.00113343
0.706638	0.00112644
0.707253	0.00111955
0.707868	0.00111277
0.708484	0.00110609
0.709099	0.00109952
0.709716	0.00109304
0.710332	0.00108666
0.710949	0.00108038
0.711567	0.00107419
0.712184	0.0010681
0.712802	0.00106209
0.713421	0.00105617
0.71404	0.00105034
0.714659	0.00104459
0.715279	0.00103893
0.715899	0.00103335
0.716519	0.00102785
0.71714	0.00102243
0.717761	0.00101708
0.718383	0.00101181
0.719005	0.00100662
0.719627	0.00100149
0.72025	0.000996444
0.720873	0.000991463
0.721497	0.000986551
0.722121	0.000981706
0.722745	0.000976927
0.723369	0.000972213
0.723995	0.000967563
0.72462	0.000962976
0.725246	0.00095845
0.725872	0.000953984
0.726499	0.000949577
0.727126	0.000945228
0.727753	0.000940936
0.728381	0.0009367
0.729009	0.000932518
0.729638	0.000928391
0.730267	0.000924316
0.730896	0.000920292
0.731526	0.00091632
0.732156	0.000912397
0.732786	0.000908523
0.733417	0.000904697
0.734048	0.000900918
0.73468	0.000897186
0.735312	0.000893498
0.735945	0.000889855
0.736578	0.000886256
0.737211	0.000882699
0.737844	0.000879184
0.738478	0.000875711
0.739113	0.000872277
0.739748	0.000868884
0.740383	0.000865529
0.741019	0.000862212
0.741655	0.000858933
0.742291	0.000855691
0.742928	0.000852484
0.743565	0.000849313
0.744202	0.000846176
0.74484	0.000843074
0.745479	0.000840005
0.746118	0.000836968
0.746757	0.000833964
0.747396	0.000830991
0.748036	0.000828049
0.748677	0.000825137
0.749317	0.000822256
0.749959	0.000819403
0.7506	0.000816579
0.751242	0.000813783
0.751884	0.000811015
0.752527	0.000808274
0.75317	0.00080556
0.753814	0.000802872
0.754458	0.000800209
0.755102	0.000797572
0.755747	0.00079496
0.756392	0.000792372
0.757037	0.000789808
0.757683	0.000787267
0.75833	0.00078475
0.758976	0.000782255
0.759623	0.000779782
0.760271	0.000777332
0.760919	0.000774903
0.761567	0.000772495
0.762216	0.000770108
0.762865	0.000767742
0.763515	0.000765396
0.764165	0.00076307
0.764815	0.000760764
0.765466	0.000758477
0.766117	0.000756209
0.766768	0.000753959
0.76742	0.000751728
0.768073	0.000749516
0.768725	0.000747321
0.769379	0.000745144
0.770032	0.000742984
0.770686	0.000740842
0.771341	0.000738716
0.771995	0.000736607
0.772651	0.000734515
0.773306	0.000732439
0.773962	0.00073038
0.774619	0.000728336
0.775275	0.000726308
0.775933	0.000724295
0.77659	0.000722298
0.777248	0.000720316
0.777907	0.000718349
0.778566	0.000716397
0.779225	0.00071446
0.779885	0.000712537
0.780545	0.000710628
0.781205	0.000708734
0.781866	0.000706854
0.782527	0.000704987
0.783189	0.000703135
0.783851	0.000701296
0.784514	0.00069947
0.785177	0.000697658
0.78584	0.000695859
0.786504	0.000694074
0.787168	0.000692301
0.787833	0.000690541
0.788498	0.000688794
0.789163	0.000687059
0.789829	0.000685337
0.790495	0.000683627
0.791162	0.00068193
0.791829	0.000680244
0.792496	0.000678571
0.793164	0.000676909
0.793833	0.000675259
0.794501	0.000673621
0.79517	0.000671995
0.79584	0.00067038
0.79651	0.000668776
0.79718	0.000667184
0.797851	0.000665602
0.798522	0.000664032
0.799194	0.000662473
0.799866	0.000660924
0.800539	0.000659386
0.801211	0.000657859
0.801885	0.000656343
0.802558	0.000654836
0.803233	0.000653341
0.803907	0.000651855
0.804582	0.000650379
0.805257	0.000648914
0.805933	0.000647458
0.80661	0.000646013
0.807286	0.000644577
0.807963	0.00064315
0.808641	0.000641734
0.809319	0.000640326
0.809997	0.000638928
0.810676	0.00063754
0.811355	0.00063616
0.812034	0.00063479
0.812714	0.000633429
0.813395	0.000632076
0.814076	0.000630733
0.814757	0.000629398
0.815439	0.000628072
0.816121	0.000626755
0.816803	0.000625446
0.817486	0.000624145
0.81817	0.000622853
0.818853	0.00062157
0.819538	0.000620294
0.820222	0.000619027
0.820907	0.000617768
0.821593	0.000616517
0.822279	0.000615274
0.822965	0.000614039
0.823652	0.000612811
0.824339	0.000611592
0.825027	0.00061038
0.825715	0.000609176
0.826403	0.00060798
0.827092	0.000606791
0.827782	0.00060561
0.828471	0.000604436
0.829162	0.00060327
0.829852	0.000602112
0.830543	0.000600961
0.831235	0.000599817
0.831927	0.00059868
0.832619	0.000597551
0.833312	0.000596429
0.834005	0.000595314
0.834698	0.000594207
0.834698	0.000594207
0.835393	0.000593107
0.836087	0.000592014
0.836782	0.000590928
0.837477	0.000589849
0.838173	0.000588778
0.838869	0.000587714
0.839566	0.000586657
0.840263	0.000585607
0.84096	0.000584564
0.841658	0.000583529
0.842357	0.000582501
0.843056	0.00058148
0.843755	0.000580466
0.844454	0.00057946
0.845155	0.000578461
0.845855	0.000577469
0.846556	0.000576485
0.847257	0.000575508
0.847959	0.000574539
0.848662	0.000573578
0.849364	0.000572624
0.850067	0.000571677
0.850771	0.000570739
0.851475	0.000569808
0.852179	0.000568885
0.852884	0.00056797
0.85359	0.000567063
0.854295	0.000566164
0.855002	0.000565274
0.855708	0.000564391
0.856415	0.000563517
0.857123	0.000562652
0.857831	0.000561795
0.858539	0.000560947
0.859248	0.000560108
0.859957	0.000559277
0.860667	0.000558456
0.861377	0.000557644
0.862088	0.000556842
0.862799	0.000556049
0.86351	0.000555265
0.864222	0.000554492
0.864934	0.000553728
0.865647	0.000552974
0.86636	0.00055223
0.867074	0.000551496
0.867788	0.000550773
0.868503	0.000550061
0.869218	0.00054936
0.869933	0.00054867
0.870649	0.000547992
0.871365	0.000547326
0.872082	0.000546671
0.872799	0.000546029
0.873517	0.0005454
0.874235	0.000544784
0.874954	0.00054418
0.875673	0.00054359
0.876392	0.000543013
0.877112	0.00054245
0.877832	0.000541902
0.878553	0.000541367
0.879274	0.000540847
0.879996	0.000540342
0.880718	0.000539852
0.881441	0.000539378
0.882164	0.00053892
0.882887	0.000538478
0.883611	0.000538053
0.884335	0.000537645
0.88506	0.000537255
0.885785	0.000536883
0.886511	0.000536529
0.887237	0.000536194
0.887964	0.000535878
0.888691	0.000535582
0.889418	0.000535307
0.890146	0.000535052
0.890875	0.000534818
0.891604	0.000534607
0.892333	0.000534417
0.893063	0.000534249
0.893793	0.000534104
0.894524	0.000533982
0.895255	0.000533885
0.895986	0.000533813
0.896718	0.000533769
0.897451	0.000533755
0.898184	0.000533769
0.898917	0.000533806
0.899651	0.000533866
0.900385	0.000533953
0.90112	0.000534067
0.901855	0.000534211
0.902591	0.000534387
0.903327	0.000534594
0.904064	0.000534832
0.904801	0.000535101
0.905538	0.000535401
0.906276	0.000535734
0.907014	0.000536099
0.907753	0.000536497
0.908493	0.000536928
0.909232	0.000537392
0.909973	0.000537891
0.910713	0.000538423
0.911454	0.00053899
0.912196	0.000539592
0.912938	0.000540228
0.913681	0.000540899
0.914424	0.000541605
0.915167	0.000542346
0.915911	0.000543123
0.916655	0.000543933
0.9174	0.000544779
0.918146	0.000545659
0.918891	0.000546574
0.919638	0.000547523
0.920384	0.000548505
0.921131	0.00054952
0.921879	0.000550568
0.922627	0.000551647
0.923376	0.000552758
0.924125	0.000553898
0.924874	0.000555067
0.925624	0.000556264
0.926374	0.000557486
0.927125	0.000558732
0.927876	0.000559998
0.928628	0.000561282
0.929381	0.000562575
0.930133	0.000563867
0.930886	0.000565245
0.93164	0.000566979
0.932394	0.000569321
0.933149	0.000572254
0.933904	0.000575511
0.934659	0.000578817
0.935415	0.000582044
0.936172	0.000585209
0.936929	0.000588379
0.937686	0.0005916
0.938444	0.000594878
0.939202	0.000598199
0.939961	0.000601551
0.94072	0.000604932
0.94148	0.000608344
0.94224	0.000611788
0.943001	0.000615263
0.943762	0.000618768
0.944524	0.0006223
0.945286	0.000625857
0.946048	0.000629436
0.946812	0.000633035
0.947575	0.00063665
0.948339	0.000640278
0.949104	0.000643916
0.949868	0.000647559
0.950634	0.000651201
0.9514	0.000654839
0.952166	0.000658466
0.952933	0.000662075
0.9537	0.000665661
0.954468	0.000669211
0.955236	0.000672719
0.956005	0.000676141
0.957019	0.000680592
0.958032	0.000684986
0.959046	0.000689193
0.960059	0.000693215
0.961073	0.00069705
0.962086	0.000700688
0.9631	0.000704099
0.964114	0.000707323
0.965127	0.000710313
0.966141	0.000713243
0.967154	0.000715947
0.968168	0.000718969
0.969182	0.000721852
0.970195	0.000727273
0.971896	0.000740696
0.973598	0.000753697
0.974448	0.000758175
0.975299	0.000760115
0.975724	0.000761003
0.976149	0.000761463
0.976575	0.000762189
0.977	0.000762878
)
