"max-mach"
"Iteration" "max-mach"
("Iteration" "max-mach")
1 6.33958625793457
2 6.602481365203857
3 6.468131542205811
4 6.181015968322754
5 5.917313575744629
6 5.676723957061768
7 5.465811252593994
8 5.480642795562744
9 5.68083667755127
10 5.666445255279541
11 5.370181083679199
12 4.863445281982422
13 5.352888584136963
14 5.703789710998535
15 5.964761734008789
16 6.166441440582275
17 6.349946975708008
18 6.51524543762207
19 6.672601699829102
20 6.83089017868042
21 6.976844787597656
22 7.137153148651123
23 6.812393188476562
24 6.521457672119141
25 6.457921981811523
26 6.69417142868042
27 6.846477508544922
28 6.835350036621094
29 6.683651447296143
30 6.516261577606201
31 6.562020301818848
32 6.708674430847168
33 6.733480930328369
34 6.6786789894104
35 6.647771835327148
36 6.920654773712158
37 7.203078269958496
38 7.474767208099365
39 7.775644779205322
40 8.027156829833984
41 8.343697547912598
42 8.602310180664062
43 8.908918380737305
44 9.25187873840332
45 9.494724273681641
46 9.868988037109375
47 10.1184024810791
48 10.49564170837402
49 10.90655040740967
50 11.14993286132812
51 11.58496856689453
52 12.02296543121338
53 12.33567237854004
54 12.81444263458252
55 13.1557035446167
56 13.44461154937744
57 13.96543216705322
58 14.13327503204346
59 14.41761016845703
60 14.97234725952148
61 15.16996192932129
62 15.75326919555664
63 16.36018753051758
64 16.84894371032715
65 17.4963550567627
66 17.65850257873535
67 18.03970527648926
68 18.03320503234863
69 18.05257415771484
70 17.78044319152832
71 17.22491455078125
72 16.62904167175293
73 16.62842750549316
74 16.28717613220215
75 15.69669723510742
76 15.12586116790771
77 14.57301235198975
78 14.03810691833496
79 13.52235984802246
80 13.02535438537598
81 12.54577732086182
82 12.08305835723877
83 11.63770484924316
84 11.20874214172363
85 10.79423809051514
86 10.39406681060791
87 10.20622253417969
88 10.50817680358887
89 10.78591346740723
90 11.07635021209717
91 11.3738489151001
92 11.67224788665771
93 11.720627784729
94 11.37050247192383
95 10.95722103118896
96 10.55617809295654
97 10.16712284088135
98 9.791640281677246
99 9.430126190185547
100 9.649373054504395
101 9.92435359954834
102 10.20194721221924
103 10.48730754852295
104 10.75387191772461
105 11.01404762268066
106 11.25783634185791
107 11.24883556365967
108 11.08362102508545
109 10.90363025665283
110 10.49862670898438
111 10.3375997543335
112 9.980024337768555
113 9.963708877563477
114 10.37085819244385
115 10.79280090332031
116 11.19062900543213
117 11.50343227386475
118 11.86702442169189
119 12.23186111450195
120 12.44272899627686
121 12.83153629302979
122 13.06769275665283
123 13.33649158477783
124 13.71933555603027
125 13.73147392272949
126 13.93943405151367
127 13.96328067779541
128 13.79598617553711
129 13.2869234085083
130 12.79513072967529
131 12.32382392883301
132 11.87329196929932
133 11.44077301025391
134 11.02413749694824
135 10.62232398986816
136 10.23388481140137
137 9.858570098876953
138 9.49422550201416
139 9.655665397644043
140 10.02969646453857
141 10.15377235412598
142 9.970102310180664
143 9.657953262329102
144 9.316903114318848
145 8.980097770690918
146 8.664518356323242
147 8.378714561462402
148 8.129195213317871
149 7.907544612884521
150 7.952533721923828
151 8.28487491607666
152 8.626533508300781
153 8.976911544799805
154 9.335614204406738
155 9.649136543273926
156 9.632040023803711
157 9.424925804138184
158 9.179479598999023
159 8.871068954467773
160 8.560917854309082
161 8.261954307556152
162 7.99762487411499
163 7.762223243713379
164 7.544541358947754
165 7.488950252532959
166 7.806658744812012
167 8.13083553314209
168 8.462533950805664
169 8.802886962890625
170 9.151991844177246
171 9.46372127532959
172 9.685123443603516
173 9.533053398132324
174 9.30052661895752
175 9.026576995849609
176 8.725582122802734
177 8.424793243408203
178 8.124970436096191
179 7.828227996826172
180 7.546489238739014
181 7.278892040252686
182 7.50438404083252
183 7.810093402862549
184 8.042672157287598
185 8.13199520111084
186 8.103028297424316
187 8.014920234680176
188 7.841269016265869
189 7.661702632904053
190 7.462839126586914
191 7.243745803833008
192 7.045373439788818
193 6.839598178863525
194 6.657992839813232
195 6.936803340911865
196 7.19933032989502
197 7.399223804473877
198 7.512435436248779
199 7.550090789794922
200 7.533054828643799
201 7.432994842529297
202 7.326132774353027
203 7.178734302520752
204 7.007315158843994
205 6.835996627807617
206 6.669136524200439
207 6.516235828399658
208 6.377636432647705
209 6.577519416809082
210 6.739759922027588
211 6.849851131439209
212 6.907401084899902
213 6.923590183258057
214 6.899436950683594
215 6.839714527130127
216 6.754119873046875
217 6.652215957641602
218 6.544784545898438
219 6.436996936798096
220 6.348328113555908
221 6.262388706207275
222 6.215129375457764
223 6.193802356719971
224 6.238798141479492
225 6.311699390411377
226 6.352177619934082
227 6.36295223236084
228 6.348388671875
229 6.315014362335205
230 6.26738452911377
231 6.208331108093262
232 6.143351554870605
233 6.083022594451904
234 6.022167682647705
235 5.967999458312988
236 5.91865348815918
237 5.872480392456055
238 5.892418384552002
239 5.937129497528076
240 5.960215091705322
241 5.964261054992676
242 5.952598094940186
243 5.927404403686523
244 5.897429943084717
245 5.860695362091064
246 5.815230846405029
247 5.770663261413574
248 5.722214221954346
249 5.674685001373291
250 5.70608377456665
251 5.676953315734863
252 5.693049430847168
253 5.699256420135498
254 5.695706367492676
255 5.680599689483643
256 5.656681060791016
257 5.631231307983398
258 5.596502780914307
259 5.561607360839844
260 5.522980213165283
261 5.485587596893311
262 5.452498435974121
263 5.425271511077881
264 5.438659191131592
265 5.450093269348145
266 5.45490837097168
267 5.449112415313721
268 5.439529895782471
269 5.421247482299805
270 5.400125026702881
271 5.374646663665771
272 5.349446296691895
273 5.327568531036377
274 5.310065746307373
275 5.294811248779297
276 5.283681392669678
277 5.276851654052734
278 5.269573211669922
279 5.255466461181641
280 5.238775730133057
281 5.218044757843018
282 5.203588962554932
283 5.203653335571289
284 5.203710079193115
285 5.203761100769043
286 5.203805923461914
287 5.203845977783203
288 5.20388126373291
289 5.203912258148193
290 5.203939914703369
291 5.203964233398438
292 5.203985214233398
293 5.204003810882568
294 5.204020023345947
295 5.204033851623535
296 5.20404577255249
297 5.204055786132812
298 5.204064846038818
299 5.204071998596191
300 5.204078197479248
301 5.204083919525146
302 5.20408821105957
303 5.204092025756836
304 5.204094886779785
305 5.204097270965576
306 5.204099655151367
307 5.204101085662842
308 5.204102516174316
309 5.204103469848633
310 5.204104423522949
311 5.204104900360107
312 5.204105377197266
313 5.204105854034424
314 5.204105854034424
315 5.204106330871582
316 5.204106330871582
317 5.204106330871582
318 5.204106330871582
319 5.204106330871582
320 5.204106330871582
321 5.204105854034424
322 5.204105854034424
323 5.204105854034424
324 5.204105854034424
325 5.204105854034424
326 5.204105854034424
327 5.204105854034424
328 5.204105377197266
329 5.204105377197266
330 5.204105377197266
331 5.204105377197266
332 5.204104900360107
333 5.204104900360107
334 5.204104900360107
335 5.204104900360107
336 5.204104900360107
337 5.204104900360107
338 5.204104423522949
339 5.204104423522949
340 5.204104423522949
341 5.204104423522949
342 5.204104423522949
343 5.204104423522949
344 5.204103946685791
345 5.204103946685791
346 5.204103946685791
347 5.204103469848633
348 5.204103469848633
349 5.204103469848633
350 5.204103469848633
351 5.204102993011475
352 5.204102993011475
353 5.204102516174316
354 5.204102516174316
355 5.204102516174316
356 5.204102039337158
357 5.204102039337158
358 5.204102039337158
359 5.2041015625
360 5.2041015625
361 5.2041015625
362 5.204101085662842
363 5.204101085662842
364 5.204100608825684
365 5.204100608825684
366 5.204100131988525
367 5.204100131988525
368 5.204099655151367
369 5.204099655151367
370 5.204099655151367
371 5.204099655151367
372 5.204099178314209
373 5.204099178314209
374 5.204098701477051
375 5.204098701477051
376 5.204098701477051
377 5.204098224639893
378 5.204098224639893
379 5.204097747802734
380 5.204097747802734
381 5.204097747802734
382 5.204097270965576
383 5.204097270965576
384 5.204097270965576
385 5.204096794128418
386 5.204096794128418
387 5.204096794128418
388 5.20409631729126
389 5.20409631729126
390 5.20409631729126
391 5.204095840454102
392 5.204095840454102
393 5.204095363616943
394 5.204095363616943
395 5.204095363616943
396 5.204094886779785
397 5.204094886779785
398 5.204094886779785
399 5.204094886779785
400 5.204094409942627
401 5.204094409942627
402 5.204094409942627
403 5.204094409942627
404 5.204093933105469
405 5.204093933105469
406 5.204093933105469
407 5.204093456268311
408 5.204093456268311
409 5.204093456268311
410 5.204092979431152
411 5.204092979431152
412 5.204092979431152
413 5.204092502593994
414 5.204092502593994
415 5.204092502593994
416 5.204092025756836
417 5.204092025756836
418 5.204092025756836
419 5.204092025756836
420 5.204091548919678
421 5.204091548919678
422 5.204091548919678
423 5.204091548919678
424 5.20409107208252
425 5.20409107208252
426 5.20409107208252
427 5.20409107208252
428 5.204090595245361
429 5.204090595245361
430 5.204090595245361
431 5.204090595245361
432 5.204090118408203
433 5.204090118408203
434 5.204090118408203
435 5.204090118408203
436 5.204089641571045
437 5.204089641571045
438 5.204089641571045
439 5.204089641571045
440 5.204089164733887
441 5.204089164733887
442 5.204089164733887
443 5.204089164733887
444 5.204089164733887
445 5.204088687896729
446 5.204088687896729
447 5.204088687896729
448 5.204088687896729
449 5.20408821105957
450 5.20408821105957
451 5.20408821105957
452 5.20408821105957
453 5.204087734222412
454 5.204087734222412
455 5.204087734222412
456 5.204087734222412
457 5.204087734222412
458 5.204087257385254
459 5.204087257385254
460 5.204087257385254
461 5.204087257385254
462 5.204086780548096
463 5.204086780548096
464 5.204086780548096
465 5.204086780548096
466 5.204086780548096
467 5.204086780548096
468 5.204086780548096
469 5.204086303710938
470 5.204086303710938
471 5.204086303710938
472 5.204086303710938
473 5.204086303710938
474 5.204086303710938
475 5.204085826873779
476 5.204085826873779
477 5.204085826873779
478 5.204085826873779
479 5.204085826873779
480 5.204085826873779
481 5.204085350036621
482 5.204085350036621
483 5.204085350036621
484 5.204085350036621
485 5.204084873199463
486 5.204084873199463
487 5.204084873199463
488 5.204084873199463
489 5.204084873199463
490 5.204084873199463
491 5.204084396362305
492 5.204084396362305
493 5.204084396362305
494 5.204084396362305
495 5.204084396362305
496 5.204083919525146
497 5.204083919525146
498 5.204083919525146
499 5.204083919525146
500 5.204072952270508
501 5.204091548919678
502 5.204090118408203
503 5.204088687896729
504 5.204084873199463
505 5.204085350036621
506 5.204083919525146
507 5.204084396362305
508 5.204083442687988
509 5.204083442687988
510 5.20408296585083
511 5.204082489013672
512 5.204082012176514
513 5.204082012176514
514 5.204082012176514
515 5.204082489013672
516 5.204083442687988
517 5.204085350036621
518 5.204087734222412
519 5.20409107208252
520 5.204094886779785
521 5.204099655151367
522 5.204104900360107
523 5.204111099243164
524 5.204117298126221
525 5.204123973846436
526 5.204131126403809
527 5.204138278961182
528 5.204145908355713
529 5.204153060913086
530 5.204160690307617
531 5.20416784286499
532 5.204174995422363
533 5.204181671142578
534 5.204188346862793
535 5.204195022583008
536 5.204201221466064
537 5.204206943511963
538 5.204212188720703
539 5.204216957092285
540 5.204221725463867
541 5.204226016998291
542 5.204229831695557
543 5.204233646392822
544 5.20423698425293
545 5.204239845275879
546 5.204242706298828
547 5.204245090484619
548 5.204246997833252
549 5.204248905181885
550 5.204250812530518
551 5.204252243041992
552 5.204253673553467
553 5.204254627227783
554 5.2042555809021
555 5.204256534576416
556 5.204257488250732
557 5.204257965087891
558 5.204258441925049
559 5.204258918762207
560 5.204258918762207
561 5.204259395599365
562 5.204259395599365
563 5.204259872436523
564 5.204259872436523
565 5.204259872436523
566 5.204260349273682
567 5.204260349273682
568 5.204260349273682
569 5.204260349273682
570 5.204260349273682
571 5.204260349273682
572 5.204260349273682
573 5.204260349273682
574 5.204260349273682
575 5.204259872436523
576 5.204259872436523
577 5.204259872436523
578 5.204259872436523
579 5.204259872436523
580 5.204259872436523
581 5.204259872436523
582 5.204259872436523
583 5.204259872436523
584 5.204259872436523
585 5.204259872436523
586 5.204259872436523
587 5.204259395599365
588 5.204259872436523
589 5.204259872436523
590 5.204259872436523
591 5.204259872436523
592 5.204259872436523
593 5.204259872436523
594 5.204259395599365
595 5.204259395599365
596 5.204259395599365
597 5.204259395599365
598 5.204259395599365
599 5.204259395599365
600 5.204259395599365
601 5.204259395599365
602 5.204258918762207
603 5.204258918762207
604 5.204258918762207
605 5.204258918762207
606 5.204258918762207
607 5.204258441925049
608 5.204258441925049
609 5.204258441925049
610 5.204258441925049
611 5.204258441925049
612 5.204258441925049
613 5.204258441925049
614 5.204258441925049
615 5.204258441925049
616 5.204258441925049
617 5.204258441925049
618 5.204257965087891
619 5.204257965087891
620 5.204257965087891
621 5.204257965087891
622 5.204257965087891
623 5.204257965087891
624 5.204257965087891
625 5.204257965087891
626 5.204257488250732
627 5.204257488250732
628 5.204257488250732
629 5.204257488250732
630 5.204257488250732
631 5.204257488250732
632 5.204257488250732
633 5.204257011413574
634 5.204257011413574
635 5.204257011413574
636 5.204257011413574
637 5.204257011413574
638 5.204257011413574
639 5.204257011413574
640 5.204257011413574
641 5.204257011413574
642 5.204257011413574
643 5.204257011413574
644 5.204257011413574
645 5.204256534576416
646 5.204256534576416
647 5.204256534576416
648 5.204256534576416
649 5.204256534576416
650 5.204256534576416
651 5.204256534576416
652 5.204256057739258
653 5.204256057739258
654 5.204256057739258
655 5.204256057739258
656 5.204256057739258
657 5.204256057739258
658 5.204256057739258
659 5.204256057739258
660 5.204256057739258
661 5.204256057739258
662 5.204256057739258
663 5.204256057739258
664 5.204256057739258
665 5.204256057739258
666 5.2042555809021
667 5.2042555809021
668 5.2042555809021
669 5.2042555809021
670 5.2042555809021
671 5.2042555809021
672 5.2042555809021
673 5.2042555809021
674 5.2042555809021
675 5.2042555809021
676 5.2042555809021
677 5.2042555809021
678 5.2042555809021
679 5.2042555809021
680 5.2042555809021
681 5.2042555809021
682 5.2042555809021
683 5.2042555809021
684 5.204255104064941
685 5.204255104064941
686 5.204255104064941
687 5.204255104064941
688 5.204255104064941
689 5.204255104064941
690 5.204255104064941
691 5.204255104064941
692 5.204255104064941
693 5.204255104064941
694 5.204255104064941
695 5.204255104064941
696 5.204255104064941
697 5.204255104064941
698 5.204254627227783
699 5.204255104064941
700 5.204254627227783
701 5.204254627227783
702 5.204254627227783
703 5.204254627227783
704 5.204254627227783
705 5.204254627227783
706 5.204254627227783
707 5.204254627227783
708 5.204254627227783
709 5.204254627227783
710 5.204254627227783
711 5.204254627227783
712 5.204254627227783
713 5.204254627227783
714 5.204254627227783
715 5.204254150390625
716 5.204254150390625
717 5.204254150390625
718 5.204254150390625
719 5.204254150390625
720 5.204254150390625
721 5.204254150390625
722 5.204254150390625
723 5.204254150390625
724 5.204254150390625
725 5.204254150390625
726 5.204254150390625
727 5.204254150390625
728 5.204254150390625
729 5.204254150390625
730 5.204254150390625
731 5.204254150390625
732 5.204253673553467
733 5.204253673553467
734 5.204253673553467
735 5.204253673553467
736 5.204253673553467
737 5.204253673553467
738 5.204253673553467
739 5.204253673553467
740 5.204253673553467
741 5.204253673553467
742 5.204253673553467
743 5.204253673553467
744 5.204253673553467
745 5.204253673553467
746 5.204253673553467
747 5.204253673553467
748 5.204253196716309
749 5.204253196716309
750 5.204253196716309
751 5.204253196716309
752 5.204253196716309
753 5.204253196716309
754 5.204253196716309
755 5.204253673553467
756 5.204253196716309
757 5.204253196716309
758 5.204253196716309
759 5.204253196716309
760 5.204253196716309
761 5.204253196716309
762 5.204253196716309
763 5.204253196716309
764 5.204253196716309
765 5.204253196716309
766 5.204253196716309
767 5.204253196716309
768 5.204253196716309
769 5.204253196716309
770 5.204253196716309
771 5.20425271987915
772 5.20425271987915
773 5.20425271987915
774 5.20425271987915
775 5.20425271987915
776 5.20425271987915
777 5.20425271987915
778 5.20425271987915
779 5.20425271987915
780 5.20425271987915
781 5.20425271987915
782 5.20425271987915
783 5.20425271987915
784 5.20425271987915
785 5.20425271987915
786 5.20425271987915
787 5.20425271987915
788 5.20425271987915
789 5.20425271987915
790 5.20425271987915
791 5.204252243041992
792 5.204252243041992
793 5.204252243041992
794 5.204252243041992
795 5.204252243041992
796 5.204252243041992
797 5.204252243041992
798 5.204252243041992
799 5.204252243041992
800 5.204252243041992
801 5.204252243041992
802 5.204252243041992
803 5.204252243041992
804 5.204252243041992
805 5.204252243041992
806 5.204252243041992
807 5.204252243041992
808 5.204252243041992
809 5.204252243041992
810 5.204252243041992
811 5.204252243041992
812 5.204252243041992
813 5.204252243041992
814 5.204252243041992
815 5.204252243041992
816 5.204252243041992
817 5.204252243041992
818 5.204252243041992
819 5.204251766204834
820 5.204251766204834
821 5.204251766204834
822 5.204251766204834
823 5.204251766204834
824 5.204251766204834
825 5.204251766204834
826 5.204251766204834
827 5.204251766204834
828 5.204251766204834
829 5.204251766204834
830 5.204251766204834
831 5.204251766204834
832 5.204251766204834
833 5.204251766204834
834 5.204251766204834
835 5.204251766204834
836 5.204251766204834
837 5.204251766204834
838 5.204251766204834
839 5.204251766204834
840 5.204251766204834
841 5.204251766204834
842 5.204251766204834
843 5.204251766204834
844 5.204251766204834
845 5.204251289367676
846 5.204251289367676
847 5.204251289367676
848 5.204251766204834
849 5.204251289367676
850 5.204251289367676
851 5.204251766204834
852 5.204251289367676
853 5.204251289367676
854 5.204251289367676
855 5.204251289367676
856 5.204251289367676
857 5.204251289367676
858 5.204251289367676
859 5.204251289367676
860 5.204251289367676
861 5.204251289367676
862 5.204251289367676
863 5.204251289367676
864 5.204251289367676
865 5.204251289367676
866 5.204251289367676
867 5.204251289367676
868 5.204251289367676
869 5.204251289367676
870 5.204251289367676
871 5.204251289367676
872 5.204251289367676
873 5.204251289367676
874 5.204251289367676
875 5.204251289367676
876 5.204251289367676
877 5.204251289367676
878 5.204251289367676
879 5.204251289367676
880 5.204251289367676
881 5.204251289367676
882 5.204251289367676
883 5.204251289367676
884 5.204250812530518
885 5.204250812530518
886 5.204250812530518
887 5.204250812530518
888 5.204250812530518
889 5.204250812530518
890 5.204250812530518
891 5.204250812530518
892 5.204250812530518
893 5.204250812530518
894 5.204250812530518
895 5.204250812530518
896 5.204250812530518
897 5.204250812530518
898 5.204250812530518
899 5.204250812530518
900 5.204250812530518
901 5.204250812530518
902 5.204250812530518
903 5.204250812530518
904 5.204250812530518
905 5.204250812530518
906 5.204250812530518
907 5.204250812530518
908 5.204250812530518
909 5.204250812530518
910 5.204250812530518
911 5.204250812530518
912 5.204250812530518
913 5.204250812530518
914 5.204250812530518
915 5.204250812530518
916 5.204250812530518
917 5.204250812530518
918 5.204250812530518
919 5.204250812530518
920 5.204250812530518
921 5.204250812530518
922 5.204250812530518
923 5.204250812530518
924 5.204250812530518
925 5.204250812530518
926 5.204250812530518
927 5.204250812530518
928 5.204250812530518
929 5.204250335693359
930 5.204250812530518
931 5.204250335693359
932 5.204250335693359
933 5.204250812530518
934 5.204250335693359
935 5.204250335693359
936 5.204250335693359
937 5.204250335693359
938 5.204250335693359
939 5.204250335693359
940 5.204250335693359
941 5.204250335693359
942 5.204250335693359
943 5.204250335693359
944 5.204250335693359
945 5.204250335693359
946 5.204250335693359
947 5.204250335693359
948 5.204250335693359
949 5.204250335693359
950 5.204250335693359
951 5.204250335693359
952 5.204250335693359
953 5.204250335693359
954 5.204250335693359
955 5.204250335693359
956 5.204250335693359
957 5.204250335693359
958 5.204250335693359
959 5.204250335693359
960 5.204250335693359
961 5.204250335693359
962 5.204250335693359
963 5.204250335693359
964 5.204250335693359
965 5.204250335693359
966 5.204250335693359
967 5.204250335693359
968 5.204250335693359
969 5.204250335693359
970 5.204250335693359
971 5.204250335693359
972 5.204250335693359
973 5.204250335693359
974 5.204250335693359
975 5.204250335693359
976 5.204250335693359
977 5.204250335693359
978 5.204250335693359
979 5.204250335693359
980 5.204250335693359
981 5.204250335693359
982 5.204250335693359
983 5.204250335693359
984 5.204250335693359
985 5.204250335693359
986 5.204250335693359
987 5.204250335693359
988 5.204250335693359
989 5.204250335693359
990 5.204250335693359
991 5.204250335693359
992 5.204250335693359
993 5.204250335693359
994 5.204250335693359
995 5.204249858856201
996 5.204250335693359
997 5.204250335693359
998 5.204249858856201
999 5.204249858856201
1000 5.204249858856201
1001 5.204249858856201
1002 5.204249858856201
1003 5.204250335693359
1004 5.204249858856201
1005 5.204249858856201
1006 5.204250335693359
1007 5.204249858856201
1008 5.204249858856201
1009 5.204250335693359
1010 5.204249858856201
1011 5.204249858856201
1012 5.204249858856201
1013 5.204250335693359
1014 5.204249858856201
1015 5.204249858856201
1016 5.204249858856201
1017 5.204249858856201
1018 5.204249858856201
1019 5.204249858856201
1020 5.204249858856201
1021 5.204249858856201
1022 5.204249858856201
1023 5.204249858856201
1024 5.204249858856201
1025 5.204249858856201
1026 5.204249858856201
1027 5.204249858856201
1028 5.204249858856201
1029 5.204249858856201
1030 5.204249858856201
1031 5.204249858856201
1032 5.204249858856201
1033 5.204249858856201
1034 5.204249858856201
1035 5.204249858856201
1036 5.204249858856201
1037 5.204249858856201
1038 5.204249858856201
1039 5.204249858856201
1040 5.204249858856201
1041 5.204249858856201
1042 5.204249858856201
1043 5.204249858856201
1044 5.204249858856201
1045 5.204249858856201
1046 5.204249858856201
1047 5.204249858856201
1048 5.204249858856201
1049 5.204249858856201
1050 5.204249858856201
1051 5.204249858856201
1052 5.204249858856201
1053 5.204249858856201
1054 5.204249858856201
1055 5.204249858856201
1056 5.204249858856201
1057 5.204249858856201
1058 5.204249858856201
1059 5.204249858856201
1060 5.204249858856201
1061 5.204249858856201
1062 5.204249858856201
1063 5.204249858856201
1064 5.204249858856201
1065 5.204249858856201
1066 5.204249858856201
1067 5.204249858856201
1068 5.204249858856201
1069 5.204249858856201
1070 5.204249858856201
1071 5.204249858856201
1072 5.204249858856201
1073 5.204249858856201
1074 5.204249858856201
1075 5.204249858856201
1076 5.204249858856201
1077 5.204249858856201
1078 5.204249858856201
1079 5.204249858856201
1080 5.204249858856201
1081 5.204249858856201
1082 5.204249858856201
1083 5.204249858856201
1084 5.204249858856201
1085 5.204249858856201
1086 5.204249858856201
1087 5.204249858856201
1088 5.204249858856201
1089 5.204249858856201
1090 5.204249858856201
1091 5.204249858856201
1092 5.204249382019043
1093 5.204249858856201
1094 5.204249858856201
1095 5.204249858856201
1096 5.204249858856201
1097 5.204249382019043
1098 5.204249858856201
1099 5.204249858856201
1100 5.204249382019043
1101 5.204249858856201
1102 5.204249382019043
1103 5.204249382019043
1104 5.204249858856201
1105 5.204249382019043
1106 5.204249382019043
1107 5.204249858856201
1108 5.204249382019043
1109 5.204249858856201
1110 5.204249382019043
1111 5.204249382019043
1112 5.204249858856201
1113 5.204249382019043
1114 5.204249382019043
1115 5.204249858856201
1116 5.204249382019043
1117 5.204249382019043
1118 5.204249382019043
1119 5.204249858856201
1120 5.204249382019043
1121 5.204249382019043
1122 5.204249858856201
1123 5.204249382019043
1124 5.204249858856201
1125 5.204249858856201
1126 5.204249382019043
1127 5.204249858856201
1128 5.204249858856201
1129 5.204249382019043
1130 5.204249858856201
1131 5.204249858856201
1132 5.204249382019043
1133 5.204249382019043
1134 5.204249858856201
1135 5.204249382019043
1136 5.204249382019043
1137 5.204249858856201
1138 5.204249382019043
1139 5.204249382019043
1140 5.204249382019043
1141 5.204249382019043
1142 5.204249382019043
1143 5.204249382019043
1144 5.204249382019043
1145 5.204249382019043
1146 5.204249382019043
1147 5.204249382019043
1148 5.204249858856201
1149 5.204249382019043
1150 5.204249858856201
1151 5.204249382019043
1152 5.204249382019043
1153 5.204249858856201
1154 5.204249382019043
1155 5.204249382019043
1156 5.204249382019043
1157 5.204249858856201
1158 5.204249382019043
1159 5.204249382019043
1160 5.204249382019043
1161 5.204249382019043
1162 5.204249382019043
1163 5.204249382019043
1164 5.204249382019043
1165 5.204249382019043
1166 5.204249382019043
1167 5.204249382019043
1168 5.204249382019043
1169 5.204249382019043
1170 5.204249382019043
1171 5.204249382019043
1172 5.204249382019043
1173 5.204249382019043
1174 5.204249382019043
1175 5.204249382019043
1176 5.204249382019043
1177 5.204249382019043
1178 5.204249382019043
1179 5.204249382019043
1180 5.204249382019043
1181 5.204249382019043
1182 5.204249382019043
1183 5.204249382019043
1184 5.204249382019043
1185 5.204249382019043
1186 5.204249382019043
1187 5.204249382019043
1188 5.204249382019043
1189 5.204249382019043
1190 5.204249382019043
1191 5.204249382019043
1192 5.204249382019043
1193 5.204249382019043
1194 5.204249382019043
1195 5.204249382019043
1196 5.204249382019043
1197 5.204249382019043
1198 5.204249382019043
1199 5.204249382019043
1200 5.204249382019043
1201 5.204249382019043
1202 5.204249382019043
1203 5.204249382019043
1204 5.204249382019043
1205 5.204249382019043
1206 5.204249382019043
1207 5.204249382019043
1208 5.204249382019043
1209 5.204249382019043
1210 5.204249382019043
1211 5.204249382019043
1212 5.204249382019043
1213 5.204249382019043
1214 5.204249382019043
1215 5.204249382019043
1216 5.204249382019043
1217 5.204249382019043
1218 5.204249382019043
1219 5.204249382019043
1220 5.204249382019043
1221 5.204249382019043
1222 5.204249382019043
1223 5.204249382019043
1224 5.204249382019043
1225 5.204249382019043
1226 5.204249382019043
1227 5.204249382019043
1228 5.204249382019043
1229 5.204249382019043
1230 5.204249858856201
1231 5.204249382019043
1232 5.204249382019043
1233 5.204249382019043
1234 5.204249382019043
1235 5.204249382019043
1236 5.204249382019043
1237 5.204249382019043
1238 5.204249382019043
1239 5.204249382019043
1240 5.204249382019043
1241 5.204249382019043
1242 5.204249382019043
1243 5.204249382019043
1244 5.204249382019043
1245 5.204249382019043
1246 5.204249382019043
1247 5.204249382019043
1248 5.204249382019043
1249 5.204249382019043
1250 5.204249382019043
1251 5.204249382019043
1252 5.204249382019043
1253 5.204249382019043
1254 5.204249382019043
1255 5.204249382019043
1256 5.204249382019043
1257 5.204249382019043
1258 5.204249382019043
1259 5.204249382019043
1260 5.204249382019043
1261 5.204249382019043
1262 5.204249382019043
1263 5.204249382019043
1264 5.204249382019043
1265 5.204249382019043
1266 5.204249382019043
1267 5.204249382019043
1268 5.204249382019043
1269 5.204249382019043
1270 5.204249382019043
1271 5.204249382019043
1272 5.204249382019043
1273 5.204249382019043
1274 5.204249382019043
1275 5.204248905181885
1276 5.204248905181885
1277 5.204249382019043
1278 5.204249382019043
1279 5.204248905181885
1280 5.204249382019043
1281 5.204249382019043
1282 5.204248905181885
1283 5.204249382019043
1284 5.204249382019043
1285 5.204248905181885
1286 5.204249382019043
1287 5.204249382019043
1288 5.204248905181885
1289 5.204248905181885
1290 5.204249382019043
1291 5.204248905181885
1292 5.204248905181885
1293 5.204249382019043
1294 5.204248905181885
1295 5.204249382019043
1296 5.204249382019043
1297 5.204249382019043
1298 5.204249382019043
1299 5.204249382019043
1300 5.204249382019043
1301 5.204248905181885
1302 5.204248905181885
1303 5.204249382019043
1304 5.204248905181885
1305 5.204249382019043
1306 5.204249382019043
1307 5.204248905181885
1308 5.204249382019043
1309 5.204249382019043
1310 5.204249382019043
1311 5.204249382019043
1312 5.204249382019043
1313 5.204249382019043
1314 5.204249382019043
1315 5.204248905181885
1316 5.204249382019043
1317 5.204249382019043
1318 5.204248905181885
1319 5.204248905181885
1320 5.204249382019043
1321 5.204248905181885
1322 5.204248905181885
1323 5.204249382019043
1324 5.204248905181885
1325 5.204248905181885
1326 5.204249382019043
1327 5.204248905181885
1328 5.204248905181885
1329 5.204249382019043
1330 5.204248905181885
1331 5.204248905181885
1332 5.204248905181885
1333 5.204249382019043
1334 5.204248905181885
1335 5.204248905181885
1336 5.204249382019043
1337 5.204248905181885
1338 5.204249382019043
1339 5.204248905181885
1340 5.204248905181885
1341 5.204248905181885
1342 5.204249382019043
1343 5.204248905181885
1344 5.204248905181885
1345 5.204249382019043
1346 5.204248905181885
1347 5.204248905181885
1348 5.204249382019043
1349 5.204248905181885
1350 5.204249382019043
1351 5.204248905181885
1352 5.204249382019043
1353 5.204248905181885
1354 5.204248905181885
1355 5.204249382019043
1356 5.204248905181885
1357 5.204248905181885
1358 5.204249382019043
1359 5.204248905181885
1360 5.204248905181885
1361 5.204248905181885
1362 5.204248905181885
1363 5.204248905181885
1364 5.204249382019043
1365 5.204248905181885
1366 5.204248905181885
1367 5.204249382019043
1368 5.204248905181885
1369 5.204248905181885
1370 5.204248905181885
1371 5.204248905181885
1372 5.204248905181885
1373 5.204248905181885
1374 5.204248905181885
1375 5.204248905181885
1376 5.204248905181885
1377 5.204248905181885
1378 5.204248905181885
1379 5.204248905181885
1380 5.204248905181885
1381 5.204248905181885
1382 5.204248905181885
1383 5.204248905181885
1384 5.204248905181885
1385 5.204248905181885
1386 5.204248905181885
1387 5.204248905181885
1388 5.204248905181885
1389 5.204248905181885
1390 5.204249382019043
1391 5.204248905181885
1392 5.204248905181885
1393 5.204248905181885
1394 5.204248905181885
1395 5.204248905181885
1396 5.204248905181885
1397 5.204248905181885
1398 5.204248905181885
1399 5.204248905181885
1400 5.204248905181885
1401 5.204248905181885
1402 5.204248905181885
1403 5.204248905181885
1404 5.204248905181885
1405 5.204248905181885
1406 5.204248905181885
1407 5.204248905181885
1408 5.204248905181885
1409 5.204248905181885
1410 5.204248905181885
1411 5.204248905181885
1412 5.204248905181885
1413 5.204248905181885
1414 5.204248905181885
1415 5.204248905181885
1416 5.204248905181885
1417 5.204248905181885
1418 5.204248905181885
1419 5.204248905181885
1420 5.204248905181885
1421 5.204248905181885
1422 5.204248905181885
1423 5.204248905181885
1424 5.204248905181885
1425 5.204248905181885
1426 5.204248905181885
1427 5.204248905181885
1428 5.204248905181885
1429 5.204248905181885
1430 5.204248905181885
1431 5.204248905181885
1432 5.204248905181885
1433 5.204248905181885
1434 5.204248905181885
1435 5.204248905181885
1436 5.204248905181885
1437 5.204248905181885
1438 5.204248905181885
1439 5.204248905181885
1440 5.204248905181885
1441 5.204248905181885
1442 5.204248905181885
1443 5.204248905181885
1444 5.204248905181885
1445 5.204248905181885
1446 5.204248905181885
1447 5.204248905181885
1448 5.204248905181885
1449 5.204248905181885
1450 5.204248905181885
1451 5.204248905181885
1452 5.204248905181885
1453 5.204248905181885
1454 5.204248905181885
1455 5.204248905181885
1456 5.204248905181885
1457 5.204248905181885
1458 5.204248905181885
1459 5.204248905181885
1460 5.204248905181885
1461 5.204248905181885
1462 5.204248905181885
1463 5.204248905181885
1464 5.204248905181885
1465 5.204248905181885
1466 5.204248905181885
1467 5.204248905181885
1468 5.204248905181885
1469 5.204248905181885
1470 5.204248905181885
1471 5.204248905181885
1472 5.204248905181885
1473 5.204248905181885
1474 5.204248905181885
1475 5.204248905181885
1476 5.204248905181885
1477 5.204248905181885
1478 5.204248905181885
1479 5.204248905181885
1480 5.204248905181885
1481 5.204248905181885
1482 5.204248905181885
1483 5.204248905181885
1484 5.204248905181885
1485 5.204248905181885
1486 5.204248905181885
1487 5.204248905181885
1488 5.204248905181885
1489 5.204248905181885
1490 5.204248905181885
1491 5.204248905181885
1492 5.204248905181885
1493 5.204248905181885
1494 5.204248905181885
1495 5.204248905181885
1496 5.204248905181885
1497 5.204248905181885
1498 5.204248905181885
1499 5.204248905181885
1500 5.204248905181885
1501 5.204248905181885
1502 5.204248905181885
1503 5.204248905181885
1504 5.204248905181885
1505 5.204248905181885
1506 5.204248905181885
1507 5.204248905181885
1508 5.204248905181885
1509 5.204248905181885
1510 5.204248905181885
1511 5.204248905181885
1512 5.204248905181885
1513 5.204248905181885
1514 5.204248905181885
1515 5.204248905181885
1516 5.204248905181885
1517 5.204248905181885
1518 5.204248905181885
1519 5.204248905181885
1520 5.204248905181885
1521 5.204248905181885
1522 5.204248905181885
1523 5.204248905181885
1524 5.204248905181885
1525 5.204248905181885
1526 5.204248905181885
1527 5.204248905181885
1528 5.204248905181885
1529 5.204248905181885
1530 5.204248905181885
1531 5.204248905181885
1532 5.204248905181885
1533 5.204248905181885
1534 5.204248905181885
1535 5.204248905181885
1536 5.204248905181885
1537 5.204248905181885
1538 5.204248905181885
1539 5.204248905181885
1540 5.204248905181885
1541 5.204248905181885
1542 5.204248905181885
1543 5.204248905181885
1544 5.204248905181885
1545 5.204248905181885
1546 5.204248905181885
1547 5.204248905181885
1548 5.204248905181885
1549 5.204248905181885
1550 5.204248905181885
1551 5.204248905181885
1552 5.204248905181885
1553 5.204248905181885
1554 5.204248905181885
1555 5.204248905181885
1556 5.204248905181885
1557 5.204248905181885
1558 5.204248905181885
1559 5.204248905181885
1560 5.204248905181885
1561 5.204248905181885
1562 5.204248905181885
1563 5.204248905181885
1564 5.204248905181885
1565 5.204249382019043
1566 5.204248905181885
1567 5.204248905181885
1568 5.204248905181885
1569 5.204248905181885
1570 5.204249382019043
1571 5.204248905181885
1572 5.204248905181885
1573 5.204248905181885
1574 5.204248905181885
1575 5.204248905181885
1576 5.204248905181885
1577 5.204248905181885
1578 5.204248905181885
1579 5.204249382019043
1580 5.204248905181885
1581 5.204248905181885
1582 5.204248905181885
1583 5.204248905181885
1584 5.204248905181885
1585 5.204248905181885
1586 5.204248905181885
1587 5.204248905181885
1588 5.204248905181885
1589 5.204248905181885
1590 5.204248905181885
1591 5.204248905181885
1592 5.204248905181885
1593 5.204248905181885
1594 5.204248905181885
1595 5.204248905181885
1596 5.204248905181885
1597 5.204248905181885
1598 5.204248905181885
1599 5.204248905181885
1600 5.204248905181885
1601 5.204248905181885
1602 5.204248905181885
1603 5.204248905181885
1604 5.204248905181885
1605 5.204248905181885
1606 5.204248905181885
1607 5.204248905181885
1608 5.204248905181885
1609 5.204248905181885
1610 5.204248905181885
1611 5.204248905181885
1612 5.204248905181885
1613 5.204248905181885
1614 5.204248905181885
1615 5.204248905181885
1616 5.204248905181885
1617 5.204248905181885
1618 5.204248905181885
1619 5.204248905181885
1620 5.204248905181885
1621 5.204248905181885
1622 5.204248905181885
1623 5.204248905181885
1624 5.204248905181885
1625 5.204248905181885
1626 5.204248905181885
1627 5.204248905181885
1628 5.204248905181885
1629 5.204248905181885
1630 5.204248905181885
1631 5.204248905181885
1632 5.204248905181885
1633 5.204248905181885
1634 5.204248905181885
1635 5.204248905181885
1636 5.204248905181885
1637 5.204248905181885
1638 5.204248905181885
1639 5.204248905181885
1640 5.204248905181885
1641 5.204248905181885
1642 5.204248905181885
1643 5.204248905181885
1644 5.204248905181885
1645 5.204248905181885
1646 5.204248905181885
1647 5.204248905181885
1648 5.204248905181885
1649 5.204248905181885
1650 5.204248905181885
1651 5.204248905181885
1652 5.204248905181885
1653 5.204248905181885
1654 5.204248905181885
1655 5.204248905181885
1656 5.204248905181885
1657 5.204248905181885
1658 5.204248905181885
1659 5.204248905181885
1660 5.204248905181885
1661 5.204248905181885
1662 5.204248905181885
1663 5.204248905181885
1664 5.204248905181885
1665 5.204248905181885
1666 5.204248905181885
1667 5.204248905181885
1668 5.204248905181885
1669 5.204248905181885
1670 5.204248905181885
1671 5.204248905181885
1672 5.204248905181885
1673 5.204248905181885
1674 5.204248905181885
1675 5.204248905181885
1676 5.204248905181885
1677 5.204248905181885
1678 5.204248905181885
1679 5.204248905181885
1680 5.204248905181885
1681 5.204248905181885
1682 5.204248905181885
1683 5.204248905181885
1684 5.204248905181885
1685 5.204248905181885
1686 5.204248905181885
1687 5.204248905181885
1688 5.204248905181885
1689 5.204248905181885
1690 5.204248905181885
1691 5.204248905181885
1692 5.204248905181885
1693 5.204248905181885
1694 5.204248905181885
1695 5.204248905181885
1696 5.204248905181885
1697 5.204248905181885
1698 5.204248905181885
1699 5.204248905181885
1700 5.204248905181885
1701 5.204248905181885
1702 5.204248905181885
1703 5.204248905181885
1704 5.204248905181885
1705 5.204248905181885
1706 5.204248905181885
1707 5.204248905181885
1708 5.204248905181885
1709 5.204248905181885
1710 5.204248905181885
1711 5.204248905181885
1712 5.204248905181885
1713 5.204248905181885
1714 5.204248905181885
1715 5.204248905181885
1716 5.204248905181885
1717 5.204248905181885
1718 5.204248905181885
1719 5.204248905181885
1720 5.204248905181885
1721 5.204248905181885
1722 5.204248905181885
1723 5.204248905181885
1724 5.204248905181885
1725 5.204248905181885
1726 5.204248905181885
1727 5.204248905181885
1728 5.204248905181885
1729 5.204248905181885
1730 5.204248905181885
1731 5.204248905181885
1732 5.204248905181885
1733 5.204248905181885
1734 5.204248905181885
1735 5.204248905181885
1736 5.204248905181885
1737 5.204248905181885
1738 5.204248905181885
1739 5.204248905181885
1740 5.204248905181885
1741 5.204248905181885
1742 5.204248905181885
1743 5.204248905181885
1744 5.204248905181885
1745 5.204248905181885
1746 5.204248905181885
1747 5.204248905181885
1748 5.204248905181885
1749 5.204248905181885
1750 5.204248905181885
1751 5.204248905181885
1752 5.204248905181885
1753 5.204248905181885
1754 5.204248905181885
1755 5.204248905181885
1756 5.204248905181885
1757 5.204248905181885
1758 5.204248905181885
1759 5.204248905181885
1760 5.204248905181885
1761 5.204248905181885
1762 5.204248905181885
1763 5.204248905181885
1764 5.204248905181885
1765 5.204248905181885
1766 5.204248905181885
1767 5.204248905181885
1768 5.204248905181885
1769 5.204248905181885
1770 5.204248905181885
1771 5.204248905181885
1772 5.204248905181885
1773 5.204248905181885
1774 5.204248905181885
1775 5.204248905181885
1776 5.204248905181885
1777 5.204248905181885
1778 5.204248905181885
1779 5.204248905181885
1780 5.204248905181885
1781 5.204248905181885
1782 5.204248905181885
1783 5.204248905181885
1784 5.204248905181885
1785 5.204248905181885
1786 5.204248905181885
1787 5.204248905181885
1788 5.204248905181885
1789 5.204248905181885
1790 5.204248905181885
1791 5.204248905181885
1792 5.204248905181885
1793 5.204248905181885
1794 5.204248905181885
1795 5.204248905181885
1796 5.204248905181885
1797 5.204248905181885
1798 5.204248905181885
1799 5.204248905181885
1800 5.204248905181885
1801 5.204248905181885
1802 5.204248905181885
1803 5.204248905181885
1804 5.204248905181885
1805 5.204248905181885
1806 5.204248905181885
1807 5.204248905181885
1808 5.204248905181885
1809 5.204248905181885
1810 5.204248905181885
1811 5.204248905181885
1812 5.204248905181885
1813 5.204248905181885
1814 5.204248905181885
1815 5.204248905181885
1816 5.204248905181885
1817 5.204248905181885
1818 5.204248905181885
1819 5.204248905181885
1820 5.204248905181885
1821 5.204248905181885
1822 5.204248905181885
1823 5.204248905181885
1824 5.204248905181885
1825 5.204248905181885
1826 5.204248905181885
1827 5.204248905181885
1828 5.204248905181885
1829 5.204248905181885
1830 5.204248905181885
1831 5.204248905181885
1832 5.204248905181885
1833 5.204248905181885
1834 5.204248905181885
1835 5.204248905181885
1836 5.204248905181885
1837 5.204248905181885
1838 5.204248905181885
1839 5.204248905181885
1840 5.204248905181885
1841 5.204248905181885
1842 5.204248905181885
1843 5.204248905181885
1844 5.204248905181885
1845 5.204248905181885
1846 5.204248905181885
1847 5.204248905181885
1848 5.204248905181885
1849 5.204248905181885
1850 5.204248905181885
1851 5.204248905181885
1852 5.204248905181885
1853 5.204248905181885
1854 5.204248905181885
1855 5.204248905181885
1856 5.204248905181885
1857 5.204248905181885
1858 5.204248905181885
1859 5.204248905181885
1860 5.204248905181885
1861 5.204248905181885
1862 5.204248905181885
1863 5.204248905181885
1864 5.204248905181885
1865 5.204248905181885
1866 5.204248905181885
1867 5.204248905181885
1868 5.204248905181885
1869 5.204248905181885
1870 5.204248905181885
1871 5.204248905181885
1872 5.204248905181885
1873 5.204248905181885
1874 5.204248905181885
1875 5.204248905181885
1876 5.204248905181885
1877 5.204248905181885
1878 5.204248905181885
1879 5.204248905181885
1880 5.204248905181885
1881 5.204248905181885
1882 5.204248905181885
1883 5.204248905181885
1884 5.204248905181885
1885 5.204248905181885
1886 5.204248905181885
1887 5.204248905181885
1888 5.204248905181885
1889 5.204248905181885
1890 5.204248905181885
1891 5.204248905181885
1892 5.204248905181885
1893 5.204248905181885
1894 5.204248905181885
1895 5.204248905181885
1896 5.204248905181885
1897 5.204248905181885
1898 5.204248905181885
1899 5.204248905181885
1900 5.204248905181885
1901 5.204248905181885
1902 5.204248905181885
1903 5.204248905181885
1904 5.204248905181885
1905 5.204248905181885
1906 5.204248905181885
1907 5.204248905181885
1908 5.204248905181885
1909 5.204248905181885
1910 5.204248905181885
1911 5.204248905181885
1912 5.204248905181885
1913 5.204248905181885
1914 5.204248905181885
1915 5.204248905181885
1916 5.204248905181885
1917 5.204248905181885
1918 5.204248905181885
1919 5.204248905181885
1920 5.204248905181885
1921 5.204248905181885
1922 5.204248905181885
1923 5.204248905181885
1924 5.204248905181885
1925 5.204248905181885
1926 5.204248905181885
1927 5.204248905181885
1928 5.204248905181885
1929 5.204248905181885
1930 5.204248905181885
1931 5.204248905181885
1932 5.204248905181885
1933 5.204248905181885
1934 5.204248905181885
1935 5.204248905181885
1936 5.204248905181885
1937 5.204248905181885
1938 5.204248905181885
1939 5.204248905181885
1940 5.204248905181885
1941 5.204248905181885
1942 5.204248905181885
1943 5.204248905181885
1944 5.204248905181885
1945 5.204248905181885
1946 5.204248905181885
1947 5.204248905181885
1948 5.204248905181885
1949 5.204248905181885
1950 5.204248905181885
1951 5.204248905181885
1952 5.204248905181885
1953 5.204248905181885
1954 5.204248905181885
1955 5.204248905181885
1956 5.204248905181885
1957 5.204248905181885
1958 5.204248905181885
1959 5.204248905181885
1960 5.204248905181885
1961 5.204248905181885
1962 5.204248905181885
1963 5.204248905181885
1964 5.204248905181885
1965 5.204248905181885
1966 5.204248905181885
1967 5.204248905181885
1968 5.204248905181885
1969 5.204248905181885
1970 5.204248905181885
1971 5.204248905181885
1972 5.204248905181885
1973 5.204248905181885
1974 5.204248905181885
1975 5.204248905181885
1976 5.204248905181885
1977 5.204248905181885
1978 5.204248905181885
1979 5.204248905181885
1980 5.204248905181885
1981 5.204248905181885
1982 5.204248905181885
1983 5.204248905181885
1984 5.204248905181885
1985 5.204248905181885
1986 5.204248905181885
1987 5.204248905181885
1988 5.204248905181885
1989 5.204248905181885
1990 5.204248905181885
1991 5.204248905181885
1992 5.204248905181885
1993 5.204248905181885
1994 5.204248905181885
1995 5.204248905181885
1996 5.204248905181885
1997 5.204248905181885
1998 5.204248905181885
1999 5.204248905181885
2000 5.204248905181885
