"min-temp"
"Iteration" "min-temp"
("Iteration" "min-temp")
1 20.6773624420166
2 19.12656021118164
3 19.5856990814209
4 21.05462646484375
5 22.63372421264648
6 24.33125305175781
7 26.15609741210938
8 26.81425666809082
9 25.07819557189941
10 25.2929573059082
11 27.18992805480957
12 29.22917366027832
13 31.42136192321777
14 30.54315567016602
15 28.25241851806641
16 26.13348770141602
17 24.17347526550293
18 22.36046600341797
19 20.68342971801758
20 19.13217353820801
21 17.6972599029541
22 16.36996459960938
23 17.59771347045898
24 18.91754150390625
25 19.46700859069824
26 18.33249855041504
27 17.65232276916504
28 17.81339836120605
29 18.69768142700195
30 19.7097282409668
31 19.45865058898926
32 18.66402053833008
33 18.58060264587402
34 18.90472793579102
35 18.70095062255859
36 17.3497486114502
37 16.04934692382812
38 14.97171592712402
39 13.84883689880371
40 13.00381565093994
41 12.08172130584717
42 11.36686897277832
43 10.64313125610352
44 9.866573333740234
45 9.413786888122559
46 8.70775318145752
47 8.276865005493164
48 7.733858108520508
49 7.153818607330322
50 6.885099411010742
51 6.368716716766357
52 5.904664039611816
53 5.642749786376953
54 5.21954345703125
55 4.943502902984619
56 4.772658824920654
57 4.414709568023682
58 4.293864250183105
59 4.160523414611816
60 3.84848427772522
61 3.769049406051636
62 3.486370801925659
63 3.224892854690552
64 3.056382894515991
65 2.827154159545898
66 2.773335218429565
67 2.678013563156128
68 2.661010980606079
69 2.659072399139404
70 2.744374513626099
71 2.919620990753174
72 3.138592481613159
73 3.17348837852478
74 3.320519208908081
75 3.569558143615723
76 3.83727502822876
77 4.125070571899414
78 4.434450626373291
79 4.767034530639648
80 5.12456226348877
81 5.508904457092285
82 5.922072410583496
83 6.366227626800537
84 6.843694686889648
85 7.356971740722656
86 7.908744812011719
87 8.327486038208008
88 7.865692615509033
89 7.477733135223389
90 7.105648040771484
91 6.754494667053223
92 6.424782752990723
93 6.371252059936523
94 6.764166831970215
95 7.27147912979126
96 7.816840171813965
97 8.403102874755859
98 9.03333568572998
99 9.627101898193359
100 9.178271293640137
101 8.689919471740723
102 8.234674453735352
103 7.801039218902588
104 7.424131870269775
105 7.077435970306396
106 6.766812324523926
107 6.761931419372559
108 6.953024387359619
109 7.154147148132324
110 7.690708160400391
111 7.985702991485596
112 8.541986465454102
113 8.829143524169922
114 8.166957855224609
115 7.554436206817627
116 7.036325454711914
117 6.667427539825439
118 6.292365550994873
119 5.923293590545654
120 5.745940208435059
121 5.400369167327881
122 5.223495483398438
123 5.009410858154297
124 4.747311592102051
125 4.736134052276611
126 4.592596054077148
127 4.58017110824585
128 4.669492721557617
129 5.019704818725586
130 5.396182537078857
131 5.800896167755127
132 6.235963344573975
133 6.70366096496582
134 7.206435203552246
135 7.746917724609375
136 8.327937126159668
137 8.952531814575195
138 9.623971939086914
139 9.395051956176758
140 8.709732055664062
141 8.493318557739258
142 8.795159339904785
143 9.347111701965332
144 10.02016448974609
145 10.76323127746582
146 11.54115295410156
147 12.32190418243408
148 13.07023143768311
149 13.79031085968018
150 13.72814464569092
151 12.69853401184082
152 11.74614429473877
153 10.86518287658691
154 10.05029392242432
155 9.403063774108887
156 9.424167633056641
157 9.824217796325684
158 10.33595085144043
159 11.04216957092285
160 11.8289270401001
161 12.6705207824707
162 13.49107074737549
163 14.28858280181885
164 15.08681488037109
165 15.45240879058838
166 14.29347801208496
167 13.22146701812744
168 12.22985744476318
169 11.31261825561523
170 10.46417140960693
171 9.771450042724609
172 9.308896064758301
173 9.595582008361816
174 10.06038856506348
175 10.65875148773193
176 11.38092803955078
177 12.1755199432373
178 13.04854774475098
179 14.00304794311523
180 15.00065612792969
181 16.05281257629395
182 15.22095584869385
183 14.07938480377197
184 13.29205513000488
185 13.00409889221191
186 13.09149169921875
187 13.36136722564697
188 13.93031787872314
189 14.55536365509033
190 15.29914093017578
191 16.18411827087402
192 17.04690170288086
193 18.01377296447754
194 19.00203323364258
195 17.59556198120117
196 16.37567901611328
197 15.53513050079346
198 15.08365917205811
199 14.92964744567871
200 14.98697853088379
201 15.36676979064941
202 15.78658294677734
203 16.40051460266113
204 17.16136932373047
205 17.97318649291992
206 18.8178882598877
207 19.64325714111328
208 20.43829536437988
209 19.36889457702637
210 18.49155616760254
211 17.92640495300293
212 17.6308479309082
213 17.54340744018555
214 17.6501522064209
215 17.93231582641602
216 18.35347366333008
217 18.87629508972168
218 19.45272445678711
219 20.05737686157227
220 20.57658195495605
221 21.09907150268555
222 21.40054130554199
223 21.54290580749512
224 21.30712699890137
225 20.84035110473633
226 20.58282279968262
227 20.5074462890625
228 20.58576583862305
229 20.77953910827637
230 21.06493377685547
231 21.43000793457031
232 21.84614944458008
233 22.24099922180176
234 22.65348815917969
235 23.03231239318848
236 23.38602066040039
237 23.72502136230469
238 23.62480163574219
239 23.29119491577148
240 23.11498641967773
241 23.07695198059082
242 23.15138816833496
243 23.3242301940918
244 23.53929901123047
245 23.80348968505859
246 24.13943099975586
247 24.47972679138184
248 24.85896301269531
249 25.23960876464844
250 25.01653099060059
251 25.24315071105957
252 25.12008285522461
253 25.06633377075195
254 25.08659172058105
255 25.1989917755127
256 25.39196014404297
257 25.59387397766113
258 25.87820434570312
259 26.17159652709961
260 26.50442314147949
261 26.83259773254395
262 27.12855911254883
263 27.37533760070801
264 27.28701019287109
265 27.18132400512695
266 27.12856864929199
267 27.17225646972656
268 27.25605201721191
269 27.41540908813477
270 27.6074275970459
271 27.84319114685059
272 28.07974815368652
273 28.28723526000977
274 28.45543098449707
275 28.60422325134277
276 28.72207069396973
277 28.7885799407959
278 28.85546493530273
279 28.99482154846191
280 29.15335655212402
281 29.3614330291748
282 29.48420906066895
283 29.48357391357422
284 29.48301315307617
285 29.48251152038574
286 29.48207092285156
287 29.4816837310791
288 29.48133850097656
289 29.48103904724121
290 29.48077201843262
291 29.48053932189941
292 29.48033332824707
293 29.48015403747559
294 29.4799976348877
295 29.4798641204834
296 29.47974395751953
297 29.47964286804199
298 29.47955513000488
299 29.4794807434082
300 29.47941589355469
301 29.47936058044434
302 29.47931289672852
303 29.47927284240723
304 29.47923851013184
305 29.47920799255371
306 29.47918128967285
307 29.47916030883789
308 29.47914123535156
309 29.47912406921387
310 29.4791088104248
311 29.47909545898438
312 29.47908401489258
313 29.47907447814941
314 29.47906303405762
315 29.47905540466309
316 29.47904968261719
317 29.47904205322266
318 29.47903442382812
319 29.47902870178223
320 29.47902297973633
321 29.47901725769043
322 29.4790096282959
323 29.47900390625
324 29.4789981842041
325 29.4789924621582
326 29.4789867401123
327 29.47897911071777
328 29.47897529602051
329 29.47896957397461
330 29.47896385192871
331 29.47895812988281
332 29.47895431518555
333 29.47894668579102
334 29.47894287109375
335 29.47893524169922
336 29.47893142700195
337 29.47892570495605
338 29.47892189025879
339 29.47891616821289
340 29.47891044616699
341 29.47890663146973
342 29.47890090942383
343 29.47889518737793
344 29.47888946533203
345 29.47888565063477
346 29.4788818359375
347 29.4788761138916
348 29.47887229919434
349 29.47886848449707
350 29.47886276245117
351 29.47885894775391
352 29.47885513305664
353 29.47885131835938
354 29.47884750366211
355 29.47884368896484
356 29.47883796691895
357 29.47883605957031
358 29.47883033752441
359 29.47882652282715
360 29.47882270812988
361 29.47881889343262
362 29.47881698608398
363 29.47881317138672
364 29.47880935668945
365 29.47880554199219
366 29.47880172729492
367 29.47879981994629
368 29.47879600524902
369 29.47879219055176
370 29.47878837585449
371 29.47878456115723
372 29.47878074645996
373 29.4787769317627
374 29.47877311706543
375 29.4787712097168
376 29.47876739501953
377 29.47876358032227
378 29.478759765625
379 29.47875785827637
380 29.4787540435791
381 29.47875022888184
382 29.47874641418457
383 29.4787425994873
384 29.47874069213867
385 29.47873687744141
386 29.47873306274414
387 29.47872924804688
388 29.47872543334961
389 29.47872352600098
390 29.47871971130371
391 29.47871780395508
392 29.47871398925781
393 29.47871208190918
394 29.47870826721191
395 29.47870445251465
396 29.47870254516602
397 29.47869873046875
398 29.47869491577148
399 29.47869110107422
400 29.47868728637695
401 29.47868537902832
402 29.47868156433105
403 29.47867774963379
404 29.47867584228516
405 29.47867202758789
406 29.47866821289062
407 29.47866630554199
408 29.47866249084473
409 29.47866058349609
410 29.47865676879883
411 29.4786548614502
412 29.47865104675293
413 29.47864723205566
414 29.47864532470703
415 29.4786434173584
416 29.47863960266113
417 29.4786376953125
418 29.47863388061523
419 29.4786319732666
420 29.47862815856934
421 29.47862434387207
422 29.47862243652344
423 29.47861862182617
424 29.47861671447754
425 29.47861289978027
426 29.47861099243164
427 29.47860717773438
428 29.47860527038574
429 29.47860145568848
430 29.47859954833984
431 29.47859573364258
432 29.47859382629395
433 29.47859001159668
434 29.47858810424805
435 29.47858619689941
436 29.47858238220215
437 29.47857856750488
438 29.47857666015625
439 29.47857475280762
440 29.47857093811035
441 29.47856903076172
442 29.47856521606445
443 29.47856330871582
444 29.47855949401855
445 29.47855758666992
446 29.47855567932129
447 29.47855186462402
448 29.47854995727539
449 29.47854804992676
450 29.47854423522949
451 29.47854232788086
452 29.47854042053223
453 29.47853660583496
454 29.47853469848633
455 29.4785327911377
456 29.47852897644043
457 29.4785270690918
458 29.47852516174316
459 29.47852325439453
460 29.47851943969727
461 29.47851753234863
462 29.478515625
463 29.47851181030273
464 29.4785099029541
465 29.47850608825684
466 29.47850227355957
467 29.47850036621094
468 29.4784984588623
469 29.47849655151367
470 29.47849464416504
471 29.47849082946777
472 29.47848892211914
473 29.47848701477051
474 29.47848320007324
475 29.47848129272461
476 29.47847938537598
477 29.47847557067871
478 29.47847366333008
479 29.47847175598145
480 29.47846984863281
481 29.47846794128418
482 29.47846603393555
483 29.47846412658691
484 29.47846221923828
485 29.47845840454102
486 29.47845649719238
487 29.47845458984375
488 29.47845268249512
489 29.47845077514648
490 29.47844886779785
491 29.47844505310059
492 29.47844314575195
493 29.47844123840332
494 29.47843933105469
495 29.47843742370605
496 29.47843551635742
497 29.47843360900879
498 29.47843170166016
499 29.47842979431152
500 29.4785213470459
501 29.47836685180664
502 29.47835540771484
503 29.47836494445801
504 29.47839546203613
505 29.47839164733887
506 29.47839736938477
507 29.4783935546875
508 29.47839546203613
509 29.4783935546875
510 29.47839164733887
511 29.47839164733887
512 29.47838973999023
513 29.4783878326416
514 29.4783821105957
515 29.47837066650391
516 29.47835540771484
517 29.47833251953125
518 29.47830200195312
519 29.47826385498047
520 29.47821807861328
521 29.47816467285156
522 29.47810554504395
523 29.47804069519043
524 29.47797203063965
525 29.4778995513916
526 29.47782325744629
527 29.47774696350098
528 29.47767066955566
529 29.47759246826172
530 29.47751617431641
531 29.47743988037109
532 29.47736740112305
533 29.477294921875
534 29.47722816467285
535 29.47716331481934
536 29.47710227966309
537 29.47704315185547
538 29.47699165344238
539 29.4769401550293
540 29.47689437866211
541 29.47685050964355
542 29.4768123626709
543 29.47677612304688
544 29.47674369812012
545 29.47671318054199
546 29.47668266296387
547 29.47665977478027
548 29.47663688659668
549 29.47661781311035
550 29.47659873962402
551 29.47658348083496
552 29.47657012939453
553 29.4765567779541
554 29.4765453338623
555 29.47653579711914
556 29.47652626037598
557 29.47651863098145
558 29.47651290893555
559 29.47650718688965
560 29.47650146484375
561 29.47649574279785
562 29.47649383544922
563 29.47649002075195
564 29.47648620605469
565 29.47648239135742
566 29.47648048400879
567 29.47647666931152
568 29.47647476196289
569 29.47647285461426
570 29.47647094726562
571 29.47646903991699
572 29.47646713256836
573 29.47646522521973
574 29.47646331787109
575 29.47646141052246
576 29.47646141052246
577 29.47645950317383
578 29.4764575958252
579 29.47645568847656
580 29.47645378112793
581 29.4764518737793
582 29.47644996643066
583 29.47644805908203
584 29.4764461517334
585 29.4764461517334
586 29.47644424438477
587 29.47644424438477
588 29.47644233703613
589 29.47643852233887
590 29.47643661499023
591 29.4764347076416
592 29.4764347076416
593 29.47643280029297
594 29.47643089294434
595 29.47643089294434
596 29.4764289855957
597 29.47642707824707
598 29.47642707824707
599 29.47642517089844
600 29.47642135620117
601 29.4764232635498
602 29.47642135620117
603 29.47642135620117
604 29.47642135620117
605 29.47641944885254
606 29.47641944885254
607 29.47641944885254
608 29.47641944885254
609 29.47641754150391
610 29.47641563415527
611 29.47641372680664
612 29.47641181945801
613 29.47640991210938
614 29.47640800476074
615 29.47640800476074
616 29.47640609741211
617 29.47640609741211
618 29.47640419006348
619 29.47640228271484
620 29.47640228271484
621 29.47640037536621
622 29.47640037536621
623 29.47639846801758
624 29.47639846801758
625 29.47639656066895
626 29.47639656066895
627 29.47639465332031
628 29.47639274597168
629 29.47639274597168
630 29.47639274597168
631 29.47639083862305
632 29.47639083862305
633 29.47639083862305
634 29.47638893127441
635 29.47638702392578
636 29.47638511657715
637 29.47638511657715
638 29.47638320922852
639 29.47638320922852
640 29.47638130187988
641 29.47638130187988
642 29.47637939453125
643 29.47637939453125
644 29.47637748718262
645 29.47637748718262
646 29.47637557983398
647 29.47637557983398
648 29.47637367248535
649 29.47637367248535
650 29.47637367248535
651 29.47637367248535
652 29.47637176513672
653 29.47637176513672
654 29.47636985778809
655 29.47636795043945
656 29.47636795043945
657 29.47636604309082
658 29.47636604309082
659 29.47636413574219
660 29.47636413574219
661 29.47636222839355
662 29.47636222839355
663 29.47636032104492
664 29.47636032104492
665 29.47635841369629
666 29.47635841369629
667 29.47635841369629
668 29.47635650634766
669 29.47635650634766
670 29.47635459899902
671 29.47635459899902
672 29.47635459899902
673 29.47635078430176
674 29.47635269165039
675 29.47635078430176
676 29.47634887695312
677 29.47634506225586
678 29.47634506225586
679 29.47634506225586
680 29.47634315490723
681 29.47634315490723
682 29.47634124755859
683 29.47634124755859
684 29.47634124755859
685 29.47633934020996
686 29.47633743286133
687 29.47633934020996
688 29.47633743286133
689 29.4763355255127
690 29.4763355255127
691 29.4763355255127
692 29.47633361816406
693 29.47633361816406
694 29.47633171081543
695 29.47633171081543
696 29.4763298034668
697 29.4763298034668
698 29.4763298034668
699 29.47632789611816
700 29.47632789611816
701 29.47632598876953
702 29.47632598876953
703 29.4763240814209
704 29.4763240814209
705 29.47632217407227
706 29.47632026672363
707 29.47632217407227
708 29.47632026672363
709 29.476318359375
710 29.476318359375
711 29.47631645202637
712 29.47631645202637
713 29.47631645202637
714 29.47631454467773
715 29.47631645202637
716 29.47631454467773
717 29.47631454467773
718 29.47631454467773
719 29.47631454467773
720 29.4763126373291
721 29.47631072998047
722 29.47631072998047
723 29.47630882263184
724 29.47630882263184
725 29.47630882263184
726 29.4763069152832
727 29.4763069152832
728 29.4763069152832
729 29.47630500793457
730 29.4763069152832
731 29.47630500793457
732 29.47630500793457
733 29.47630500793457
734 29.47630310058594
735 29.47630310058594
736 29.47630310058594
737 29.4763011932373
738 29.4763011932373
739 29.47629928588867
740 29.47629737854004
741 29.47629737854004
742 29.47629737854004
743 29.47629737854004
744 29.47629547119141
745 29.47629737854004
746 29.47629547119141
747 29.47629547119141
748 29.47629547119141
749 29.47629547119141
750 29.47629356384277
751 29.47629356384277
752 29.47629356384277
753 29.47629165649414
754 29.47628974914551
755 29.47628784179688
756 29.47628784179688
757 29.47628784179688
758 29.47628784179688
759 29.47628784179688
760 29.47628784179688
761 29.47628784179688
762 29.47628593444824
763 29.47628593444824
764 29.47628593444824
765 29.47628402709961
766 29.47628402709961
767 29.47628402709961
768 29.47628211975098
769 29.47628211975098
770 29.47628211975098
771 29.47628021240234
772 29.47628021240234
773 29.47628021240234
774 29.47628021240234
775 29.47627830505371
776 29.47627830505371
777 29.47627830505371
778 29.47627830505371
779 29.47627830505371
780 29.47627639770508
781 29.47627449035645
782 29.47627639770508
783 29.47627449035645
784 29.47627449035645
785 29.47627258300781
786 29.47627258300781
787 29.47627258300781
788 29.47627258300781
789 29.47627067565918
790 29.47627067565918
791 29.47627067565918
792 29.47627067565918
793 29.47627067565918
794 29.47626876831055
795 29.47626876831055
796 29.47626876831055
797 29.47626876831055
798 29.47626686096191
799 29.47626686096191
800 29.47626686096191
801 29.47626495361328
802 29.47626495361328
803 29.47626304626465
804 29.47626495361328
805 29.47626304626465
806 29.47626304626465
807 29.47626304626465
808 29.47626304626465
809 29.47626113891602
810 29.47626113891602
811 29.47626113891602
812 29.47626113891602
813 29.47626113891602
814 29.47625923156738
815 29.47625923156738
816 29.47625923156738
817 29.47625923156738
818 29.47625732421875
819 29.47625732421875
820 29.47625732421875
821 29.47625732421875
822 29.47625541687012
823 29.47625541687012
824 29.47625541687012
825 29.47625541687012
826 29.47625541687012
827 29.47625350952148
828 29.47625350952148
829 29.47625350952148
830 29.47625350952148
831 29.47625160217285
832 29.47625160217285
833 29.47625160217285
834 29.47625160217285
835 29.47624969482422
836 29.47624969482422
837 29.47624969482422
838 29.47624969482422
839 29.47624969482422
840 29.47624969482422
841 29.47624778747559
842 29.47624778747559
843 29.47624778747559
844 29.47624778747559
845 29.47624778747559
846 29.47624588012695
847 29.47624588012695
848 29.47624588012695
849 29.47624588012695
850 29.47624397277832
851 29.47624397277832
852 29.47624397277832
853 29.47624397277832
854 29.47624397277832
855 29.47624397277832
856 29.47624206542969
857 29.47624206542969
858 29.47624206542969
859 29.47624206542969
860 29.47624206542969
861 29.47624015808105
862 29.47624015808105
863 29.47624015808105
864 29.47624015808105
865 29.47623825073242
866 29.47623825073242
867 29.47623825073242
868 29.47623825073242
869 29.47623825073242
870 29.47623825073242
871 29.47623825073242
872 29.47623634338379
873 29.47623634338379
874 29.47623634338379
875 29.47623634338379
876 29.47623634338379
877 29.47623634338379
878 29.47623443603516
879 29.47623443603516
880 29.47623443603516
881 29.47623252868652
882 29.47623252868652
883 29.47623252868652
884 29.47623252868652
885 29.47623252868652
886 29.47623252868652
887 29.47623252868652
888 29.47623252868652
889 29.47623252868652
890 29.47623062133789
891 29.47623062133789
892 29.47623062133789
893 29.47623062133789
894 29.47622871398926
895 29.47622871398926
896 29.47622871398926
897 29.47622871398926
898 29.47622871398926
899 29.47622680664062
900 29.47622680664062
901 29.47622680664062
902 29.47622680664062
903 29.47622680664062
904 29.47622680664062
905 29.47622680664062
906 29.47622489929199
907 29.47622680664062
908 29.47622489929199
909 29.47622489929199
910 29.47622489929199
911 29.47622489929199
912 29.47622489929199
913 29.47622299194336
914 29.47622299194336
915 29.47622299194336
916 29.47622299194336
917 29.47622299194336
918 29.47622299194336
919 29.47622108459473
920 29.47622299194336
921 29.47622108459473
922 29.47622108459473
923 29.47622108459473
924 29.47622108459473
925 29.47621917724609
926 29.47621917724609
927 29.47621917724609
928 29.47621917724609
929 29.47621917724609
930 29.47621917724609
931 29.47621917724609
932 29.47621917724609
933 29.47621726989746
934 29.47621726989746
935 29.47621726989746
936 29.47621726989746
937 29.47621726989746
938 29.47621726989746
939 29.47621726989746
940 29.47621536254883
941 29.47621536254883
942 29.47621536254883
943 29.47621536254883
944 29.47621536254883
945 29.47621536254883
946 29.47621536254883
947 29.4762134552002
948 29.4762134552002
949 29.4762134552002
950 29.4762134552002
951 29.4762134552002
952 29.47621154785156
953 29.4762134552002
954 29.4762134552002
955 29.47621154785156
956 29.47621154785156
957 29.47621154785156
958 29.47620964050293
959 29.47621154785156
960 29.47621154785156
961 29.47620964050293
962 29.47620964050293
963 29.47620964050293
964 29.47620964050293
965 29.47620964050293
966 29.47620964050293
967 29.47620964050293
968 29.47620964050293
969 29.4762077331543
970 29.47620964050293
971 29.47620964050293
972 29.4762077331543
973 29.4762077331543
974 29.4762077331543
975 29.47620582580566
976 29.4762077331543
977 29.47620582580566
978 29.47620582580566
979 29.47620582580566
980 29.47620582580566
981 29.47620582580566
982 29.47620582580566
983 29.47620582580566
984 29.47620582580566
985 29.47620582580566
986 29.47620582580566
987 29.47620391845703
988 29.47620582580566
989 29.47620391845703
990 29.47620391845703
991 29.47620391845703
992 29.4762020111084
993 29.47620391845703
994 29.47620391845703
995 29.47620391845703
996 29.4762020111084
997 29.47620391845703
998 29.47620391845703
999 29.47620391845703
1000 29.47620391845703
1001 29.47620391845703
1002 29.47620391845703
1003 29.4762020111084
1004 29.4762020111084
1005 29.4762020111084
1006 29.47620010375977
1007 29.47620010375977
1008 29.4762020111084
1009 29.47620010375977
1010 29.47620010375977
1011 29.47620010375977
1012 29.47620010375977
1013 29.47619819641113
1014 29.47620010375977
1015 29.47620010375977
1016 29.47620010375977
1017 29.47620010375977
1018 29.47620010375977
1019 29.47619819641113
1020 29.47619819641113
1021 29.47619819641113
1022 29.4761962890625
1023 29.47619819641113
1024 29.4761962890625
1025 29.47619819641113
1026 29.47619819641113
1027 29.4761962890625
1028 29.4761962890625
1029 29.47619819641113
1030 29.47619819641113
1031 29.47619819641113
1032 29.47619819641113
1033 29.47619819641113
1034 29.4761962890625
1035 29.4761962890625
1036 29.4761962890625
1037 29.47619438171387
1038 29.4761962890625
1039 29.4761962890625
1040 29.47619438171387
1041 29.47619438171387
1042 29.4761962890625
1043 29.4761962890625
1044 29.47619438171387
1045 29.47619438171387
1046 29.47619438171387
1047 29.47619438171387
1048 29.47619438171387
1049 29.47619438171387
1050 29.47619247436523
1051 29.47619438171387
1052 29.47619438171387
1053 29.47619247436523
1054 29.47619247436523
1055 29.47619247436523
1056 29.47619247436523
1057 29.47619247436523
1058 29.47619247436523
1059 29.4761905670166
1060 29.47619247436523
1061 29.47619247436523
1062 29.47619247436523
1063 29.4761905670166
1064 29.47619247436523
1065 29.47619247436523
1066 29.4761905670166
1067 29.4761905670166
1068 29.47619247436523
1069 29.4761905670166
1070 29.4761905670166
1071 29.4761905670166
1072 29.47618865966797
1073 29.4761905670166
1074 29.4761905670166
1075 29.47618865966797
1076 29.4761905670166
1077 29.4761905670166
1078 29.47618865966797
1079 29.4761905670166
1080 29.4761905670166
1081 29.47618865966797
1082 29.47618865966797
1083 29.47618865966797
1084 29.47618675231934
1085 29.47618865966797
1086 29.47618865966797
1087 29.47618675231934
1088 29.47618865966797
1089 29.47618865966797
1090 29.47618675231934
1091 29.47618865966797
1092 29.47618865966797
1093 29.47618675231934
1094 29.47618865966797
1095 29.47618675231934
1096 29.47618675231934
1097 29.47618675231934
1098 29.4761848449707
1099 29.47618675231934
1100 29.47618675231934
1101 29.4761848449707
1102 29.47618675231934
1103 29.47618675231934
1104 29.4761848449707
1105 29.47618675231934
1106 29.47618675231934
1107 29.4761848449707
1108 29.47618675231934
1109 29.4761848449707
1110 29.4761848449707
1111 29.47618675231934
1112 29.4761848449707
1113 29.4761848449707
1114 29.47618675231934
1115 29.4761848449707
1116 29.4761848449707
1117 29.4761848449707
1118 29.4761848449707
1119 29.4761848449707
1120 29.4761848449707
1121 29.4761848449707
1122 29.47618293762207
1123 29.4761848449707
1124 29.47618103027344
1125 29.47618293762207
1126 29.4761848449707
1127 29.47618103027344
1128 29.47618293762207
1129 29.47618293762207
1130 29.47618103027344
1131 29.47618293762207
1132 29.47618293762207
1133 29.47618293762207
1134 29.47618103027344
1135 29.47618293762207
1136 29.47618293762207
1137 29.47618103027344
1138 29.47618293762207
1139 29.47618293762207
1140 29.47618103027344
1141 29.47618293762207
1142 29.47618293762207
1143 29.47618103027344
1144 29.47618293762207
1145 29.47618103027344
1146 29.47618103027344
1147 29.47618293762207
1148 29.4761791229248
1149 29.47618103027344
1150 29.47617721557617
1151 29.47618103027344
1152 29.47618103027344
1153 29.47617721557617
1154 29.47618103027344
1155 29.47618103027344
1156 29.47618103027344
1157 29.4761791229248
1158 29.47618103027344
1159 29.47618103027344
1160 29.47618103027344
1161 29.4761791229248
1162 29.47618103027344
1163 29.4761791229248
1164 29.47618103027344
1165 29.4761791229248
1166 29.4761791229248
1167 29.47618103027344
1168 29.4761791229248
1169 29.4761791229248
1170 29.47618103027344
1171 29.47618103027344
1172 29.47618103027344
1173 29.47618103027344
1174 29.4761791229248
1175 29.4761791229248
1176 29.47618103027344
1177 29.4761791229248
1178 29.4761791229248
1179 29.4761791229248
1180 29.47617721557617
1181 29.4761791229248
1182 29.4761791229248
1183 29.47617721557617
1184 29.4761791229248
1185 29.4761791229248
1186 29.4761791229248
1187 29.47617721557617
1188 29.4761791229248
1189 29.4761791229248
1190 29.47617721557617
1191 29.4761791229248
1192 29.4761791229248
1193 29.47617721557617
1194 29.47617721557617
1195 29.4761791229248
1196 29.47617721557617
1197 29.47617721557617
1198 29.47617721557617
1199 29.47617721557617
1200 29.47617721557617
1201 29.47617721557617
1202 29.47617530822754
1203 29.47617721557617
1204 29.47617530822754
1205 29.47617721557617
1206 29.47617530822754
1207 29.47617721557617
1208 29.47617721557617
1209 29.47617721557617
1210 29.47617721557617
1211 29.47617530822754
1212 29.47617721557617
1213 29.47617721557617
1214 29.47617530822754
1215 29.47617721557617
1216 29.47617530822754
1217 29.47617530822754
1218 29.47617530822754
1219 29.47617530822754
1220 29.47617721557617
1221 29.47617530822754
1222 29.47617530822754
1223 29.47617721557617
1224 29.47617721557617
1225 29.47617340087891
1226 29.47617530822754
1227 29.47617530822754
1228 29.47617149353027
1229 29.47617340087891
1230 29.47617149353027
1231 29.47617340087891
1232 29.47617530822754
1233 29.47617530822754
1234 29.47617149353027
1235 29.47617340087891
1236 29.47617530822754
1237 29.47617149353027
1238 29.47617340087891
1239 29.47617530822754
1240 29.47617149353027
1241 29.47617340087891
1242 29.47617149353027
1243 29.47617340087891
1244 29.47617340087891
1245 29.47617149353027
1246 29.47617340087891
1247 29.47617340087891
1248 29.47617530822754
1249 29.47617149353027
1250 29.47617340087891
1251 29.47617149353027
1252 29.47617340087891
1253 29.47617340087891
1254 29.47617149353027
1255 29.47617340087891
1256 29.47617149353027
1257 29.47617340087891
1258 29.47616958618164
1259 29.47617149353027
1260 29.47616958618164
1261 29.47617149353027
1262 29.47617340087891
1263 29.47617340087891
1264 29.47616958618164
1265 29.47617149353027
1266 29.47617340087891
1267 29.47616958618164
1268 29.47617149353027
1269 29.47616958618164
1270 29.47617149353027
1271 29.47617340087891
1272 29.47617340087891
1273 29.47617149353027
1274 29.47617340087891
1275 29.47617340087891
1276 29.47617340087891
1277 29.47617149353027
1278 29.47617340087891
1279 29.47617340087891
1280 29.47617149353027
1281 29.47617340087891
1282 29.47617340087891
1283 29.47617149353027
1284 29.47617340087891
1285 29.47617340087891
1286 29.47617149353027
1287 29.47617340087891
1288 29.47617340087891
1289 29.47617340087891
1290 29.47617149353027
1291 29.47617340087891
1292 29.47617340087891
1293 29.47617149353027
1294 29.47617149353027
1295 29.47617149353027
1296 29.47617149353027
1297 29.47616958618164
1298 29.47617149353027
1299 29.47616958618164
1300 29.47617149353027
1301 29.47617149353027
1302 29.47617149353027
1303 29.47617149353027
1304 29.47617149353027
1305 29.47616767883301
1306 29.47616958618164
1307 29.47617149353027
1308 29.47616767883301
1309 29.47616958618164
1310 29.47616767883301
1311 29.47616958618164
1312 29.47617149353027
1313 29.47616767883301
1314 29.47616958618164
1315 29.47617149353027
1316 29.47616767883301
1317 29.47616958618164
1318 29.47617149353027
1319 29.47617149353027
1320 29.47616958618164
1321 29.47617149353027
1322 29.47617149353027
1323 29.47616958618164
1324 29.47617149353027
1325 29.47617149353027
1326 29.47616958618164
1327 29.47617149353027
1328 29.47617149353027
1329 29.47616958618164
1330 29.47617149353027
1331 29.47617149353027
1332 29.47617149353027
1333 29.47616958618164
1334 29.47617149353027
1335 29.47617149353027
1336 29.47616958618164
1337 29.47616958618164
1338 29.47616958618164
1339 29.47616958618164
1340 29.47617149353027
1341 29.47617149353027
1342 29.47616958618164
1343 29.47616958618164
1344 29.47617149353027
1345 29.47616958618164
1346 29.47616958618164
1347 29.47617149353027
1348 29.47616958618164
1349 29.47616958618164
1350 29.47616767883301
1351 29.47616958618164
1352 29.47616767883301
1353 29.47616958618164
1354 29.47616958618164
1355 29.47616767883301
1356 29.47616958618164
1357 29.47616958618164
1358 29.47616767883301
1359 29.47616958618164
1360 29.47616958618164
1361 29.47616958618164
1362 29.47616767883301
1363 29.47616958618164
1364 29.47616767883301
1365 29.47616958618164
1366 29.47616958618164
1367 29.47616767883301
1368 29.47616958618164
1369 29.47616958618164
1370 29.47616958618164
1371 29.47616767883301
1372 29.47616958618164
1373 29.47616958618164
1374 29.47616958618164
1375 29.47616767883301
1376 29.47616958618164
1377 29.47616958618164
1378 29.47616767883301
1379 29.47616958618164
1380 29.47616958618164
1381 29.47616958618164
1382 29.47616767883301
1383 29.47616958618164
1384 29.47616958618164
1385 29.47616767883301
1386 29.47616958618164
1387 29.47616958618164
1388 29.47616767883301
1389 29.47616958618164
1390 29.47616767883301
1391 29.47616767883301
1392 29.47616958618164
1393 29.47616767883301
1394 29.47616767883301
1395 29.47616958618164
1396 29.47616767883301
1397 29.47616767883301
1398 29.47616958618164
1399 29.47616767883301
1400 29.47616767883301
1401 29.47616958618164
1402 29.47616767883301
1403 29.47616767883301
1404 29.47616767883301
1405 29.47616767883301
1406 29.47616767883301
1407 29.47616767883301
1408 29.47616767883301
1409 29.47616767883301
1410 29.47616767883301
1411 29.47616767883301
1412 29.47616767883301
1413 29.47616958618164
1414 29.47616958618164
1415 29.47616767883301
1416 29.47616767883301
1417 29.47616767883301
1418 29.47616767883301
1419 29.47616767883301
1420 29.47616767883301
1421 29.47616767883301
1422 29.47616767883301
1423 29.47616767883301
1424 29.47616767883301
1425 29.47616958618164
1426 29.47616767883301
1427 29.47616767883301
1428 29.47616767883301
1429 29.47616767883301
1430 29.47616767883301
1431 29.47616767883301
1432 29.47616577148438
1433 29.47616767883301
1434 29.47616767883301
1435 29.47616767883301
1436 29.47616577148438
1437 29.47616767883301
1438 29.47616767883301
1439 29.47616767883301
1440 29.47616577148438
1441 29.47616767883301
1442 29.47616767883301
1443 29.47616577148438
1444 29.47616767883301
1445 29.47616577148438
1446 29.47616767883301
1447 29.47616767883301
1448 29.47616577148438
1449 29.47616767883301
1450 29.47616767883301
1451 29.47616767883301
1452 29.47616577148438
1453 29.47616767883301
1454 29.47616767883301
1455 29.47616767883301
1456 29.47616577148438
1457 29.47616767883301
1458 29.47616577148438
1459 29.47616767883301
1460 29.47616767883301
1461 29.47616577148438
1462 29.47616767883301
1463 29.47616767883301
1464 29.47616767883301
1465 29.47616767883301
1466 29.47616577148438
1467 29.47616767883301
1468 29.47616767883301
1469 29.47616767883301
1470 29.47616577148438
1471 29.47616767883301
1472 29.47616767883301
1473 29.47616577148438
1474 29.47616767883301
1475 29.47616767883301
1476 29.47616767883301
1477 29.47616577148438
1478 29.47616767883301
1479 29.47616767883301
1480 29.47616767883301
1481 29.47616767883301
1482 29.47616577148438
1483 29.47616767883301
1484 29.47616767883301
1485 29.47616577148438
1486 29.47616577148438
1487 29.47616577148438
1488 29.47616577148438
1489 29.47616767883301
1490 29.47616767883301
1491 29.47616767883301
1492 29.47616577148438
1493 29.47616577148438
1494 29.47616767883301
1495 29.47616767883301
1496 29.47616577148438
1497 29.47616577148438
1498 29.47616577148438
1499 29.47616577148438
1500 29.47616577148438
1501 29.47616577148438
1502 29.47616577148438
1503 29.47616577148438
1504 29.47616767883301
1505 29.47616767883301
1506 29.47616767883301
1507 29.47616577148438
1508 29.47616577148438
1509 29.47616767883301
1510 29.47616577148438
1511 29.47616577148438
1512 29.47616577148438
1513 29.47616577148438
1514 29.47616577148438
1515 29.47616577148438
1516 29.47616767883301
1517 29.47616767883301
1518 29.47616577148438
1519 29.47616577148438
1520 29.47616577148438
1521 29.47616767883301
1522 29.47616767883301
1523 29.47616577148438
1524 29.47616577148438
1525 29.47616386413574
1526 29.47616577148438
1527 29.47616577148438
1528 29.47616577148438
1529 29.47616577148438
1530 29.47616577148438
1531 29.47616577148438
1532 29.47616577148438
1533 29.47616767883301
1534 29.47616767883301
1535 29.47616577148438
1536 29.47616577148438
1537 29.47616577148438
1538 29.47616386413574
1539 29.47616577148438
1540 29.47616386413574
1541 29.47616577148438
1542 29.47616577148438
1543 29.47616577148438
1544 29.47616577148438
1545 29.47616577148438
1546 29.47616767883301
1547 29.47616767883301
1548 29.47616577148438
1549 29.47616577148438
1550 29.47616577148438
1551 29.47616386413574
1552 29.47616577148438
1553 29.47616386413574
1554 29.47616577148438
1555 29.47616577148438
1556 29.47616577148438
1557 29.47616577148438
1558 29.47616577148438
1559 29.47616577148438
1560 29.47616577148438
1561 29.47616767883301
1562 29.47616195678711
1563 29.47616386413574
1564 29.47616577148438
1565 29.47616195678711
1566 29.47616386413574
1567 29.47616577148438
1568 29.47616577148438
1569 29.47616577148438
1570 29.47616195678711
1571 29.47616386413574
1572 29.47616577148438
1573 29.47616577148438
1574 29.47616577148438
1575 29.47616577148438
1576 29.47616195678711
1577 29.47616386413574
1578 29.47616577148438
1579 29.47616195678711
1580 29.47616386413574
1581 29.47616577148438
1582 29.47616577148438
1583 29.47616577148438
1584 29.47616195678711
1585 29.47616386413574
1586 29.47616577148438
1587 29.47616577148438
1588 29.47616577148438
1589 29.47616577148438
1590 29.47616386413574
1591 29.47616577148438
1592 29.47616577148438
1593 29.47616386413574
1594 29.47616577148438
1595 29.47616577148438
1596 29.47616577148438
1597 29.47616577148438
1598 29.47616386413574
1599 29.47616577148438
1600 29.47616577148438
1601 29.47616577148438
1602 29.47616577148438
1603 29.47616386413574
1604 29.47616577148438
1605 29.47616577148438
1606 29.47616386413574
1607 29.47616577148438
1608 29.47616577148438
1609 29.47616577148438
1610 29.47616386413574
1611 29.47616577148438
1612 29.47616577148438
1613 29.47616577148438
1614 29.47616577148438
1615 29.47616386413574
1616 29.47616577148438
1617 29.47616577148438
1618 29.47616577148438
1619 29.47616386413574
1620 29.47616577148438
1621 29.47616577148438
1622 29.47616386413574
1623 29.47616577148438
1624 29.47616577148438
1625 29.47616577148438
1626 29.47616577148438
1627 29.47616386413574
1628 29.47616577148438
1629 29.47616577148438
1630 29.47616577148438
1631 29.47616577148438
1632 29.47616386413574
1633 29.47616577148438
1634 29.47616577148438
1635 29.47616577148438
1636 29.47616386413574
1637 29.47616577148438
1638 29.47616577148438
1639 29.47616577148438
1640 29.47616577148438
1641 29.47616386413574
1642 29.47616577148438
1643 29.47616577148438
1644 29.47616577148438
1645 29.47616577148438
1646 29.47616386413574
1647 29.47616577148438
1648 29.47616577148438
1649 29.47616577148438
1650 29.47616386413574
1651 29.47616386413574
1652 29.47616577148438
1653 29.47616577148438
1654 29.47616577148438
1655 29.47616386413574
1656 29.47616386413574
1657 29.47616577148438
1658 29.47616386413574
1659 29.47616386413574
1660 29.47616577148438
1661 29.47616577148438
1662 29.47616386413574
1663 29.47616386413574
1664 29.47616577148438
1665 29.47616577148438
1666 29.47616577148438
1667 29.47616386413574
1668 29.47616386413574
1669 29.47616577148438
1670 29.47616577148438
1671 29.47616577148438
1672 29.47616386413574
1673 29.47616386413574
1674 29.47616577148438
1675 29.47616577148438
1676 29.47616386413574
1677 29.47616386413574
1678 29.47616577148438
1679 29.47616577148438
1680 29.47616577148438
1681 29.47616577148438
1682 29.47616577148438
1683 29.47616386413574
1684 29.47616386413574
1685 29.47616577148438
1686 29.47616577148438
1687 29.47616577148438
1688 29.47616386413574
1689 29.47616386413574
1690 29.47616577148438
1691 29.47616577148438
1692 29.47616577148438
1693 29.47616577148438
1694 29.47616386413574
1695 29.47616386413574
1696 29.47616577148438
1697 29.47616577148438
1698 29.47616577148438
1699 29.47616386413574
1700 29.47616386413574
1701 29.47616386413574
1702 29.47616577148438
1703 29.47616577148438
1704 29.47616386413574
1705 29.47616386413574
1706 29.47616386413574
1707 29.47616577148438
1708 29.47616386413574
1709 29.47616386413574
1710 29.47616386413574
1711 29.47616577148438
1712 29.47616386413574
1713 29.47616386413574
1714 29.47616386413574
1715 29.47616577148438
1716 29.47616386413574
1717 29.47616386413574
1718 29.47616386413574
1719 29.47616577148438
1720 29.47616577148438
1721 29.47616386413574
1722 29.47616386413574
1723 29.47616386413574
1724 29.47616577148438
1725 29.47616577148438
1726 29.47616386413574
1727 29.47616386413574
1728 29.47616386413574
1729 29.47616577148438
1730 29.47616577148438
1731 29.47616577148438
1732 29.47616386413574
1733 29.47616386413574
1734 29.47616386413574
1735 29.47616386413574
1736 29.47616577148438
1737 29.47616577148438
1738 29.47616386413574
1739 29.47616386413574
1740 29.47616386413574
1741 29.47616386413574
1742 29.47616577148438
1743 29.47616386413574
1744 29.47616386413574
1745 29.47616386413574
1746 29.47616386413574
1747 29.47616577148438
1748 29.47616386413574
1749 29.47616386413574
1750 29.47616386413574
1751 29.47616386413574
1752 29.47616577148438
1753 29.47616386413574
1754 29.47616386413574
1755 29.47616386413574
1756 29.47616386413574
1757 29.47616386413574
1758 29.47616386413574
1759 29.47616386413574
1760 29.47616386413574
1761 29.47616386413574
1762 29.47616386413574
1763 29.47616386413574
1764 29.47616386413574
1765 29.47616386413574
1766 29.47616386413574
1767 29.47616386413574
1768 29.47616386413574
1769 29.47616386413574
1770 29.47616386413574
1771 29.47616386413574
1772 29.47616386413574
1773 29.47616577148438
1774 29.47616386413574
1775 29.47616386413574
1776 29.47616386413574
1777 29.47616386413574
1778 29.47616386413574
1779 29.47616386413574
1780 29.47616386413574
1781 29.47616386413574
1782 29.47616386413574
1783 29.47616386413574
1784 29.47616386413574
1785 29.47616386413574
1786 29.47616386413574
1787 29.47616386413574
1788 29.47616386413574
1789 29.47616386413574
1790 29.47616386413574
1791 29.47616386413574
1792 29.47616386413574
1793 29.47616386413574
1794 29.47616386413574
1795 29.47616386413574
1796 29.47616386413574
1797 29.47616386413574
1798 29.47616386413574
1799 29.47616386413574
1800 29.47616386413574
1801 29.47616386413574
1802 29.47616386413574
1803 29.47616386413574
1804 29.47616386413574
1805 29.47616386413574
1806 29.47616386413574
1807 29.47616386413574
1808 29.47616386413574
1809 29.47616386413574
1810 29.47616386413574
1811 29.47616386413574
1812 29.47616386413574
1813 29.47616386413574
1814 29.47616386413574
1815 29.47616386413574
1816 29.47616386413574
1817 29.47616386413574
1818 29.47616386413574
1819 29.47616386413574
1820 29.47616386413574
1821 29.47616386413574
1822 29.47616386413574
1823 29.47616386413574
1824 29.47616386413574
1825 29.47616386413574
1826 29.47616386413574
1827 29.47616386413574
1828 29.47616386413574
1829 29.47616386413574
1830 29.47616386413574
1831 29.47616386413574
1832 29.47616386413574
1833 29.47616386413574
1834 29.47616386413574
1835 29.47616386413574
1836 29.47616386413574
1837 29.47616386413574
1838 29.47616386413574
1839 29.47616386413574
1840 29.47616386413574
1841 29.47616386413574
1842 29.47616386413574
1843 29.47616386413574
1844 29.47616386413574
1845 29.47616386413574
1846 29.47616386413574
1847 29.47616386413574
1848 29.47616386413574
1849 29.47616386413574
1850 29.47616386413574
1851 29.47616386413574
1852 29.47616386413574
1853 29.47616386413574
1854 29.47616386413574
1855 29.47616386413574
1856 29.47616386413574
1857 29.47616386413574
1858 29.47616386413574
1859 29.47616386413574
1860 29.47616386413574
1861 29.47616386413574
1862 29.47616386413574
1863 29.47616386413574
1864 29.47616386413574
1865 29.47616386413574
1866 29.47616386413574
1867 29.47616386413574
1868 29.47616386413574
1869 29.47616386413574
1870 29.47616386413574
1871 29.47616386413574
1872 29.47616386413574
1873 29.47616386413574
1874 29.47616386413574
1875 29.47616386413574
1876 29.47616386413574
1877 29.47616386413574
1878 29.47616386413574
1879 29.47616386413574
1880 29.47616386413574
1881 29.47616386413574
1882 29.47616386413574
1883 29.47616386413574
1884 29.47616386413574
1885 29.47616386413574
1886 29.47616386413574
1887 29.47616386413574
1888 29.47616386413574
1889 29.47616386413574
1890 29.47616386413574
1891 29.47616386413574
1892 29.47616386413574
1893 29.47616386413574
1894 29.47616386413574
1895 29.47616386413574
1896 29.47616386413574
1897 29.47616386413574
1898 29.47616386413574
1899 29.47616386413574
1900 29.47616386413574
1901 29.47616386413574
1902 29.47616386413574
1903 29.47616386413574
1904 29.47616386413574
1905 29.47616386413574
1906 29.47616386413574
1907 29.47616386413574
1908 29.47616386413574
1909 29.47616386413574
1910 29.47616386413574
1911 29.47616386413574
1912 29.47616386413574
1913 29.47616386413574
1914 29.47616386413574
1915 29.47616386413574
1916 29.47616386413574
1917 29.47616386413574
1918 29.47616386413574
1919 29.47616386413574
1920 29.47616386413574
1921 29.47616386413574
1922 29.47616386413574
1923 29.47616386413574
1924 29.47616386413574
1925 29.47616386413574
1926 29.47616386413574
1927 29.47616386413574
1928 29.47616386413574
1929 29.47616386413574
1930 29.47616386413574
1931 29.47616386413574
1932 29.47616386413574
1933 29.47616386413574
1934 29.47616386413574
1935 29.47616386413574
1936 29.47616386413574
1937 29.47616386413574
1938 29.47616386413574
1939 29.47616386413574
1940 29.47616386413574
1941 29.47616386413574
1942 29.47616386413574
1943 29.47616386413574
1944 29.47616386413574
1945 29.47616386413574
1946 29.47616386413574
1947 29.47616386413574
1948 29.47616386413574
1949 29.47616386413574
1950 29.47616386413574
1951 29.47616386413574
1952 29.47616386413574
1953 29.47616386413574
1954 29.47616386413574
1955 29.47616386413574
1956 29.47616386413574
1957 29.47616386413574
1958 29.47616386413574
1959 29.47616386413574
1960 29.47616386413574
1961 29.47616386413574
1962 29.47616386413574
1963 29.47616386413574
1964 29.47616386413574
1965 29.47616386413574
1966 29.47616386413574
1967 29.47616386413574
1968 29.47616386413574
1969 29.47616386413574
1970 29.47616386413574
1971 29.47616386413574
1972 29.47616386413574
1973 29.47616386413574
1974 29.47616386413574
1975 29.47616386413574
1976 29.47616386413574
1977 29.47616386413574
1978 29.47616386413574
1979 29.47616386413574
1980 29.47616386413574
1981 29.47616386413574
1982 29.47616386413574
1983 29.47616386413574
1984 29.47616386413574
1985 29.47616386413574
1986 29.47616386413574
1987 29.47616386413574
1988 29.47616386413574
1989 29.47616386413574
1990 29.47616386413574
1991 29.47616386413574
1992 29.47616386413574
1993 29.47616386413574
1994 29.47616386413574
1995 29.47616386413574
1996 29.47616386413574
1997 29.47616386413574
1998 29.47616386413574
1999 29.47616386413574
2000 29.47616386413574
