(title "Static Temperature")
(labels "Position" "Static Temperature")

((xy/key/label "axis")
-0.01	300.12
-0.00996848	300.12
-0.00993696	300.12
-0.00990545	300.118
-0.00987393	300.113
-0.00981089	300.097
-0.00974786	300.076
-0.00962179	300.025
-0.00949571	299.972
-0.00936964	299.918
-0.00924357	299.866
-0.0091175	299.818
-0.00899143	299.775
-0.00886536	299.739
-0.00873929	299.707
-0.00861321	299.682
-0.00848714	299.661
-0.00836107	299.645
-0.008235	299.633
-0.00810893	299.625
-0.00798286	299.619
-0.00785679	299.617
-0.00773071	299.619
-0.00760464	299.625
-0.00747857	299.635
-0.0073525	299.649
-0.00722643	299.669
-0.00710036	299.694
-0.00697429	299.725
-0.00684821	299.76
-0.00672214	299.801
-0.00659607	299.846
-0.00647	299.895
-0.00633636	299.948
-0.00620273	300
-0.00606909	300.047
-0.00593545	300.082
-0.00580182	300.098
-0.00566818	300.09
-0.00553455	300.051
-0.00540091	299.97
-0.00526727	299.84
-0.00513364	299.656
-0.005	299.413
-0.00486636	299.106
-0.00473273	298.733
-0.00459909	298.294
-0.00446545	297.788
-0.00433182	297.216
-0.00419818	296.577
-0.00406455	295.875
-0.00393091	295.111
-0.00379727	294.288
-0.00366364	293.406
-0.00353	292.469
-0.00340393	291.537
-0.00327786	290.561
-0.00315179	289.543
-0.00302571	288.486
-0.00289964	287.395
-0.00277357	286.271
-0.0026475	285.119
-0.00252143	283.943
-0.00239536	282.747
-0.00226929	281.536
-0.00214321	280.314
-0.00201714	279.087
-0.00189107	277.859
-0.001765	276.638
-0.00163893	275.427
-0.00151286	274.234
-0.00138679	273.065
-0.00126071	271.925
-0.00113464	270.821
-0.00100857	269.759
-0.0008825	268.744
-0.000756428	267.783
-0.000630357	266.879
-0.000504286	266.039
-0.000378214	265.266
-0.000252143	264.563
-0.000126071	263.931
1.52316e-10	263.373
0.000138276	262.847
0.000276552	262.404
0.000414827	262.039
0.000553103	261.744
0.000691379	261.511
0.000829655	261.329
0.00096793	261.187
0.00110621	261.073
0.00124448	260.976
0.00138276	260.885
0.00152103	260.789
0.00165931	260.678
0.00179758	260.543
0.00193586	260.377
0.00207414	260.173
0.00221241	259.923
0.00235069	259.625
0.00248896	259.272
0.00262724	258.861
0.00276552	258.39
0.00290379	257.856
0.00304207	257.256
0.00318034	256.59
0.00331862	255.857
0.00345689	255.055
0.00359517	254.185
0.00373345	253.248
0.00387172	252.243
0.00401	251.171
0.00414827	250.034
0.00428655	248.833
0.00442482	247.569
0.0045631	246.246
0.00470138	244.865
0.00483965	243.43
0.00497793	241.944
0.0051162	240.409
0.00525448	238.831
0.00539275	237.214
0.00553103	235.569
0.00566931	233.904
0.00580758	232.238
0.00594586	230.592
0.00608413	228.999
0.00622241	227.5
0.00636068	226.145
0.00649896	224.984
0.00663724	224.056
0.00677551	223.379
0.00691379	222.932
0.00705206	222.652
0.00719034	222.44
0.00732861	222.19
0.00746689	221.813
0.00760517	221.25
0.00774344	220.486
0.00788172	219.543
0.00801999	218.468
0.00815827	217.31
0.00829654	216.112
0.00843482	214.907
0.00843482	214.907
0.0085731	213.712
0.00871137	212.538
0.00884965	211.387
0.00898792	210.26
0.0091262	209.153
0.00926447	208.064
0.00940275	206.988
0.00954103	205.922
0.0096793	204.864
0.00981758	203.809
0.00995585	202.755
0.0100941	201.7
0.0102324	200.643
0.0103707	199.583
0.010509	198.521
0.0106472	197.457
0.0107855	196.393
0.0109238	195.331
0.0110621	194.273
0.0112003	193.222
0.0113386	192.179
0.0114769	191.145
0.0116152	190.122
0.0117534	189.11
0.0118917	188.108
0.01203	187.115
0.0121683	186.128
0.0123065	185.149
0.0124448	184.174
0.0125831	183.205
0.0127214	182.243
0.0128596	181.289
0.0129979	180.347
0.0131362	179.42
0.0132745	178.511
0.0134127	177.623
0.013551	176.757
0.0136893	175.914
0.0138276	175.093
0.0139659	174.293
0.0141041	173.51
0.0142424	172.741
0.0143807	171.98
0.014519	171.224
0.0146572	170.468
0.0147955	169.71
0.0149338	168.947
0.0150721	168.178
0.0152103	167.404
0.0153486	166.624
0.0154869	165.84
0.0156252	165.056
0.0157634	164.273
0.0159017	163.493
0.01604	162.721
0.0161783	161.957
0.0163165	161.204
0.0164548	160.463
0.0165931	159.737
0.0167314	159.025
0.0168696	158.329
0.0170079	157.648
0.0171462	156.982
0.0172845	156.331
0.0174227	155.695
0.017561	155.073
0.0176993	154.463
0.0178376	153.866
0.0179758	153.28
0.0181141	152.704
0.0182524	152.137
0.0183907	151.578
0.0185289	151.027
0.0186672	150.483
0.0188055	149.945
0.0189438	149.412
0.0190821	148.884
0.0192203	148.362
0.0193586	147.844
0.0194969	147.331
0.0196352	146.822
0.0197734	146.319
0.0199117	145.821
0.02005	145.329
0.0201883	144.842
0.0203265	144.361
0.0204648	143.887
0.0206031	143.418
0.0207414	142.956
0.0208796	142.5
0.0210179	142.051
0.0211562	141.607
0.0212945	141.17
0.0214327	140.738
0.021571	140.311
0.0217093	139.89
0.0218476	139.474
0.0219858	139.063
0.0221241	138.656
0.0222624	138.254
0.0224007	137.856
0.0225389	137.463
0.0226772	137.074
0.0228155	136.69
0.0229538	136.311
0.0230921	135.937
0.0232303	135.568
0.0233686	135.205
0.0235069	134.847
0.0236452	134.496
0.0237834	134.151
0.0239217	133.812
0.02406	133.48
0.0241983	133.154
0.0243365	132.835
0.0244748	132.523
0.0246131	132.218
0.0247514	131.919
0.0248896	131.627
0.0250279	131.34
0.0251662	131.06
0.0253045	130.785
0.0254427	130.516
0.025581	130.252
0.0257193	129.993
0.0258576	129.739
0.0259958	129.489
0.0261341	129.244
0.0262724	129.003
0.0264107	128.766
0.0265489	128.533
0.0266872	128.304
0.0268255	128.08
0.0269638	127.859
0.027102	127.643
0.0272403	127.431
0.0273786	127.224
0.0275169	127.021
0.0275169	127.021
0.0276551	126.822
0.0277934	126.629
0.0279317	126.44
0.02807	126.256
0.0282083	126.077
0.0283465	125.904
0.0284848	125.735
0.0286231	125.571
0.0287614	125.413
0.0288996	125.26
0.0290379	125.112
0.0291762	124.968
0.0293145	124.83
0.0294527	124.696
0.029591	124.567
0.0297293	124.443
0.0298676	124.323
0.0300058	124.207
0.0301441	124.096
0.0302824	123.988
0.0304207	123.884
0.0305589	123.784
0.0306972	123.687
0.0308355	123.594
0.0309738	123.505
0.031112	123.418
0.0312503	123.335
0.0313886	123.256
0.0315269	123.179
0.0316651	123.106
0.0318034	123.036
0.0319417	122.969
0.03208	122.905
0.0322182	122.845
0.0323565	122.788
0.0324948	122.733
0.0326331	122.682
0.0327714	122.635
0.0329096	122.59
0.0330479	122.548
0.0331862	122.508
0.0333245	122.472
0.0334627	122.438
0.033601	122.406
0.0337393	122.377
0.0338776	122.349
0.0340158	122.323
0.0341541	122.298
0.0342924	122.273
0.0344307	122.25
0.0345689	122.227
0.0347072	122.204
0.0348455	122.18
0.0349838	122.156
0.035122	122.131
0.0352603	122.104
0.0353986	122.076
0.0355369	122.045
0.0356751	122.013
0.0358134	121.977
0.0359517	121.939
0.03609	121.897
0.0362282	121.853
0.0363665	121.804
0.0365048	121.752
0.0366431	121.696
0.0367813	121.636
0.0369196	121.572
0.0370579	121.503
0.0371962	121.43
0.0373344	121.352
0.0374727	121.269
0.037611	121.182
0.0377493	121.091
0.0378876	120.995
0.0380258	120.894
0.0381641	120.789
0.0383024	120.679
0.0384407	120.564
0.0385789	120.446
0.0387172	120.323
0.0388555	120.195
0.0389938	120.064
0.039132	119.928
0.0392703	119.789
0.0394086	119.645
0.0395469	119.498
0.0396851	119.348
0.0398234	119.193
0.0399617	119.035
0.0401	118.874
0.0402382	118.71
0.0403765	118.542
0.0405148	118.372
0.0406531	118.198
0.0407913	118.021
0.0409296	117.842
0.0410679	117.66
0.0412062	117.475
0.0413444	117.287
0.0414827	117.097
0.041621	116.905
0.0417684	116.697
0.0419161	116.486
0.042064	116.272
0.0422122	116.055
0.0423606	115.835
0.0425092	115.613
0.0426581	115.387
0.0428072	115.159
0.0429565	114.928
0.0431061	114.694
0.043256	114.457
0.043406	114.217
0.0435563	113.974
0.0437069	113.729
0.0438577	113.481
0.0440087	113.231
0.04416	112.977
0.0443115	112.722
0.0444632	112.464
0.0446152	112.203
0.0447675	111.94
0.0449199	111.675
0.0450727	111.408
0.0452257	111.138
0.0453789	110.867
0.0455323	110.594
0.045686	110.319
0.04584	110.042
0.0459942	109.764
0.0461487	109.484
0.0463034	109.202
0.0464583	108.919
0.0466135	108.635
0.0467689	108.35
0.0469246	108.064
0.0470806	107.777
0.0472368	107.488
0.0473932	107.199
0.0475499	106.91
0.0477068	106.619
0.047864	106.328
0.0480215	106.037
0.0481792	105.745
0.0483371	105.452
0.0484953	105.16
0.0486538	104.867
0.0488125	104.574
0.0489715	104.281
0.0491307	103.988
0.0492902	103.695
0.0494499	103.403
0.0496099	103.11
0.0497701	102.818
0.0499306	102.526
0.0500914	102.235
0.0502524	101.944
0.0504137	101.654
0.0505752	101.364
0.050737	101.075
0.050899	100.787
0.0510613	100.5
0.0512239	100.213
0.0512239	100.213
0.0513867	99.9278
0.0515498	99.6432
0.0517132	99.3596
0.0518768	99.077
0.0520407	98.7955
0.0522048	98.5151
0.0523692	98.2359
0.0525339	97.9579
0.0526988	97.6812
0.052864	97.4058
0.0530294	97.1318
0.0531952	96.8593
0.0533612	96.5884
0.0535274	96.3192
0.0536939	96.0518
0.0538607	95.7865
0.0540278	95.5235
0.0541951	95.263
0.0543627	95.0052
0.0545305	94.7507
0.0546987	94.4996
0.054867	94.2526
0.0550357	94.0099
0.0552046	93.7722
0.0553739	93.5401
0.0555433	93.3143
0.0557131	93.0954
0.0558831	92.8842
0.0560534	92.6815
0.056224	92.488
0.0563948	92.3046
0.0565659	92.1317
0.0567373	91.9701
0.056909	91.8205
0.0570809	91.6835
0.0572531	91.5596
0.0574256	91.4495
0.0575983	91.3535
0.0577714	91.2719
0.0579447	91.2049
0.0581183	91.1523
0.0582922	91.1141
0.0584663	91.0899
0.0586408	91.0796
0.0588155	91.0826
0.0589905	91.0989
0.0591657	91.1282
0.0593413	91.1705
0.0595171	91.2256
0.0596932	91.2935
0.0598696	91.3739
0.0600463	91.4668
0.0602233	91.5721
0.0604005	91.6902
0.060578	91.8215
0.0607558	91.9668
0.0609339	92.1273
0.0611123	92.3046
0.061291	92.5005
0.0614699	92.7172
0.0616492	92.9576
0.0618287	93.225
0.0620085	93.5232
0.0621886	93.8563
0.062369	94.2286
0.0625497	94.6444
0.0627307	95.1082
0.062912	95.624
0.0630935	96.1958
0.0632753	96.8267
0.0634575	97.5195
0.0636399	98.2763
0.0638226	99.0987
0.0640056	99.9855
0.0641889	100.932
0.0643725	101.933
0.0645564	102.981
0.0647406	104.067
0.0649251	105.182
0.0651099	106.314
0.065295	107.452
0.0654803	108.583
0.065666	109.694
0.0658519	110.773
0.0660382	111.809
0.0662248	112.792
0.0664116	113.719
0.0665988	114.58
0.0667862	115.368
0.066974	116.074
0.0671621	116.695
0.0673504	117.227
0.0675391	117.673
0.0677281	118.035
0.0679173	118.32
0.0681069	118.536
0.0682968	118.693
0.0684869	118.803
0.0686774	118.877
0.0688682	118.925
0.0690593	118.955
0.0692507	118.975
0.0694424	118.99
0.0696344	119.002
0.0698267	119.013
0.0700194	119.024
0.0702123	119.039
0.0704056	119.058
0.0705991	119.082
0.070793	119.111
0.0709872	119.145
0.0711816	119.186
0.0713765	119.232
0.0715716	119.287
0.071767	119.35
0.071767	119.35
0.0719627	119.42
0.0721588	119.498
0.0723551	119.584
0.0725518	119.676
0.0727488	119.774
0.0729461	119.879
0.0731438	119.989
0.0733417	120.104
0.0735399	120.225
0.0737385	120.35
0.0739374	120.481
0.0741366	120.616
0.0743362	120.755
0.074536	120.9
0.0747362	121.05
0.0749367	121.205
0.0751375	121.365
0.0753386	121.53
0.0755401	121.7
0.0757419	121.873
0.075944	122.051
0.0761464	122.231
0.0763492	122.414
0.0765522	122.598
0.0767557	122.784
0.0769594	122.97
0.0771634	123.155
0.0773678	123.338
0.0775725	123.52
0.0777776	123.698
0.0779829	123.873
0.0781886	124.043
0.0783947	124.208
0.078601	124.368
0.0788077	124.522
0.0790147	124.67
0.0792221	124.811
0.0794297	124.946
0.0796377	125.074
0.0798461	125.195
0.0800548	125.308
0.0802638	125.414
0.0804731	125.513
0.0806828	125.605
0.0808928	125.689
0.0811032	125.765
0.0813139	125.833
0.0815249	125.894
0.0817363	125.947
0.081948	125.991
0.08216	126.028
0.0823724	126.057
0.0825851	126.078
0.0827982	126.09
0.0830116	126.095
0.0832254	126.092
0.0834395	126.081
0.0836539	126.062
0.0838687	126.035
0.0840838	125.999
0.0842993	125.955
0.0845151	125.903
0.0847313	125.843
0.0849478	125.774
0.0851646	125.697
0.0853818	125.613
0.0855994	125.52
0.0858172	125.419
0.0860355	125.31
0.0862541	125.193
0.086473	125.069
0.0866923	124.936
0.086912	124.796
0.087132	124.649
0.0873523	124.493
0.087573	124.33
0.0877941	124.16
0.0880155	123.982
0.0882373	123.796
0.0884594	123.603
0.0886819	123.402
0.0889047	123.194
0.0891279	122.978
0.0893514	122.754
0.0895753	122.523
0.0897996	122.284
0.0900242	122.037
0.0902492	121.782
0.0904746	121.52
0.0907003	121.25
0.0909263	120.971
0.0911528	120.685
0.0913796	120.391
0.0916067	120.088
0.0918342	119.777
0.0920621	119.459
0.0922904	119.132
0.092519	118.797
0.092748	118.455
0.0929773	118.106
0.093207	117.749
0.0934371	117.385
0.0936676	117.015
0.0938984	116.638
0.0941296	116.256
0.0943611	115.869
0.0945931	115.476
0.0948254	115.078
0.095058	114.676
0.0952911	114.269
0.0955245	113.858
0.0957583	113.443
0.0959925	113.023
0.096227	112.599
0.0964619	112.17
0.0966972	111.736
0.0969329	111.297
0.097169	110.852
0.0974054	110.401
0.0976422	109.943
0.0978794	109.478
0.098117	109.005
0.0983549	108.524
0.0985932	108.034
0.0988319	107.536
0.099071	107.028
0.0993105	106.511
0.0995504	105.985
0.0997906	105.45
0.100031	104.906
0.100272	104.353
0.100514	103.792
0.100755	103.224
0.100998	102.649
0.10124	102.068
0.101483	101.483
0.101726	100.895
0.10197	100.304
0.102214	99.7136
0.102214	99.7136
0.102459	99.1242
0.102704	98.5381
0.102949	97.9571
0.103195	97.3834
0.103441	96.8193
0.103687	96.2672
0.103934	95.7298
0.104181	95.2098
0.104429	94.7097
0.104677	94.2324
0.104926	93.7813
0.105174	93.3606
0.105424	92.9732
0.105673	92.6214
0.105923	92.3078
0.106174	92.0359
0.106425	91.8114
0.106676	91.639
0.106928	91.523
0.10718	91.4648
0.107432	91.4642
0.107685	91.5226
0.107938	91.6412
0.108192	91.8224
0.108446	92.068
0.108701	92.38
0.108956	92.7604
0.109211	93.2106
0.109467	93.7315
0.109723	94.3237
0.109979	94.9845
0.110236	95.7062
0.110494	96.4802
0.110751	97.2976
0.111009	98.1481
0.111268	99.0197
0.111527	99.8993
0.111787	100.773
0.112046	101.629
0.112307	102.454
0.112567	103.239
0.112828	103.978
0.11309	104.666
0.113352	105.298
0.113614	105.874
0.113877	106.396
0.11414	106.864
0.114404	107.285
0.114668	107.663
0.114932	108.007
0.115197	108.324
0.115462	108.622
0.115728	108.907
0.115994	109.187
0.116261	109.467
0.116528	109.751
0.116795	110.044
0.117063	110.348
0.117332	110.665
0.1176	110.998
0.117869	111.347
0.118139	111.711
0.118409	112.091
0.11868	112.484
0.11895	112.892
0.119222	113.311
0.119494	113.74
0.119766	114.177
0.120038	114.622
0.120311	115.072
0.120585	115.525
0.120859	115.981
0.121133	116.438
0.121408	116.895
0.121683	117.35
0.121959	117.802
0.122235	118.25
0.122512	118.693
0.122789	119.13
0.123066	119.559
0.123344	119.981
0.123623	120.394
0.123901	120.796
0.124181	121.189
0.12446	121.57
0.12474	121.939
0.125021	122.296
0.125302	122.64
0.125584	122.971
0.125866	123.288
0.126148	123.591
0.126431	123.88
0.126714	124.155
0.126998	124.414
0.127282	124.659
0.127567	124.888
0.127852	125.102
0.128137	125.301
0.128423	125.484
0.12871	125.651
0.128997	125.802
0.129284	125.937
0.129572	126.056
0.129861	126.159
0.130149	126.245
0.130439	126.314
0.130728	126.366
0.131019	126.4
0.131309	126.417
0.1316	126.416
0.131892	126.395
0.132184	126.354
0.132476	126.292
0.132769	126.207
0.133063	126.1
0.133357	125.97
0.133651	125.818
0.133946	125.644
0.134241	125.449
0.134537	125.233
0.134834	124.998
0.13513	124.744
0.135428	124.473
0.135725	124.186
0.136023	123.884
0.136322	123.568
0.136621	123.238
0.136921	122.897
0.137221	122.545
0.137522	122.183
0.137823	121.811
0.138124	121.431
0.138426	121.043
0.138729	120.647
0.139032	120.244
0.139335	119.834
0.139639	119.417
0.139944	118.994
0.140249	118.565
0.140554	118.128
0.14086	117.686
0.141166	117.236
0.141473	116.78
0.141781	116.317
0.142089	115.847
0.142397	115.37
0.142706	114.886
0.143015	114.395
0.143325	113.898
0.143636	113.394
0.143946	112.884
0.144258	112.369
0.14457	111.849
0.144882	111.326
0.145195	110.799
0.145508	110.27
0.145822	109.74
0.146137	109.21
0.146451	108.682
0.146767	108.156
0.147083	107.633
0.147399	107.116
0.147716	106.606
0.148033	106.103
0.148351	105.61
0.14867	105.127
0.148989	104.655
0.149308	104.197
0.149628	103.752
0.149948	103.324
0.150269	102.911
0.150591	102.517
0.150913	102.142
0.151235	101.786
0.151559	101.452
0.151882	101.14
0.152206	100.852
0.152531	100.588
0.152856	100.35
0.153181	100.139
0.153508	99.956
0.153834	99.8028
0.154162	99.6803
0.154489	99.5895
0.154818	99.5308
0.155146	99.5042
0.155476	99.5105
0.155805	99.5518
0.156136	99.6292
0.156467	99.7432
0.156798	99.8945
0.15713	100.084
0.157463	100.312
0.157796	100.579
0.158129	100.885
0.158463	101.23
0.158798	101.612
0.159133	102.031
0.159469	102.487
0.159805	102.977
0.160142	103.502
0.160479	104.059
0.160817	104.647
0.161155	105.265
0.161494	105.91
0.161834	106.579
0.162174	107.27
0.162514	107.98
0.162855	108.705
0.163197	109.442
0.163197	109.442
0.163539	110.187
0.163882	110.937
0.164225	111.687
0.164569	112.433
0.164913	113.173
0.165258	113.901
0.165604	114.616
0.16595	115.314
0.166297	115.991
0.166644	116.647
0.166991	117.278
0.16734	117.882
0.167689	118.459
0.168038	119.005
0.168388	119.521
0.168738	120.005
0.16909	120.456
0.169441	120.873
0.169793	121.257
0.170146	121.606
0.170499	121.921
0.170853	122.201
0.171208	122.447
0.171563	122.659
0.171918	122.837
0.172275	122.982
0.172631	123.093
0.172989	123.17
0.173347	123.216
0.173705	123.23
0.174064	123.214
0.174424	123.165
0.174784	123.086
0.175145	122.977
0.175506	122.841
0.175868	122.68
0.17623	122.494
0.176594	122.288
0.176957	122.062
0.177321	121.819
0.177686	121.56
0.178052	121.286
0.178418	120.999
0.178784	120.699
0.179151	120.389
0.179519	120.07
0.179888	119.744
0.180256	119.411
0.180626	119.072
0.180996	118.73
0.181367	118.384
0.181738	118.036
0.18211	117.685
0.182483	117.333
0.182856	116.98
0.183229	116.626
0.183604	116.271
0.183979	115.916
0.184354	115.56
0.18473	115.204
0.185107	114.849
0.185484	114.494
0.185862	114.14
0.186241	113.789
0.18662	113.44
0.186999	113.094
0.18738	112.752
0.187761	112.415
0.188142	112.083
0.188524	111.758
0.188907	111.44
0.189291	111.131
0.189675	110.83
0.190059	110.538
0.190444	110.256
0.19083	109.985
0.191217	109.726
0.191217	109.726
0.191604	109.479
0.191992	109.246
0.19238	109.027
0.192769	108.824
0.193158	108.638
0.193549	108.469
0.193939	108.318
0.194331	108.186
0.194723	108.074
0.195116	107.983
0.195509	107.914
0.195903	107.867
0.196298	107.842
0.196693	107.841
0.197089	107.865
0.197485	107.916
0.197882	107.995
0.19828	108.101
0.198678	108.234
0.199077	108.393
0.199477	108.578
0.199877	108.788
0.200278	109.023
0.20068	109.282
0.201082	109.564
0.201485	109.868
0.201889	110.191
0.202293	110.533
0.202698	110.892
0.203103	111.267
0.203509	111.656
0.203916	112.055
0.204324	112.46
0.204732	112.866
0.20514	113.271
0.20555	113.673
0.20596	114.069
0.20637	114.459
0.206782	114.841
0.207194	115.214
0.207607	115.57
0.20802	115.903
0.208434	116.209
0.208849	116.493
0.209264	116.761
0.20968	117.02
0.210097	117.272
0.210514	117.513
0.210932	117.739
0.211351	117.946
0.21177	118.136
0.21219	118.325
0.212611	118.525
0.213032	118.737
0.213454	118.956
0.213877	119.18
0.2143	119.407
0.214724	119.639
0.215149	119.879
0.215574	120.135
0.216	120.412
0.216427	120.718
0.216855	121.059
0.217283	121.442
0.217712	121.87
0.218141	122.349
0.218571	122.88
0.219002	123.465
0.219434	124.103
0.219866	124.793
0.220299	125.534
0.220733	126.325
0.221167	127.164
0.221602	128.05
0.222038	128.981
0.222475	129.956
0.222912	130.968
0.22335	132.009
0.223788	133.074
0.224227	134.155
0.224667	135.251
0.225108	136.361
0.225549	137.483
0.225992	138.611
0.226434	139.737
0.226878	140.86
0.227322	141.983
0.227767	143.105
0.228213	144.226
0.228659	145.347
0.229106	146.466
0.229554	147.584
0.230002	148.7
0.230452	149.813
0.230902	150.924
0.231352	152.033
0.231804	153.138
0.232256	154.241
0.232708	155.341
0.233162	156.438
0.233616	157.532
0.234071	158.622
0.234527	159.708
0.234984	160.79
0.235441	161.868
0.235899	162.94
0.236357	164.007
0.236817	165.066
0.237277	166.119
0.237738	167.163
0.238199	168.198
0.238662	169.223
0.239125	170.237
0.239589	171.241
0.240053	172.231
0.240519	173.209
0.240985	174.173
0.241451	175.123
0.241919	176.057
0.242387	176.975
0.242856	177.877
0.243326	178.763
0.243797	179.631
0.244268	180.481
0.24474	181.314
0.245213	182.13
0.245687	182.927
0.246161	183.707
0.246636	184.469
0.247112	185.214
0.247588	185.943
0.248066	186.654
0.248544	187.35
0.249023	188.031
0.249503	188.696
0.249983	189.347
0.250464	189.985
0.250946	190.61
0.251429	191.223
0.251913	191.825
0.252397	192.416
0.252882	192.997
0.253368	193.569
0.253855	194.133
0.254342	194.688
0.25483	195.237
0.255319	195.78
0.255809	196.317
0.2563	196.849
0.256791	197.376
0.257283	197.898
0.257776	198.417
0.25827	198.933
0.258764	199.445
0.259259	199.954
0.259756	200.461
0.260252	200.964
0.26075	201.466
0.261249	201.965
0.261748	202.461
0.262248	202.955
0.262749	203.446
0.26325	203.935
0.263753	204.42
0.264256	204.902
0.26476	205.381
0.265265	205.857
0.265771	206.328
0.266277	206.796
0.266785	207.26
0.267293	207.719
0.267802	208.174
0.268312	208.624
0.268822	209.069
0.269334	209.509
0.269846	209.944
0.270359	210.373
0.270873	210.798
0.270873	210.798
0.271388	211.217
0.271903	211.63
0.272419	212.038
0.272937	212.441
0.273455	212.839
0.273973	213.231
0.274493	213.618
0.275014	214
0.275535	214.377
0.276057	214.749
0.27658	215.117
0.277104	215.479
0.277629	215.838
0.278154	216.192
0.27868	216.541
0.279208	216.887
0.279736	217.229
0.280265	217.567
0.280794	217.901
0.281325	218.231
0.281856	218.559
0.282389	218.882
0.282922	219.202
0.283456	219.519
0.283991	219.833
0.284526	220.144
0.285063	220.451
0.2856	220.755
0.286139	221.056
0.286678	221.354
0.287218	221.649
0.287759	221.941
0.2883	222.229
0.288843	222.515
0.289386	222.798
0.289931	223.077
0.290476	223.354
0.291022	223.628
0.291569	223.898
0.292117	224.166
0.292666	224.43
0.293215	224.692
0.293766	224.951
0.294317	225.207
0.294869	225.46
0.295422	225.71
0.295976	225.957
0.296531	226.202
0.297087	226.444
0.297644	226.683
0.298201	226.919
0.29876	227.153
0.299319	227.384
0.29988	227.613
0.300441	227.839
0.301003	228.063
0.301566	228.284
0.30213	228.503
0.302694	228.719
0.30326	228.933
0.303827	229.144
0.304394	229.353
0.304962	229.56
0.305532	229.765
0.306102	229.967
0.306673	230.167
0.307245	230.365
0.307245	230.365
0.307818	230.561
0.308392	230.755
0.308967	230.947
0.309543	231.136
0.310119	231.324
0.310697	231.51
0.311275	231.693
0.311855	231.875
0.312435	232.055
0.313016	232.232
0.313598	232.408
0.314182	232.582
0.314766	232.754
0.315351	232.923
0.315937	233.091
0.316523	233.258
0.317111	233.422
0.3177	233.584
0.31829	233.745
0.31888	233.904
0.319472	234.061
0.320065	234.216
0.320658	234.369
0.321252	234.521
0.321848	234.672
0.322444	234.82
0.323042	234.967
0.32364	235.113
0.324239	235.257
0.324839	235.399
0.32544	235.54
0.326042	235.68
0.326646	235.818
0.32725	235.954
0.327855	236.089
0.328461	236.223
0.329067	236.355
0.329675	236.486
0.330284	236.616
0.330894	236.744
0.331505	236.871
0.332117	236.997
0.33273	237.121
0.333343	237.244
0.333958	237.366
0.334574	237.486
0.335191	237.606
0.335808	237.724
0.336427	237.84
0.337047	237.956
0.337667	238.07
0.338289	238.184
0.338912	238.296
0.339536	238.407
0.34016	238.517
0.340786	238.625
0.341413	238.733
0.34204	238.84
0.342669	238.945
0.343299	239.05
0.343929	239.153
0.344561	239.256
0.345194	239.357
0.345828	239.458
0.346462	239.557
0.347098	239.656
0.347735	239.754
0.348373	239.85
0.349012	239.946
0.349652	240.041
0.350292	240.135
0.350934	240.228
0.351577	240.321
0.352221	240.412
0.352866	240.503
0.353512	240.593
0.354159	240.682
0.354807	240.77
0.355457	240.858
0.356107	240.945
0.356758	241.031
0.35741	241.116
0.358064	241.2
0.358718	241.284
0.359373	241.367
0.36003	241.45
0.360687	241.532
0.361346	241.613
0.362006	241.693
0.362666	241.773
0.363328	241.852
0.363991	241.93
0.364655	242.008
0.36532	242.085
0.365986	242.162
0.366653	242.238
0.367321	242.313
0.36799	242.388
0.36866	242.462
0.369332	242.536
0.370004	242.609
0.370678	242.682
0.371352	242.754
0.372028	242.825
0.372704	242.896
0.373382	242.966
0.374061	243.036
0.374741	243.105
0.375422	243.174
0.376104	243.243
0.376788	243.31
0.377472	243.378
0.378158	243.445
0.378844	243.511
0.379532	243.577
0.380221	243.642
0.38091	243.707
0.381601	243.772
0.382293	243.836
0.382987	243.9
0.383681	243.963
0.384376	244.026
0.385073	244.088
0.38577	244.15
0.386469	244.212
0.387169	244.273
0.38787	244.334
0.388572	244.394
0.389275	244.454
0.38998	244.514
0.390685	244.573
0.391392	244.632
0.3921	244.691
0.392809	244.749
0.393519	244.807
0.39423	244.864
0.394942	244.921
0.395655	244.978
0.39637	245.035
0.397086	245.091
0.397803	245.147
0.398521	245.203
0.39924	245.258
0.39996	245.313
0.400682	245.368
0.401404	245.422
0.401404	245.422
0.402128	245.477
0.402853	245.531
0.403579	245.584
0.404306	245.638
0.405035	245.691
0.405765	245.744
0.406495	245.797
0.407227	245.849
0.40796	245.901
0.408695	245.953
0.40943	246.005
0.410167	246.056
0.410905	246.107
0.411644	246.157
0.412384	246.208
0.413125	246.258
0.413868	246.308
0.414612	246.357
0.415357	246.407
0.416103	246.456
0.41685	246.505
0.417599	246.553
0.418348	246.602
0.419099	246.65
0.419851	246.698
0.420605	246.745
0.421359	246.793
0.422115	246.84
0.422872	246.887
0.42363	246.933
0.42439	246.98
0.42515	247.026
0.425912	247.072
0.426675	247.117
0.427439	247.163
0.428205	247.208
0.428972	247.253
0.42974	247.298
0.430509	247.343
0.431279	247.387
0.432051	247.431
0.432824	247.475
0.433598	247.519
0.434373	247.563
0.43515	247.607
0.435928	247.65
0.436707	247.694
0.437487	247.737
0.438269	247.78
0.439052	247.823
0.439836	247.866
0.440621	247.908
0.441408	247.951
0.442196	247.994
0.442985	248.036
0.443775	248.078
0.444567	248.121
0.44536	248.163
0.446154	248.205
0.446949	248.247
0.447746	248.289
0.448544	248.331
0.449343	248.373
0.450144	248.415
0.450946	248.456
0.451749	248.498
0.452554	248.54
0.453359	248.582
0.454166	248.623
0.454975	248.665
0.455784	248.707
0.456595	248.748
0.457407	248.79
0.458221	248.831
0.459036	248.873
0.459852	248.915
0.460669	248.956
0.461488	248.998
0.462308	249.039
0.463129	249.081
0.463952	249.122
0.464776	249.164
0.465601	249.205
0.466428	249.247
0.467256	249.289
0.468085	249.33
0.468916	249.372
0.469748	249.413
0.470581	249.455
0.471416	249.497
0.472252	249.538
0.473089	249.58
0.473928	249.622
0.474768	249.664
0.475609	249.705
0.476451	249.747
0.477296	249.789
0.478141	249.831
0.478988	249.873
0.479836	249.915
0.480685	249.957
0.481536	249.999
0.482388	250.041
0.483242	250.084
0.484096	250.126
0.484953	250.168
0.48581	250.21
0.486669	250.253
0.48753	250.295
0.488392	250.337
0.489255	250.38
0.489255	250.38
0.490119	250.422
0.490985	250.465
0.491852	250.508
0.492721	250.55
0.493591	250.593
0.494463	250.636
0.495336	250.679
0.49621	250.722
0.497085	250.765
0.497963	250.809
0.498841	250.852
0.499721	250.895
0.500602	250.939
0.501485	250.983
0.502369	251.026
0.503255	251.07
0.504142	251.114
0.50503	251.159
0.50592	251.203
0.506811	251.247
0.507704	251.292
0.508598	251.336
0.509493	251.381
0.51039	251.426
0.511288	251.471
0.512188	251.516
0.51309	251.562
0.513992	251.607
0.514896	251.653
0.515802	251.699
0.516709	251.745
0.517618	251.791
0.518528	251.837
0.519439	251.883
0.520352	251.93
0.521266	251.976
0.522182	252.023
0.523099	252.07
0.524018	252.117
0.524938	252.164
0.52586	252.211
0.526783	252.258
0.527708	252.306
0.528634	252.353
0.529561	252.401
0.530491	252.448
0.531421	252.496
0.532353	252.544
0.533287	252.592
0.534222	252.64
0.535158	252.688
0.536096	252.736
0.537036	252.785
0.537977	252.833
0.53892	252.882
0.539864	252.93
0.540809	252.979
0.541757	253.028
0.542705	253.076
0.543655	253.125
0.543655	253.125
0.544607	253.174
0.54556	253.223
0.546515	253.272
0.547471	253.321
0.548429	253.37
0.549388	253.419
0.550349	253.468
0.551311	253.517
0.552275	253.566
0.553241	253.615
0.554208	253.665
0.555176	253.714
0.556147	253.763
0.557118	253.812
0.558092	253.861
0.559066	253.91
0.560043	253.959
0.561021	254.008
0.562	254.057
0.562981	254.106
0.563964	254.154
0.564948	254.203
0.565934	254.251
0.566921	254.299
0.56791	254.347
0.568901	254.395
0.569893	254.443
0.570886	254.491
0.571882	254.538
0.572879	254.586
0.573877	254.633
0.574877	254.681
0.575879	254.728
0.576882	254.775
0.577887	254.823
0.578894	254.87
0.579902	254.917
0.580839	254.96
0.581777	255.004
0.582715	255.047
0.583652	255.09
0.58459	255.133
0.585528	255.176
0.586465	255.218
0.587403	255.261
0.588341	255.303
0.589278	255.345
0.590216	255.387
0.591154	255.429
0.592091	255.47
0.593029	255.511
0.593966	255.553
0.594904	255.594
0.595842	255.634
0.596779	255.675
0.597717	255.715
0.598655	255.756
0.599592	255.796
0.60053	255.836
0.601468	255.875
0.602405	255.915
0.603343	255.954
0.60449	256.002
0.605638	256.05
0.606786	256.098
0.607933	256.145
0.609081	256.192
0.610228	256.239
0.611376	256.285
0.612523	256.331
0.613671	256.378
0.614818	256.423
0.615966	256.469
0.617114	256.514
0.618261	256.559
0.619409	256.603
0.620556	256.647
0.621704	256.691
0.622851	256.735
0.623999	256.778
0.625146	256.821
0.626294	256.864
0.627441	256.906
0.628589	256.948
0.629737	256.99
0.630884	257.031
0.632032	257.072
0.633179	257.113
0.634327	257.153
0.635474	257.193
0.636622	257.233
0.637769	257.272
0.638917	257.311
0.640065	257.35
0.641212	257.388
0.64236	257.427
0.643507	257.464
0.644655	257.502
0.645802	257.539
0.64695	257.577
0.648097	257.613
0.649245	257.65
0.650392	257.686
0.65154	257.722
0.652688	257.758
0.653835	257.793
0.654983	257.829
0.65613	257.863
0.657278	257.898
0.658425	257.932
0.659573	257.965
0.66072	257.998
0.661868	258.031
0.663016	258.064
0.664163	258.096
0.665311	258.128
0.666458	258.16
0.667606	258.191
0.668753	258.222
0.669901	258.253
0.671048	258.283
0.672196	258.313
0.673343	258.342
0.674491	258.371
0.675639	258.4
0.676786	258.428
0.677934	258.455
0.679081	258.482
0.680229	258.508
0.681376	258.534
0.682524	258.559
0.683671	258.583
0.684819	258.607
0.685967	258.631
0.687114	258.654
0.688262	258.676
0.689409	258.698
0.690557	258.718
0.691704	258.738
0.692852	258.757
0.693999	258.775
0.695147	258.792
0.696294	258.808
0.697442	258.823
0.69859	258.838
0.699737	258.852
0.700885	258.866
0.702032	258.879
0.70318	258.893
0.704327	258.906
0.705475	258.92
0.706622	258.934
0.70777	258.949
0.708918	258.965
0.710065	258.982
0.711213	259
0.71236	259.02
0.713508	259.042
0.714655	259.065
0.715803	259.091
0.71695	259.119
0.718098	259.15
0.719245	259.185
0.720393	259.222
0.721541	259.263
0.722688	259.307
0.723836	259.356
0.724983	259.41
0.726131	259.468
0.727278	259.532
0.728426	259.602
0.729573	259.678
0.730721	259.761
0.731869	259.851
0.733016	259.949
0.734164	260.056
0.735311	260.172
0.736459	260.298
0.737606	260.436
0.738754	260.585
0.739901	260.748
0.741049	260.924
0.742197	261.116
0.743344	261.322
0.744492	261.543
0.745639	261.781
0.746787	262.037
0.747934	262.317
0.749082	262.625
0.750229	262.958
0.751377	263.31
0.752524	263.677
0.753672	264.052
0.75482	264.428
0.755967	264.796
0.757115	265.15
0.758262	265.479
0.75941	265.777
0.760557	266.027
0.761705	266.201
0.762852	266.283
0.763426	266.29
0.763713	266.288
0.764	266.286
)
