(title "Density")
(labels "Position" "Density")

((xy/key/label "axis")
-0.01	0.0575507
-0.00996848	0.0575481
-0.00993696	0.0575444
-0.00990545	0.0575421
-0.00987393	0.0575391
-0.00981089	0.0575326
-0.00974786	0.0575237
-0.00962179	0.0575001
-0.00949571	0.0574778
-0.00936964	0.0574543
-0.00924357	0.0574311
-0.0091175	0.0574096
-0.00899143	0.0573904
-0.00886536	0.057374
-0.00873929	0.0573599
-0.00861321	0.0573482
-0.00848714	0.0573389
-0.00836107	0.0573321
-0.008235	0.0573277
-0.00810893	0.0573255
-0.00798286	0.0573253
-0.00785679	0.0573273
-0.00773071	0.0573311
-0.00760464	0.0573365
-0.00747857	0.0573435
-0.0073525	0.0573522
-0.00722643	0.0573627
-0.00710036	0.0573756
-0.00697429	0.0573914
-0.00684821	0.0574102
-0.00672214	0.0574317
-0.00659607	0.0574555
-0.00647	0.057481
-0.00633636	0.0575091
-0.00620273	0.0575367
-0.00606909	0.0575618
-0.00593545	0.0575819
-0.00580182	0.0575935
-0.00566818	0.0575939
-0.00553455	0.0575793
-0.00540091	0.0575451
-0.00526727	0.0574883
-0.00513364	0.0574059
-0.005	0.0572954
-0.00486636	0.0571553
-0.00473273	0.0569844
-0.00459909	0.0567823
-0.00446545	0.056549
-0.00433182	0.056285
-0.00419818	0.0559909
-0.00406455	0.0556679
-0.00393091	0.0553168
-0.00379727	0.0549392
-0.00366364	0.0545362
-0.00353	0.0541095
-0.00340393	0.0536865
-0.00327786	0.0532448
-0.00315179	0.052786
-0.00302571	0.052312
-0.00289964	0.0518245
-0.00277357	0.0513252
-0.0026475	0.050816
-0.00252143	0.0502989
-0.00239536	0.049776
-0.00226929	0.0492494
-0.00214321	0.0487213
-0.00201714	0.0481941
-0.00189107	0.04767
-0.001765	0.0471516
-0.00163893	0.0466412
-0.00151286	0.0461411
-0.00138679	0.045654
-0.00126071	0.0451819
-0.00113464	0.0447274
-0.00100857	0.0442925
-0.0008825	0.0438794
-0.000756428	0.04349
-0.000630357	0.0431261
-0.000504286	0.0427891
-0.000378214	0.0424804
-0.000252143	0.0422005
-0.000126071	0.0419503
1.52316e-10	0.0417298
0.000138276	0.0415215
0.000276552	0.0413465
0.000414827	0.0412025
0.000553103	0.0410866
0.000691379	0.0409951
0.000829655	0.0409238
0.00096793	0.0408685
0.00110621	0.0408246
0.00124448	0.0407874
0.00138276	0.0407522
0.00152103	0.0407149
0.00165931	0.0406719
0.00179758	0.0406199
0.00193586	0.0405559
0.00207414	0.0404771
0.00221241	0.0403812
0.00235069	0.0402664
0.00248896	0.0401309
0.00262724	0.0399736
0.00276552	0.0397933
0.00290379	0.0395893
0.00304207	0.0393612
0.00318034	0.0391086
0.00331862	0.0388315
0.00345689	0.0385299
0.00359517	0.0382042
0.00373345	0.0378549
0.00387172	0.0374825
0.00401	0.0370878
0.00414827	0.0366717
0.00428655	0.0362352
0.00442482	0.0357796
0.0045631	0.0353059
0.00470138	0.0348155
0.00483965	0.0343101
0.00497793	0.033791
0.0051162	0.03326
0.00525448	0.0327191
0.00539275	0.0321708
0.00553103	0.0316179
0.00566931	0.0310644
0.00580758	0.0305159
0.00594586	0.0299795
0.00608413	0.0294653
0.00622241	0.0289858
0.00636068	0.0285555
0.00649896	0.0281891
0.00663724	0.0278976
0.00677551	0.0276851
0.00691379	0.0275452
0.00705206	0.0274586
0.00719034	0.0273944
0.00732861	0.0273194
0.00746689	0.0272063
0.00760517	0.0270376
0.00774344	0.0268085
0.00788172	0.0265264
0.00801999	0.0262055
0.00815827	0.0258617
0.00829654	0.0255085
0.00843482	0.0251556
0.00843482	0.0251556
0.0085731	0.0248086
0.00871137	0.0244702
0.00884965	0.0241413
0.00898792	0.0238216
0.0091262	0.0235103
0.00926447	0.0232063
0.00940275	0.0229085
0.00954103	0.0226159
0.0096793	0.0223274
0.00981758	0.0220422
0.00995585	0.0217594
0.0100941	0.0214787
0.0102324	0.0211995
0.0103707	0.0209218
0.010509	0.0206457
0.0106472	0.0203713
0.0107855	0.0200991
0.0109238	0.0198295
0.0110621	0.019563
0.0112003	0.0193003
0.0113386	0.0190418
0.0114769	0.0187877
0.0116152	0.0185382
0.0117534	0.0182932
0.0118917	0.0180526
0.01203	0.017816
0.0121683	0.017583
0.0123065	0.0173533
0.0124448	0.0171266
0.0125831	0.016903
0.0127214	0.0166827
0.0128596	0.016466
0.0129979	0.0162535
0.0131362	0.0160459
0.0132745	0.0158439
0.0134127	0.0156478
0.013551	0.0154581
0.0136893	0.0152748
0.0138276	0.0150977
0.0139659	0.0149262
0.0141041	0.0147595
0.0142424	0.0145969
0.0143807	0.0144373
0.014519	0.0142797
0.0146572	0.0141234
0.0147955	0.0139677
0.0149338	0.013812
0.0150721	0.0136562
0.0152103	0.0135003
0.0153486	0.0133444
0.0154869	0.0131888
0.0156252	0.013034
0.0157634	0.0128806
0.0159017	0.0127289
0.01604	0.0125794
0.0161783	0.0124327
0.0163165	0.012289
0.0164548	0.0121487
0.0165931	0.0120119
0.0167314	0.0118787
0.0168696	0.0117493
0.0170079	0.0116235
0.0171462	0.0115013
0.0172845	0.0113826
0.0174227	0.0112673
0.017561	0.0111552
0.0176993	0.0110461
0.0178376	0.0109398
0.0179758	0.010836
0.0181141	0.0107347
0.0182524	0.0106356
0.0183907	0.0105385
0.0185289	0.0104432
0.0186672	0.0103496
0.0188055	0.0102575
0.0189438	0.0101669
0.0190821	0.0100777
0.0192203	0.00998971
0.0193586	0.00990303
0.0194969	0.00981759
0.0196352	0.00973339
0.0197734	0.00965045
0.0199117	0.00956879
0.02005	0.00948842
0.0201883	0.00940938
0.0203265	0.00933168
0.0204648	0.00925534
0.0206031	0.00918036
0.0207414	0.00910675
0.0208796	0.00903448
0.0210179	0.00896353
0.0211562	0.00889388
0.0212945	0.00882547
0.0214327	0.00875827
0.021571	0.00869222
0.0217093	0.00862728
0.0218476	0.0085634
0.0219858	0.00850054
0.0221241	0.00843866
0.0222624	0.00837774
0.0224007	0.00831775
0.0225389	0.00825869
0.0226772	0.00820055
0.0228155	0.00814333
0.0229538	0.00808707
0.0230921	0.00803177
0.0232303	0.00797746
0.0233686	0.00792418
0.0235069	0.00787194
0.0236452	0.00782076
0.0237834	0.00777069
0.0239217	0.00772172
0.02406	0.00767388
0.0241983	0.00762717
0.0243365	0.00758158
0.0244748	0.0075371
0.0246131	0.00749372
0.0247514	0.00745141
0.0248896	0.00741013
0.0250279	0.00736986
0.0251662	0.00733056
0.0253045	0.00729218
0.0254427	0.00725469
0.025581	0.00721804
0.0257193	0.00718219
0.0258576	0.00714711
0.0259958	0.00711276
0.0261341	0.00707911
0.0262724	0.00704615
0.0264107	0.00701384
0.0265489	0.00698218
0.0266872	0.00695116
0.0268255	0.00692077
0.0269638	0.00689102
0.027102	0.0068619
0.0272403	0.00683343
0.0273786	0.00680561
0.0275169	0.00677845
0.0275169	0.00677845
0.0276551	0.00675196
0.0277934	0.00672615
0.0279317	0.00670104
0.02807	0.00667664
0.0282083	0.00665293
0.0283465	0.00662995
0.0284848	0.00660768
0.0286231	0.00658612
0.0287614	0.00656527
0.0288996	0.00654512
0.0290379	0.00652567
0.0291762	0.0065069
0.0293145	0.0064888
0.0294527	0.00647135
0.029591	0.00645454
0.0297293	0.00643834
0.0298676	0.00642274
0.0300058	0.00640771
0.0301441	0.00639324
0.0302824	0.0063793
0.0304207	0.00636588
0.0305589	0.00635295
0.0306972	0.00634051
0.0308355	0.00632853
0.0309738	0.00631701
0.031112	0.00630593
0.0312503	0.00629528
0.0313886	0.00628507
0.0315269	0.00627527
0.0316651	0.0062659
0.0318034	0.00625694
0.0319417	0.00624839
0.03208	0.00624026
0.0322182	0.00623255
0.0323565	0.00622524
0.0324948	0.00621834
0.0326331	0.00621185
0.0327714	0.00620574
0.0329096	0.00620003
0.0330479	0.00619469
0.0331862	0.00618972
0.0333245	0.0061851
0.0334627	0.00618081
0.033601	0.00617681
0.0337393	0.0061731
0.0338776	0.00616963
0.0340158	0.00616637
0.0341541	0.00616328
0.0342924	0.00616033
0.0344307	0.00615748
0.0345689	0.00615469
0.0347072	0.00615192
0.0348455	0.00614912
0.0349838	0.00614624
0.035122	0.00614325
0.0352603	0.0061401
0.0353986	0.00613673
0.0355369	0.00613312
0.0356751	0.00612923
0.0358134	0.00612502
0.0359517	0.00612048
0.03609	0.00611556
0.0362282	0.00611024
0.0363665	0.0061045
0.0365048	0.00609831
0.0366431	0.00609164
0.0367813	0.00608448
0.0369196	0.0060768
0.0370579	0.0060686
0.0371962	0.00605985
0.0373344	0.00605055
0.0374727	0.0060407
0.037611	0.00603028
0.0377493	0.00601929
0.0378876	0.00600774
0.0380258	0.00599563
0.0381641	0.00598295
0.0383024	0.00596973
0.0384407	0.00595596
0.0385789	0.00594165
0.0387172	0.00592683
0.0388555	0.00591151
0.0389938	0.00589569
0.039132	0.0058794
0.0392703	0.00586265
0.0394086	0.00584546
0.0395469	0.00582783
0.0396851	0.00580978
0.0398234	0.00579133
0.0399617	0.00577249
0.0401	0.00575328
0.0402382	0.00573371
0.0403765	0.00571379
0.0405148	0.00569355
0.0406531	0.00567298
0.0407913	0.0056521
0.0409296	0.00563093
0.0410679	0.00560947
0.0412062	0.00558774
0.0413444	0.00556574
0.0414827	0.00554349
0.041621	0.00552099
0.0417684	0.00549677
0.0419161	0.00547226
0.042064	0.00544746
0.0422122	0.00542239
0.0423606	0.00539705
0.0425092	0.00537145
0.0426581	0.00534558
0.0428072	0.00531945
0.0429565	0.00529307
0.0431061	0.00526644
0.043256	0.00523958
0.043406	0.00521247
0.0435563	0.00518514
0.0437069	0.00515758
0.0438577	0.00512981
0.0440087	0.00510183
0.04416	0.00507366
0.0443115	0.00504529
0.0444632	0.00501674
0.0446152	0.00498802
0.0447675	0.00495914
0.0449199	0.00493011
0.0450727	0.00490095
0.0452257	0.00487165
0.0453789	0.00484224
0.0455323	0.00481273
0.045686	0.00478312
0.04584	0.00475344
0.0459942	0.00472368
0.0461487	0.00469387
0.0463034	0.00466402
0.0464583	0.00463413
0.0466135	0.00460422
0.0467689	0.0045743
0.0469246	0.00454437
0.0470806	0.00451446
0.0472368	0.00448456
0.0473932	0.0044547
0.0475499	0.00442487
0.0477068	0.00439509
0.047864	0.00436537
0.0480215	0.00433571
0.0481792	0.00430612
0.0483371	0.00427662
0.0484953	0.0042472
0.0486538	0.00421789
0.0488125	0.00418868
0.0489715	0.00415958
0.0491307	0.0041306
0.0492902	0.00410174
0.0494499	0.00407302
0.0496099	0.00404444
0.0497701	0.00401601
0.0499306	0.00398772
0.0500914	0.0039596
0.0502524	0.00393164
0.0504137	0.00390385
0.0505752	0.00387623
0.050737	0.00384879
0.050899	0.00382153
0.0510613	0.00379446
0.0512239	0.00376758
0.0512239	0.00376758
0.0513867	0.0037409
0.0515498	0.00371441
0.0517132	0.00368812
0.0518768	0.00366203
0.0520407	0.00363615
0.0522048	0.00361047
0.0523692	0.003585
0.0525339	0.00355975
0.0526988	0.0035347
0.052864	0.00350987
0.0530294	0.00348526
0.0531952	0.00346087
0.0533612	0.00343672
0.0535274	0.0034128
0.0536939	0.00338912
0.0538607	0.00336571
0.0540278	0.00334256
0.0541951	0.00331971
0.0543627	0.00329717
0.0545305	0.00327496
0.0546987	0.0032531
0.054867	0.00323164
0.0550357	0.00321059
0.0552046	0.00319001
0.0553739	0.00316992
0.0555433	0.00315039
0.0557131	0.00313145
0.0558831	0.00311318
0.0560534	0.0030956
0.056224	0.00307875
0.0563948	0.00306267
0.0565659	0.00304741
0.0567373	0.00303304
0.056909	0.00301962
0.0570809	0.00300722
0.0572531	0.00299591
0.0574256	0.00298573
0.0575983	0.00297673
0.0577714	0.00296895
0.0579447	0.00296239
0.0581183	0.00295705
0.0582922	0.0029529
0.0584663	0.00294994
0.0586408	0.00294813
0.0588155	0.00294745
0.0589905	0.00294783
0.0591657	0.00294924
0.0593413	0.00295165
0.0595171	0.00295508
0.0596932	0.0029595
0.0598696	0.0029649
0.0600463	0.00297129
0.0602233	0.00297866
0.0604005	0.00298704
0.060578	0.00299646
0.0607558	0.00300699
0.0609339	0.00301871
0.0611123	0.00303174
0.061291	0.00304625
0.0614699	0.0030624
0.0616492	0.00308044
0.0618287	0.00310063
0.0620085	0.00312328
0.0621886	0.00314875
0.062369	0.00317742
0.0625497	0.00320971
0.0627307	0.00324606
0.062912	0.00328693
0.0630935	0.00333277
0.0632753	0.00338405
0.0634575	0.00344122
0.0636399	0.00350478
0.0638226	0.0035752
0.0640056	0.00365263
0.0641889	0.00373698
0.0643725	0.0038281
0.0645564	0.00392569
0.0647406	0.00402925
0.0649251	0.00413809
0.0651099	0.00425134
0.065295	0.00436796
0.0654803	0.00448669
0.065666	0.00460622
0.0658519	0.00472509
0.0660382	0.00484177
0.0662248	0.00495517
0.0664116	0.00506435
0.0665988	0.00516796
0.0667862	0.00526458
0.066974	0.0053529
0.0671621	0.00543184
0.0673504	0.0055007
0.0675391	0.00555915
0.0677281	0.00560731
0.0679173	0.00564566
0.0681069	0.00567505
0.0682968	0.00569666
0.0684869	0.00571192
0.0686774	0.00572233
0.0688682	0.00572925
0.0690593	0.0057338
0.0692507	0.00573683
0.0694424	0.00573895
0.0696344	0.00574057
0.0698267	0.00574192
0.0700194	0.00574315
0.0702123	0.00574465
0.0704056	0.00574671
0.0705991	0.00574938
0.070793	0.00575266
0.0709872	0.00575653
0.0711816	0.00576104
0.0713765	0.0057663
0.0715716	0.00577242
0.071767	0.00577945
0.071767	0.00577945
0.0719627	0.00578744
0.0721588	0.00579637
0.0723551	0.00580623
0.0725518	0.00581697
0.0727488	0.00582855
0.0729461	0.00584091
0.0731438	0.00585399
0.0733417	0.00586777
0.0735399	0.00588221
0.0737385	0.00589728
0.0739374	0.00591299
0.0741366	0.00592931
0.0743362	0.00594627
0.074536	0.00596387
0.0747362	0.00598213
0.0749367	0.00600107
0.0751375	0.00602067
0.0753386	0.00604093
0.0755401	0.00606181
0.0757419	0.00608327
0.075944	0.00610526
0.0761464	0.0061277
0.0763492	0.00615053
0.0765522	0.00617366
0.0767557	0.00619699
0.0769594	0.00622043
0.0771634	0.00624386
0.0773678	0.0062672
0.0775725	0.00629034
0.0777776	0.00631317
0.0779829	0.00633561
0.0781886	0.00635756
0.0783947	0.00637895
0.078601	0.0063997
0.0788077	0.00641975
0.0790147	0.00643905
0.0792221	0.00645756
0.0794297	0.00647523
0.0796377	0.00649204
0.0798461	0.00650798
0.0800548	0.006523
0.0802638	0.0065371
0.0804731	0.00655026
0.0806828	0.00656246
0.0808928	0.0065737
0.0811032	0.00658396
0.0813139	0.00659324
0.0815249	0.00660153
0.0817363	0.00660881
0.081948	0.00661507
0.08216	0.00662029
0.0823724	0.00662442
0.0825851	0.00662742
0.0827982	0.00662926
0.0830116	0.00662992
0.0832254	0.0066295
0.0834395	0.0066281
0.0836539	0.00662574
0.0838687	0.00662242
0.0840838	0.00661809
0.0842993	0.00661274
0.0845151	0.00660633
0.0847313	0.00659883
0.0849478	0.00659024
0.0851646	0.00658055
0.0853818	0.00656978
0.0855994	0.00655795
0.0858172	0.00654508
0.0860355	0.0065312
0.0862541	0.00651631
0.086473	0.00650043
0.0866923	0.00648357
0.086912	0.00646573
0.087132	0.00644693
0.0873523	0.00642718
0.087573	0.00640648
0.0877941	0.00638485
0.0880155	0.00636229
0.0882373	0.00633881
0.0884594	0.00631442
0.0886819	0.00628913
0.0889047	0.00626294
0.0891279	0.00623586
0.0893514	0.00620789
0.0895753	0.00617903
0.0897996	0.0061493
0.0900242	0.00611869
0.0902492	0.0060872
0.0904746	0.00605483
0.0907003	0.00602159
0.0909263	0.00598748
0.0911528	0.0059525
0.0913796	0.00591666
0.0916067	0.00587995
0.0918342	0.0058424
0.0920621	0.00580402
0.0922904	0.00576483
0.092519	0.00572485
0.092748	0.00568412
0.0929773	0.00564267
0.093207	0.00560055
0.0934371	0.00555781
0.0936676	0.00551448
0.0938984	0.00547063
0.0941296	0.00542631
0.0943611	0.00538157
0.0945931	0.00533645
0.0948254	0.005291
0.095058	0.00524525
0.0952911	0.00519924
0.0955245	0.00515299
0.0957583	0.00510651
0.0959925	0.00505981
0.096227	0.00501288
0.0964619	0.0049657
0.0966972	0.00491826
0.0969329	0.00487053
0.097169	0.00482246
0.0974054	0.00477403
0.0976422	0.00472519
0.0978794	0.00467591
0.098117	0.00462614
0.0983549	0.00457586
0.0985932	0.00452504
0.0988319	0.00447366
0.099071	0.0044217
0.0993105	0.00436918
0.0995504	0.00431609
0.0997906	0.00426247
0.100031	0.00420836
0.100272	0.00415379
0.100514	0.00409884
0.100755	0.00404358
0.100998	0.0039881
0.10124	0.00393248
0.101483	0.00387686
0.101726	0.00382133
0.10197	0.00376605
0.102214	0.00371114
0.102214	0.00371114
0.102459	0.00365675
0.102704	0.00360303
0.102949	0.00355016
0.103195	0.00349829
0.103441	0.00344759
0.103687	0.00339826
0.103934	0.00335048
0.104181	0.00330445
0.104429	0.00326035
0.104677	0.00321835
0.104926	0.00317869
0.105174	0.00314167
0.105424	0.00310749
0.105673	0.0030762
0.105923	0.00304789
0.106174	0.00302276
0.106425	0.00300131
0.106676	0.00298405
0.106928	0.00297152
0.10718	0.00296394
0.107432	0.00296124
0.107685	0.00296326
0.107938	0.00296989
0.108192	0.00298131
0.108446	0.00299775
0.108701	0.00301945
0.108956	0.00304669
0.109211	0.00307975
0.109467	0.00311896
0.109723	0.00316475
0.109979	0.00321736
0.110236	0.0032764
0.110494	0.00334126
0.110751	0.00341138
0.111009	0.00348607
0.111268	0.00356439
0.111527	0.00364523
0.111787	0.00372734
0.112046	0.00380941
0.112307	0.00389022
0.112567	0.00396866
0.112828	0.00404378
0.11309	0.00411475
0.113352	0.00418096
0.113614	0.00424208
0.113877	0.00429793
0.11414	0.00434851
0.114404	0.00439406
0.114668	0.00443505
0.114932	0.00447219
0.115197	0.00450632
0.115462	0.00453824
0.115728	0.00456868
0.115994	0.00459833
0.116261	0.00462779
0.116528	0.00465763
0.116795	0.0046883
0.117063	0.00472019
0.117332	0.0047536
0.1176	0.00478875
0.117869	0.00482576
0.118139	0.00486469
0.118409	0.00490555
0.11868	0.00494828
0.11895	0.00499279
0.119222	0.00503895
0.119494	0.0050866
0.119766	0.00513558
0.120038	0.00518572
0.120311	0.00523684
0.120585	0.00528877
0.120859	0.00534133
0.121133	0.00539438
0.121408	0.00544773
0.121683	0.00550124
0.121959	0.00555475
0.122235	0.00560812
0.122512	0.00566121
0.122789	0.00571388
0.123066	0.00576599
0.123344	0.00581742
0.123623	0.00586804
0.123901	0.00591773
0.124181	0.00596638
0.12446	0.00601388
0.12474	0.00606015
0.125021	0.00610508
0.125302	0.0061486
0.125584	0.00619065
0.125866	0.00623114
0.126148	0.00627003
0.126431	0.00630725
0.126714	0.00634275
0.126998	0.00637647
0.127282	0.00640837
0.127567	0.00643839
0.127852	0.00646651
0.128137	0.00649269
0.128423	0.00651691
0.12871	0.00653914
0.128997	0.00655934
0.129284	0.00657749
0.129572	0.00659355
0.129861	0.00660748
0.130149	0.00661928
0.130439	0.00662899
0.130728	0.00663661
0.131019	0.00664196
0.131309	0.00664452
0.1316	0.00664426
0.131892	0.00664163
0.132184	0.00663672
0.132476	0.0066293
0.132769	0.00661912
0.133063	0.00660595
0.133357	0.00658972
0.133651	0.00657053
0.133946	0.0065485
0.134241	0.00652373
0.134537	0.00649634
0.134834	0.00646648
0.13513	0.0064343
0.135428	0.00639998
0.135725	0.00636367
0.136023	0.00632553
0.136322	0.00628573
0.136621	0.00624441
0.136921	0.00620174
0.137221	0.00615784
0.137522	0.00611286
0.137823	0.0060669
0.138124	0.00602007
0.138426	0.00597246
0.138729	0.00592414
0.139032	0.00587517
0.139335	0.00582562
0.139639	0.00577551
0.139944	0.00572488
0.140249	0.00567374
0.140554	0.00562211
0.14086	0.00556998
0.141166	0.00551738
0.141473	0.00546428
0.141781	0.0054107
0.142089	0.00535663
0.142397	0.00530209
0.142706	0.0052471
0.143015	0.00519167
0.143325	0.00513585
0.143636	0.00507967
0.143946	0.00502319
0.144258	0.0049665
0.14457	0.00490965
0.144882	0.00485274
0.145195	0.00479588
0.145508	0.00473916
0.145822	0.00468271
0.146137	0.00462664
0.146451	0.00457107
0.146767	0.00451612
0.147083	0.00446193
0.147399	0.00440862
0.147716	0.0043563
0.148033	0.0043051
0.148351	0.00425513
0.14867	0.0042065
0.148989	0.00415932
0.149308	0.00411367
0.149628	0.00406967
0.149948	0.00402741
0.150269	0.00398695
0.150591	0.0039484
0.150913	0.00391183
0.151235	0.00387732
0.151559	0.00384493
0.151882	0.00381476
0.152206	0.00378686
0.152531	0.00376132
0.152856	0.00373823
0.153181	0.00371768
0.153508	0.00369974
0.153834	0.00368441
0.154162	0.00367174
0.154489	0.00366185
0.154818	0.00365505
0.155146	0.00365177
0.155476	0.00365192
0.155805	0.00365507
0.156136	0.00366109
0.156467	0.00367012
0.156798	0.0036824
0.15713	0.00369817
0.157463	0.0037177
0.157796	0.0037411
0.158129	0.00376831
0.158463	0.0037993
0.158798	0.00383408
0.159133	0.00387265
0.159469	0.00391499
0.159805	0.00396107
0.160142	0.00401086
0.160479	0.00406434
0.160817	0.00412141
0.161155	0.00418198
0.161494	0.00424591
0.161834	0.00431302
0.162174	0.00438312
0.162514	0.00445595
0.162855	0.00453122
0.163197	0.00460863
0.163197	0.00460863
0.163539	0.0046878
0.163882	0.00476837
0.164225	0.0048499
0.164569	0.00493199
0.164913	0.00501421
0.165258	0.0050961
0.165604	0.00517727
0.16595	0.00525729
0.166297	0.0053358
0.166644	0.00541243
0.166991	0.00548687
0.16734	0.00555881
0.167689	0.00562795
0.168038	0.00569405
0.168388	0.00575688
0.168738	0.00581625
0.16909	0.00587197
0.169441	0.00592389
0.169793	0.00597188
0.170146	0.00601583
0.170499	0.00605567
0.170853	0.00609137
0.171208	0.0061229
0.171563	0.00615027
0.171918	0.00617345
0.172275	0.00619242
0.172631	0.00620721
0.172989	0.00621819
0.173347	0.00622509
0.173705	0.00622708
0.174064	0.00622484
0.174424	0.00621936
0.174784	0.00621042
0.175145	0.00619769
0.175506	0.00618129
0.175868	0.00616161
0.17623	0.006139
0.176594	0.00611373
0.176957	0.00608609
0.177321	0.00605631
0.177686	0.00602458
0.178052	0.00599112
0.178418	0.0059561
0.178784	0.00591971
0.179151	0.00588214
0.179519	0.00584358
0.179888	0.00580421
0.180256	0.00576421
0.180626	0.00572373
0.180996	0.0056829
0.181367	0.00564184
0.181738	0.00560063
0.18211	0.00555936
0.182483	0.00551807
0.182856	0.00547682
0.183229	0.00543564
0.183604	0.00539456
0.183979	0.00535359
0.184354	0.00531278
0.18473	0.00527215
0.185107	0.00523173
0.185484	0.00519157
0.185862	0.00515173
0.186241	0.00511226
0.18662	0.00507323
0.186999	0.00503473
0.18738	0.00499682
0.187761	0.00495959
0.188142	0.00492312
0.188524	0.00488748
0.188907	0.00485276
0.189291	0.00481903
0.189675	0.00478636
0.190059	0.0047548
0.190444	0.0047244
0.19083	0.00469524
0.191217	0.00466737
0.191217	0.00466737
0.191604	0.00464088
0.191992	0.00461587
0.19238	0.00459243
0.192769	0.00457066
0.193158	0.00455063
0.193549	0.00453243
0.193939	0.00451613
0.194331	0.00450178
0.194723	0.00448947
0.195116	0.00447932
0.195509	0.00447138
0.195903	0.00446553
0.196298	0.00446207
0.196693	0.00446138
0.197089	0.00446324
0.197485	0.00446749
0.197882	0.00447441
0.19828	0.00448425
0.198678	0.0044969
0.199077	0.00451228
0.199477	0.00453034
0.199877	0.00455105
0.200278	0.00457439
0.20068	0.00460031
0.201082	0.0046287
0.201485	0.00465941
0.201889	0.0046923
0.202293	0.00472722
0.202698	0.00476404
0.203103	0.00480264
0.203509	0.0048428
0.203916	0.00488412
0.204324	0.00492608
0.204732	0.00496824
0.20514	0.00501022
0.20555	0.00505167
0.20596	0.00509232
0.20637	0.00513193
0.206782	0.00517045
0.207194	0.00520762
0.207607	0.00524244
0.20802	0.00527388
0.208434	0.0053016
0.208849	0.00532584
0.209264	0.00534705
0.20968	0.00536574
0.210097	0.00538207
0.210514	0.00539565
0.210932	0.00540598
0.211351	0.00541258
0.21177	0.00541538
0.21219	0.00541556
0.212611	0.00541431
0.213032	0.00541172
0.213454	0.00540726
0.213877	0.00540023
0.2143	0.00539004
0.214724	0.00537633
0.215149	0.00535894
0.215574	0.00533794
0.216	0.00531348
0.216427	0.0052858
0.216855	0.00525516
0.217283	0.00522178
0.217712	0.00518584
0.218141	0.00514748
0.218571	0.0051068
0.219002	0.00506389
0.219434	0.00501879
0.219866	0.00497158
0.220299	0.00492235
0.220733	0.0048713
0.221167	0.00481867
0.221602	0.00476475
0.222038	0.00470982
0.222475	0.00465418
0.222912	0.0045981
0.22335	0.00454183
0.223788	0.00448563
0.224227	0.00442973
0.224667	0.00437439
0.225108	0.00431988
0.225549	0.00426646
0.225992	0.00421424
0.226434	0.00416335
0.226878	0.00411397
0.227322	0.00406624
0.227767	0.00402025
0.228213	0.00397604
0.228659	0.00393361
0.229106	0.00389294
0.229554	0.00385403
0.230002	0.00381683
0.230452	0.0037813
0.230902	0.00374741
0.231352	0.00371512
0.231804	0.00368438
0.232256	0.00365515
0.232708	0.00362738
0.233162	0.00360101
0.233616	0.00357597
0.234071	0.00355221
0.234527	0.00352967
0.234984	0.00350826
0.235441	0.00348794
0.235899	0.00346863
0.236357	0.00345026
0.236817	0.00343276
0.237277	0.00341606
0.237738	0.00340009
0.238199	0.00338478
0.238662	0.00337007
0.239125	0.00335589
0.239589	0.00334217
0.240053	0.00332886
0.240519	0.00331591
0.240985	0.00330325
0.241451	0.00329083
0.241919	0.00327861
0.242387	0.00326655
0.242856	0.0032546
0.243326	0.00324274
0.243797	0.00323092
0.244268	0.00321913
0.24474	0.00320734
0.245213	0.00319552
0.245687	0.00318368
0.246161	0.0031718
0.246636	0.00315986
0.247112	0.00314787
0.247588	0.00313582
0.248066	0.00312373
0.248544	0.00311159
0.249023	0.00309941
0.249503	0.00308721
0.249983	0.00307499
0.250464	0.00306277
0.250946	0.00305057
0.251429	0.0030384
0.251913	0.00302628
0.252397	0.00301422
0.252882	0.00300225
0.253368	0.00299039
0.253855	0.00297864
0.254342	0.00296704
0.25483	0.00295558
0.255319	0.0029443
0.255809	0.0029332
0.2563	0.00292229
0.256791	0.0029116
0.257283	0.00290112
0.257776	0.00289088
0.25827	0.00288087
0.258764	0.0028711
0.259259	0.00286158
0.259756	0.00285231
0.260252	0.00284328
0.26075	0.0028345
0.261249	0.00282597
0.261748	0.00281767
0.262248	0.00280961
0.262749	0.00280178
0.26325	0.00279418
0.263753	0.00278678
0.264256	0.00277959
0.26476	0.00277259
0.265265	0.00276578
0.265771	0.00275914
0.266277	0.00275267
0.266785	0.00274634
0.267293	0.00274016
0.267802	0.0027341
0.268312	0.00272817
0.268822	0.00272234
0.269334	0.00271662
0.269846	0.00271099
0.270359	0.00270544
0.270873	0.00269996
0.270873	0.00269996
0.271388	0.00269456
0.271903	0.00268921
0.272419	0.00268393
0.272937	0.0026787
0.273455	0.00267352
0.273973	0.00266839
0.274493	0.0026633
0.275014	0.00265826
0.275535	0.00265326
0.276057	0.00264831
0.27658	0.0026434
0.277104	0.00263853
0.277629	0.00263371
0.278154	0.00262894
0.27868	0.00262421
0.279208	0.00261953
0.279736	0.0026149
0.280265	0.00261033
0.280794	0.00260581
0.281325	0.00260134
0.281856	0.00259693
0.282389	0.00259258
0.282922	0.00258829
0.283456	0.00258405
0.283991	0.00257988
0.284526	0.00257576
0.285063	0.0025717
0.2856	0.0025677
0.286139	0.00256376
0.286678	0.00255987
0.287218	0.00255604
0.287759	0.00255227
0.2883	0.00254855
0.288843	0.00254488
0.289386	0.00254127
0.289931	0.00253771
0.290476	0.00253419
0.291022	0.00253073
0.291569	0.00252731
0.292117	0.00252394
0.292666	0.00252061
0.293215	0.00251732
0.293766	0.00251408
0.294317	0.00251088
0.294869	0.00250772
0.295422	0.00250461
0.295976	0.00250153
0.296531	0.00249849
0.297087	0.00249549
0.297644	0.00249252
0.298201	0.0024896
0.29876	0.00248671
0.299319	0.00248385
0.29988	0.00248104
0.300441	0.00247826
0.301003	0.00247551
0.301566	0.0024728
0.30213	0.00247012
0.302694	0.00246748
0.30326	0.00246487
0.303827	0.0024623
0.304394	0.00245976
0.304962	0.00245725
0.305532	0.00245478
0.306102	0.00245233
0.306673	0.00244992
0.307245	0.00244754
0.307245	0.00244754
0.307818	0.00244519
0.308392	0.00244288
0.308967	0.00244059
0.309543	0.00243834
0.310119	0.00243611
0.310697	0.00243392
0.311275	0.00243176
0.311855	0.00242962
0.312435	0.00242752
0.313016	0.00242544
0.313598	0.00242339
0.314182	0.00242136
0.314766	0.00241937
0.315351	0.00241739
0.315937	0.00241545
0.316523	0.00241352
0.317111	0.00241162
0.3177	0.00240974
0.31829	0.00240789
0.31888	0.00240605
0.319472	0.00240424
0.320065	0.00240245
0.320658	0.00240069
0.321252	0.00239894
0.321848	0.00239722
0.322444	0.00239551
0.323042	0.00239383
0.32364	0.00239217
0.324239	0.00239053
0.324839	0.00238891
0.32544	0.00238731
0.326042	0.00238573
0.326646	0.00238417
0.32725	0.00238263
0.327855	0.00238111
0.328461	0.00237961
0.329067	0.00237813
0.329675	0.00237667
0.330284	0.00237522
0.330894	0.0023738
0.331505	0.00237239
0.332117	0.002371
0.33273	0.00236963
0.333343	0.00236827
0.333958	0.00236693
0.334574	0.00236561
0.335191	0.0023643
0.335808	0.00236301
0.336427	0.00236174
0.337047	0.00236048
0.337667	0.00235923
0.338289	0.002358
0.338912	0.00235679
0.339536	0.00235559
0.34016	0.0023544
0.340786	0.00235323
0.341413	0.00235208
0.34204	0.00235093
0.342669	0.0023498
0.343299	0.00234869
0.343929	0.00234758
0.344561	0.00234649
0.345194	0.00234542
0.345828	0.00234436
0.346462	0.0023433
0.347098	0.00234227
0.347735	0.00234124
0.348373	0.00234023
0.349012	0.00233923
0.349652	0.00233824
0.350292	0.00233727
0.350934	0.0023363
0.351577	0.00233535
0.352221	0.00233441
0.352866	0.00233348
0.353512	0.00233256
0.354159	0.00233166
0.354807	0.00233076
0.355457	0.00232988
0.356107	0.00232901
0.356758	0.00232815
0.35741	0.00232729
0.358064	0.00232645
0.358718	0.00232563
0.359373	0.00232481
0.36003	0.002324
0.360687	0.0023232
0.361346	0.00232241
0.362006	0.00232163
0.362666	0.00232086
0.363328	0.0023201
0.363991	0.00231935
0.364655	0.00231861
0.36532	0.00231788
0.365986	0.00231716
0.366653	0.00231644
0.367321	0.00231574
0.36799	0.00231504
0.36866	0.00231436
0.369332	0.00231368
0.370004	0.00231301
0.370678	0.00231235
0.371352	0.0023117
0.372028	0.00231105
0.372704	0.00231042
0.373382	0.00230979
0.374061	0.00230917
0.374741	0.00230856
0.375422	0.00230796
0.376104	0.00230736
0.376788	0.00230677
0.377472	0.00230619
0.378158	0.00230562
0.378844	0.00230506
0.379532	0.0023045
0.380221	0.00230395
0.38091	0.0023034
0.381601	0.00230287
0.382293	0.00230234
0.382987	0.00230182
0.383681	0.0023013
0.384376	0.00230079
0.385073	0.00230029
0.38577	0.0022998
0.386469	0.00229931
0.387169	0.00229883
0.38787	0.00229835
0.388572	0.00229789
0.389275	0.00229742
0.38998	0.00229697
0.390685	0.00229652
0.391392	0.00229608
0.3921	0.00229564
0.392809	0.00229521
0.393519	0.00229478
0.39423	0.00229436
0.394942	0.00229395
0.395655	0.00229354
0.39637	0.00229314
0.397086	0.00229275
0.397803	0.00229236
0.398521	0.00229198
0.39924	0.0022916
0.39996	0.00229123
0.400682	0.00229086
0.401404	0.00229051
0.401404	0.00229051
0.402128	0.00229015
0.402853	0.00228981
0.403579	0.00228946
0.404306	0.00228913
0.405035	0.0022888
0.405765	0.00228847
0.406495	0.00228815
0.407227	0.00228784
0.40796	0.00228753
0.408695	0.00228722
0.40943	0.00228692
0.410167	0.00228663
0.410905	0.00228634
0.411644	0.00228605
0.412384	0.00228577
0.413125	0.00228549
0.413868	0.00228522
0.414612	0.00228495
0.415357	0.00228469
0.416103	0.00228443
0.41685	0.00228417
0.417599	0.00228392
0.418348	0.00228367
0.419099	0.00228343
0.419851	0.0022832
0.420605	0.00228296
0.421359	0.00228273
0.422115	0.00228251
0.422872	0.00228229
0.42363	0.00228208
0.42439	0.00228187
0.42515	0.00228166
0.425912	0.00228146
0.426675	0.00228126
0.427439	0.00228106
0.428205	0.00228088
0.428972	0.00228069
0.42974	0.00228051
0.430509	0.00228033
0.431279	0.00228016
0.432051	0.00227999
0.432824	0.00227983
0.433598	0.00227967
0.434373	0.00227951
0.43515	0.00227936
0.435928	0.00227921
0.436707	0.00227906
0.437487	0.00227892
0.438269	0.00227879
0.439052	0.00227865
0.439836	0.00227852
0.440621	0.00227839
0.441408	0.00227827
0.442196	0.00227815
0.442985	0.00227803
0.443775	0.00227792
0.444567	0.00227781
0.44536	0.0022777
0.446154	0.00227759
0.446949	0.00227749
0.447746	0.00227739
0.448544	0.00227729
0.449343	0.0022772
0.450144	0.00227711
0.450946	0.00227702
0.451749	0.00227693
0.452554	0.00227685
0.453359	0.00227677
0.454166	0.00227669
0.454975	0.00227661
0.455784	0.00227653
0.456595	0.00227646
0.457407	0.00227639
0.458221	0.00227632
0.459036	0.00227625
0.459852	0.00227619
0.460669	0.00227612
0.461488	0.00227606
0.462308	0.002276
0.463129	0.00227594
0.463952	0.00227588
0.464776	0.00227583
0.465601	0.00227577
0.466428	0.00227572
0.467256	0.00227567
0.468085	0.00227562
0.468916	0.00227557
0.469748	0.00227552
0.470581	0.00227547
0.471416	0.00227542
0.472252	0.00227538
0.473089	0.00227533
0.473928	0.00227529
0.474768	0.00227525
0.475609	0.0022752
0.476451	0.00227516
0.477296	0.00227512
0.478141	0.00227509
0.478988	0.00227505
0.479836	0.00227501
0.480685	0.00227497
0.481536	0.00227493
0.482388	0.0022749
0.483242	0.00227486
0.484096	0.00227482
0.484953	0.00227478
0.48581	0.00227474
0.486669	0.0022747
0.48753	0.00227467
0.488392	0.00227463
0.489255	0.00227459
0.489255	0.00227459
0.490119	0.00227455
0.490985	0.00227451
0.491852	0.00227447
0.492721	0.00227443
0.493591	0.00227439
0.494463	0.00227434
0.495336	0.0022743
0.49621	0.00227426
0.497085	0.00227421
0.497963	0.00227417
0.498841	0.00227412
0.499721	0.00227407
0.500602	0.00227403
0.501485	0.00227398
0.502369	0.00227393
0.503255	0.00227388
0.504142	0.00227382
0.50503	0.00227377
0.50592	0.00227371
0.506811	0.00227366
0.507704	0.0022736
0.508598	0.00227354
0.509493	0.00227348
0.51039	0.00227342
0.511288	0.00227336
0.512188	0.00227329
0.51309	0.00227323
0.513992	0.00227316
0.514896	0.00227309
0.515802	0.00227302
0.516709	0.00227295
0.517618	0.00227288
0.518528	0.00227281
0.519439	0.00227273
0.520352	0.00227265
0.521266	0.00227258
0.522182	0.0022725
0.523099	0.00227242
0.524018	0.00227233
0.524938	0.00227225
0.52586	0.00227216
0.526783	0.00227208
0.527708	0.00227199
0.528634	0.0022719
0.529561	0.00227181
0.530491	0.00227172
0.531421	0.00227163
0.532353	0.00227153
0.533287	0.00227144
0.534222	0.00227135
0.535158	0.00227125
0.536096	0.00227115
0.537036	0.00227106
0.537977	0.00227096
0.53892	0.00227086
0.539864	0.00227077
0.540809	0.00227067
0.541757	0.00227057
0.542705	0.00227047
0.543655	0.00227037
0.543655	0.00227037
0.544607	0.00227028
0.54556	0.00227018
0.546515	0.00227009
0.547471	0.00226999
0.548429	0.0022699
0.549388	0.0022698
0.550349	0.00226971
0.551311	0.00226962
0.552275	0.00226953
0.553241	0.00226944
0.554208	0.00226935
0.555176	0.00226926
0.556147	0.00226918
0.557118	0.0022691
0.558092	0.00226902
0.559066	0.00226894
0.560043	0.00226886
0.561021	0.00226879
0.562	0.00226872
0.562981	0.00226865
0.563964	0.00226858
0.564948	0.00226851
0.565934	0.00226844
0.566921	0.00226837
0.56791	0.0022683
0.568901	0.00226823
0.569893	0.00226816
0.570886	0.0022681
0.571882	0.00226803
0.572879	0.00226797
0.573877	0.0022679
0.574877	0.00226784
0.575879	0.00226778
0.576882	0.00226772
0.577887	0.00226766
0.578894	0.0022676
0.579902	0.00226754
0.580839	0.00226749
0.581777	0.00226744
0.582715	0.00226739
0.583652	0.00226734
0.58459	0.0022673
0.585528	0.00226725
0.586465	0.00226721
0.587403	0.00226717
0.588341	0.00226713
0.589278	0.00226709
0.590216	0.00226706
0.591154	0.00226702
0.592091	0.00226699
0.593029	0.00226695
0.593966	0.00226692
0.594904	0.00226689
0.595842	0.00226686
0.596779	0.00226683
0.597717	0.0022668
0.598655	0.00226677
0.599592	0.00226675
0.60053	0.00226672
0.601468	0.0022667
0.602405	0.00226667
0.603343	0.00226665
0.60449	0.00226662
0.605638	0.00226659
0.606786	0.00226657
0.607933	0.00226654
0.609081	0.00226652
0.610228	0.00226649
0.611376	0.00226647
0.612523	0.00226645
0.613671	0.00226643
0.614818	0.00226641
0.615966	0.00226638
0.617114	0.00226636
0.618261	0.00226634
0.619409	0.00226631
0.620556	0.00226629
0.621704	0.00226626
0.622851	0.00226623
0.623999	0.0022662
0.625146	0.00226617
0.626294	0.00226614
0.627441	0.0022661
0.628589	0.00226606
0.629737	0.00226603
0.630884	0.00226599
0.632032	0.00226594
0.633179	0.0022659
0.634327	0.00226586
0.635474	0.00226581
0.636622	0.00226576
0.637769	0.00226571
0.638917	0.00226565
0.640065	0.0022656
0.641212	0.00226554
0.64236	0.00226548
0.643507	0.00226542
0.644655	0.00226536
0.645802	0.0022653
0.64695	0.00226523
0.648097	0.00226517
0.649245	0.0022651
0.650392	0.00226504
0.65154	0.00226497
0.652688	0.0022649
0.653835	0.00226482
0.654983	0.00226474
0.65613	0.00226466
0.657278	0.00226457
0.658425	0.00226447
0.659573	0.00226436
0.66072	0.00226424
0.661868	0.00226412
0.663016	0.00226398
0.664163	0.00226384
0.665311	0.00226368
0.666458	0.00226352
0.667606	0.00226335
0.668753	0.00226316
0.669901	0.00226297
0.671048	0.00226277
0.672196	0.00226256
0.673343	0.00226234
0.674491	0.0022621
0.675639	0.00226186
0.676786	0.0022616
0.677934	0.00226133
0.679081	0.00226105
0.680229	0.00226076
0.681376	0.00226047
0.682524	0.00226017
0.683671	0.00225988
0.684819	0.00225959
0.685967	0.00225933
0.687114	0.00225909
0.688262	0.00225887
0.689409	0.00225869
0.690557	0.00225855
0.691704	0.00225844
0.692852	0.00225838
0.693999	0.00225835
0.695147	0.00225836
0.696294	0.0022584
0.697442	0.00225849
0.69859	0.0022586
0.699737	0.00225875
0.700885	0.00225894
0.702032	0.00225915
0.70318	0.00225939
0.704327	0.00225966
0.705475	0.00225996
0.706622	0.00226028
0.70777	0.00226063
0.708918	0.00226101
0.710065	0.00226141
0.711213	0.00226184
0.71236	0.0022623
0.713508	0.00226279
0.714655	0.00226331
0.715803	0.00226386
0.71695	0.00226445
0.718098	0.00226508
0.719245	0.00226575
0.720393	0.00226647
0.721541	0.00226724
0.722688	0.00226807
0.723836	0.00226896
0.724983	0.00226992
0.726131	0.00227097
0.727278	0.0022721
0.728426	0.00227333
0.729573	0.00227466
0.730721	0.00227612
0.731869	0.00227771
0.733016	0.00227944
0.734164	0.00228133
0.735311	0.0022834
0.736459	0.00228567
0.737606	0.00228815
0.738754	0.00229087
0.739901	0.00229384
0.741049	0.0022971
0.742197	0.00230064
0.743344	0.00230449
0.744492	0.00230862
0.745639	0.00231298
0.746787	0.00231763
0.747934	0.00232291
0.749082	0.00232935
0.750229	0.00233688
0.751377	0.00234492
0.752524	0.00235313
0.753672	0.00236137
0.75482	0.00236925
0.755967	0.00237681
0.757115	0.00238339
0.758262	0.00239002
0.75941	0.00239534
0.760557	0.00240705
0.761705	0.00241698
0.762852	0.00242244
0.763426	0.00242747
0.763713	0.00242899
0.764	0.00242943
)
