(title "Total Pressure")
(labels "Position" "Total Pressure")

((xy/key/label "axis")
-0.01	5126.42
-0.00996848	5126.2
-0.00993696	5125.91
-0.00990545	5125.78
-0.00987393	5125.64
-0.00981089	5125.47
-0.00974786	5125.27
-0.00962179	5124.78
-0.00949571	5124.78
-0.00936964	5124.87
-0.00924357	5124.94
-0.0091175	5125.02
-0.00899143	5125.1
-0.00886536	5125.19
-0.00873929	5125.25
-0.00861321	5125.29
-0.00848714	5125.34
-0.00836107	5125.42
-0.008235	5125.55
-0.00810893	5125.73
-0.00798286	5125.96
-0.00785679	5126.23
-0.00773071	5126.51
-0.00760464	5126.77
-0.00747857	5126.99
-0.0073525	5127.16
-0.00722643	5127.28
-0.00710036	5127.4
-0.00697429	5127.56
-0.00684821	5127.77
-0.00672214	5128.01
-0.00659607	5128.27
-0.00647	5128.54
-0.00633636	5128.85
-0.00620273	5129.19
-0.00606909	5129.56
-0.00593545	5129.98
-0.00580182	5130.43
-0.00566818	5130.92
-0.00553455	5131.45
-0.00540091	5132.01
-0.00526727	5132.62
-0.00513364	5133.27
-0.005	5133.95
-0.00486636	5134.66
-0.00473273	5135.4
-0.00459909	5136.15
-0.00446545	5136.92
-0.00433182	5137.69
-0.00419818	5138.47
-0.00406455	5139.25
-0.00393091	5140.01
-0.00379727	5140.77
-0.00366364	5141.52
-0.00353	5142.26
-0.00340393	5142.95
-0.00327786	5143.61
-0.00315179	5144.23
-0.00302571	5144.82
-0.00289964	5145.39
-0.00277357	5145.93
-0.0026475	5146.45
-0.00252143	5146.95
-0.00239536	5147.42
-0.00226929	5147.86
-0.00214321	5148.28
-0.00201714	5148.68
-0.00189107	5149.05
-0.001765	5149.4
-0.00163893	5149.72
-0.00151286	5150.02
-0.00138679	5150.29
-0.00126071	5150.55
-0.00113464	5150.77
-0.00100857	5150.98
-0.0008825	5151.17
-0.000756428	5151.33
-0.000630357	5151.48
-0.000504286	5151.6
-0.000378214	5151.72
-0.000252143	5151.81
-0.000126071	5151.91
1.52316e-10	5151.95
0.000138276	5151.87
0.000276552	5151.76
0.000414827	5151.67
0.000553103	5151.6
0.000691379	5151.54
0.000829655	5151.5
0.00096793	5151.48
0.00110621	5151.51
0.00124448	5151.55
0.00138276	5151.58
0.00152103	5151.57
0.00165931	5151.55
0.00179758	5151.56
0.00193586	5151.6
0.00207414	5151.66
0.00221241	5151.73
0.00235069	5151.82
0.00248896	5151.91
0.00262724	5152.02
0.00276552	5152.13
0.00290379	5152.25
0.00304207	5152.38
0.00318034	5152.51
0.00331862	5152.66
0.00345689	5152.81
0.00359517	5152.97
0.00373345	5153.13
0.00387172	5153.31
0.00401	5153.49
0.00414827	5153.69
0.00428655	5153.92
0.00442482	5154.15
0.0045631	5154.38
0.00470138	5154.59
0.00483965	5154.8
0.00497793	5155.01
0.0051162	5155.22
0.00525448	5155.43
0.00539275	5155.62
0.00553103	5155.81
0.00566931	5155.98
0.00580758	5156.12
0.00594586	5156.22
0.00608413	5156.24
0.00622241	5156.17
0.00636068	5155.99
0.00649896	5155.71
0.00663724	5155.35
0.00677551	5154.97
0.00691379	5154.67
0.00705206	5154.64
0.00719034	5154.81
0.00732861	5155.08
0.00746689	5155.5
0.00760517	5156.03
0.00774344	5156.58
0.00788172	5157.06
0.00801999	5157.43
0.00815827	5157.71
0.00829654	5157.91
0.00843482	5158.04
0.00843482	5158.04
0.0085731	5158.15
0.00871137	5158.23
0.00884965	5158.31
0.00898792	5158.4
0.0091262	5158.48
0.00926447	5158.58
0.00940275	5158.69
0.00954103	5158.8
0.0096793	5158.93
0.00981758	5159.06
0.00995585	5159.2
0.0100941	5159.34
0.0102324	5159.49
0.0103707	5159.64
0.010509	5159.78
0.0106472	5159.92
0.0107855	5160.06
0.0109238	5160.19
0.0110621	5160.31
0.0112003	5160.42
0.0113386	5160.53
0.0114769	5160.63
0.0116152	5160.73
0.0117534	5160.83
0.0118917	5160.93
0.01203	5161.04
0.0121683	5161.15
0.0123065	5161.25
0.0124448	5161.36
0.0125831	5161.47
0.0127214	5161.56
0.0128596	5161.65
0.0129979	5161.72
0.0131362	5161.77
0.0132745	5161.81
0.0134127	5161.84
0.013551	5161.86
0.0136893	5161.88
0.0138276	5161.91
0.0139659	5161.95
0.0141041	5162
0.0142424	5162.07
0.0143807	5162.17
0.014519	5162.28
0.0146572	5162.42
0.0147955	5162.57
0.0149338	5162.73
0.0150721	5162.89
0.0152103	5163.05
0.0153486	5163.21
0.0154869	5163.36
0.0156252	5163.49
0.0157634	5163.6
0.0159017	5163.7
0.01604	5163.78
0.0161783	5163.84
0.0163165	5163.88
0.0164548	5163.91
0.0165931	5163.92
0.0167314	5163.93
0.0168696	5163.93
0.0170079	5163.92
0.0171462	5163.91
0.0172845	5163.9
0.0174227	5163.9
0.017561	5163.89
0.0176993	5163.89
0.0178376	5163.9
0.0179758	5163.91
0.0181141	5163.94
0.0182524	5163.96
0.0183907	5164
0.0185289	5164.04
0.0186672	5164.09
0.0188055	5164.14
0.0189438	5164.19
0.0190821	5164.25
0.0192203	5164.31
0.0193586	5164.36
0.0194969	5164.42
0.0196352	5164.48
0.0197734	5164.53
0.0199117	5164.57
0.02005	5164.62
0.0201883	5164.66
0.0203265	5164.69
0.0204648	5164.72
0.0206031	5164.75
0.0207414	5164.78
0.0208796	5164.8
0.0210179	5164.83
0.0211562	5164.85
0.0212945	5164.87
0.0214327	5164.89
0.021571	5164.92
0.0217093	5164.94
0.0218476	5164.96
0.0219858	5164.99
0.0221241	5165.01
0.0222624	5165.04
0.0224007	5165.06
0.0225389	5165.08
0.0226772	5165.1
0.0228155	5165.11
0.0229538	5165.12
0.0230921	5165.12
0.0232303	5165.12
0.0233686	5165.11
0.0235069	5165.1
0.0236452	5165.08
0.0237834	5165.05
0.0239217	5165.02
0.02406	5164.99
0.0241983	5164.95
0.0243365	5164.9
0.0244748	5164.86
0.0246131	5164.81
0.0247514	5164.76
0.0248896	5164.72
0.0250279	5164.67
0.0251662	5164.63
0.0253045	5164.59
0.0254427	5164.55
0.025581	5164.51
0.0257193	5164.48
0.0258576	5164.45
0.0259958	5164.42
0.0261341	5164.39
0.0262724	5164.36
0.0264107	5164.34
0.0265489	5164.31
0.0266872	5164.29
0.0268255	5164.26
0.0269638	5164.23
0.027102	5164.2
0.0272403	5164.16
0.0273786	5164.12
0.0275169	5164.07
0.0275169	5164.07
0.0276551	5164.03
0.0277934	5163.97
0.0279317	5163.92
0.02807	5163.86
0.0282083	5163.79
0.0283465	5163.73
0.0284848	5163.66
0.0286231	5163.58
0.0287614	5163.51
0.0288996	5163.44
0.0290379	5163.36
0.0291762	5163.29
0.0293145	5163.22
0.0294527	5163.15
0.029591	5163.08
0.0297293	5163.01
0.0298676	5162.95
0.0300058	5162.89
0.0301441	5162.83
0.0302824	5162.77
0.0304207	5162.72
0.0305589	5162.67
0.0306972	5162.63
0.0308355	5162.59
0.0309738	5162.55
0.031112	5162.51
0.0312503	5162.48
0.0313886	5162.44
0.0315269	5162.41
0.0316651	5162.38
0.0318034	5162.35
0.0319417	5162.32
0.03208	5162.29
0.0322182	5162.27
0.0323565	5162.24
0.0324948	5162.22
0.0326331	5162.19
0.0327714	5162.17
0.0329096	5162.15
0.0330479	5162.14
0.0331862	5162.13
0.0333245	5162.13
0.0334627	5162.14
0.033601	5162.15
0.0337393	5162.18
0.0338776	5162.21
0.0340158	5162.25
0.0341541	5162.3
0.0342924	5162.36
0.0344307	5162.43
0.0345689	5162.51
0.0347072	5162.61
0.0348455	5162.72
0.0349838	5162.84
0.035122	5162.98
0.0352603	5163.12
0.0353986	5163.26
0.0355369	5163.41
0.0356751	5163.56
0.0358134	5163.72
0.0359517	5163.89
0.03609	5164.08
0.0362282	5164.28
0.0363665	5164.49
0.0365048	5164.72
0.0366431	5164.96
0.0367813	5165.21
0.0369196	5165.46
0.0370579	5165.73
0.0371962	5166
0.0373344	5166.27
0.0374727	5166.54
0.037611	5166.81
0.0377493	5167.08
0.0378876	5167.34
0.0380258	5167.6
0.0381641	5167.85
0.0383024	5168.1
0.0384407	5168.34
0.0385789	5168.56
0.0387172	5168.79
0.0388555	5169.01
0.0389938	5169.23
0.039132	5169.45
0.0392703	5169.67
0.0394086	5169.88
0.0395469	5170.09
0.0396851	5170.3
0.0398234	5170.51
0.0399617	5170.72
0.0401	5170.92
0.0402382	5171.11
0.0403765	5171.31
0.0405148	5171.5
0.0406531	5171.69
0.0407913	5171.88
0.0409296	5172.06
0.0410679	5172.25
0.0412062	5172.43
0.0413444	5172.61
0.0414827	5172.79
0.041621	5172.97
0.0417684	5173.15
0.0419161	5173.33
0.042064	5173.52
0.0422122	5173.7
0.0423606	5173.89
0.0425092	5174.07
0.0426581	5174.26
0.0428072	5174.45
0.0429565	5174.64
0.0431061	5174.83
0.043256	5175.02
0.043406	5175.22
0.0435563	5175.41
0.0437069	5175.6
0.0438577	5175.8
0.0440087	5176
0.04416	5176.19
0.0443115	5176.39
0.0444632	5176.58
0.0446152	5176.78
0.0447675	5176.97
0.0449199	5177.16
0.0450727	5177.35
0.0452257	5177.54
0.0453789	5177.73
0.0455323	5177.92
0.045686	5178.1
0.04584	5178.29
0.0459942	5178.47
0.0461487	5178.65
0.0463034	5178.82
0.0464583	5179
0.0466135	5179.17
0.0467689	5179.34
0.0469246	5179.5
0.0470806	5179.67
0.0472368	5179.83
0.0473932	5179.98
0.0475499	5180.14
0.0477068	5180.29
0.047864	5180.44
0.0480215	5180.59
0.0481792	5180.73
0.0483371	5180.88
0.0484953	5181.01
0.0486538	5181.15
0.0488125	5181.28
0.0489715	5181.41
0.0491307	5181.54
0.0492902	5181.66
0.0494499	5181.78
0.0496099	5181.89
0.0497701	5182
0.0499306	5182.11
0.0500914	5182.21
0.0502524	5182.31
0.0504137	5182.4
0.0505752	5182.49
0.050737	5182.58
0.050899	5182.66
0.0510613	5182.73
0.0512239	5182.8
0.0512239	5182.8
0.0513867	5182.87
0.0515498	5182.93
0.0517132	5182.98
0.0518768	5183.03
0.0520407	5183.07
0.0522048	5183.1
0.0523692	5183.13
0.0525339	5183.14
0.0526988	5183.15
0.052864	5183.15
0.0530294	5183.13
0.0531952	5183.1
0.0533612	5183.05
0.0535274	5182.98
0.0536939	5182.89
0.0538607	5182.78
0.0540278	5182.64
0.0541951	5182.47
0.0543627	5182.26
0.0545305	5182.01
0.0546987	5181.72
0.054867	5181.37
0.0550357	5180.98
0.0552046	5180.52
0.0553739	5179.99
0.0555433	5179.4
0.0557131	5178.72
0.0558831	5177.97
0.0560534	5177.12
0.056224	5176.11
0.0563948	5174.94
0.0565659	5173.61
0.0567373	5172.13
0.056909	5170.55
0.0570809	5168.91
0.0572531	5167.23
0.0574256	5165.56
0.0575983	5163.92
0.0577714	5162.33
0.0579447	5160.8
0.0581183	5159.33
0.0582922	5157.92
0.0584663	5156.58
0.0586408	5155.32
0.0588155	5154.11
0.0589905	5152.91
0.0591657	5151.64
0.0593413	5150.31
0.0595171	5148.91
0.0596932	5147.45
0.0598696	5145.94
0.0600463	5144.36
0.0602233	5142.72
0.0604005	5141.02
0.060578	5139.25
0.0607558	5137.39
0.0609339	5135.43
0.0611123	5133.35
0.061291	5131.14
0.0614699	5128.81
0.0616492	5126.31
0.0618287	5123.61
0.0620085	5120.67
0.0621886	5117.47
0.062369	5113.99
0.0625497	5110.24
0.0627307	5106.22
0.062912	5101.97
0.0630935	5097.53
0.0632753	5093
0.0634575	5088.49
0.0636399	5084.19
0.0638226	5080.26
0.0640056	5076.74
0.0641889	5073.73
0.0643725	5071.36
0.0645564	5069.75
0.0647406	5069
0.0649251	5069.18
0.0651099	5070.3
0.065295	5072.36
0.0654803	5075.3
0.065666	5079.04
0.0658519	5083.48
0.0660382	5088.55
0.0662248	5094.16
0.0664116	5100.14
0.0665988	5106.3
0.0667862	5112.5
0.066974	5118.58
0.0671621	5124.37
0.0673504	5129.71
0.0675391	5134.44
0.0677281	5138.49
0.0679173	5141.81
0.0681069	5144.44
0.0682968	5146.44
0.0684869	5147.91
0.0686774	5148.99
0.0688682	5149.79
0.0690593	5150.41
0.0692507	5150.87
0.0694424	5151.15
0.0696344	5151.31
0.0698267	5151.34
0.0700194	5151.2
0.0702123	5151.02
0.0704056	5150.88
0.0705991	5150.76
0.070793	5150.65
0.0709872	5150.51
0.0711816	5150.32
0.0713765	5150.06
0.0715716	5149.74
0.071767	5149.37
0.071767	5149.37
0.0719627	5148.97
0.0721588	5148.58
0.0723551	5148.23
0.0725518	5147.94
0.0727488	5147.68
0.0729461	5147.44
0.0731438	5147.22
0.0733417	5147.01
0.0735399	5146.82
0.0737385	5146.64
0.0739374	5146.47
0.0741366	5146.31
0.0743362	5146.15
0.074536	5146
0.0747362	5145.86
0.0749367	5145.72
0.0751375	5145.58
0.0753386	5145.45
0.0755401	5145.34
0.0757419	5145.23
0.075944	5145.14
0.0761464	5145.06
0.0763492	5145
0.0765522	5144.97
0.0767557	5144.95
0.0769594	5144.95
0.0771634	5144.97
0.0773678	5145.02
0.0775725	5145.08
0.0777776	5145.17
0.0779829	5145.27
0.0781886	5145.38
0.0783947	5145.51
0.078601	5145.65
0.0788077	5145.8
0.0790147	5145.96
0.0792221	5146.12
0.0794297	5146.29
0.0796377	5146.46
0.0798461	5146.63
0.0800548	5146.8
0.0802638	5146.97
0.0804731	5147.14
0.0806828	5147.32
0.0808928	5147.49
0.0811032	5147.68
0.0813139	5147.89
0.0815249	5148.12
0.0817363	5148.37
0.081948	5148.63
0.08216	5148.9
0.0823724	5149.14
0.0825851	5149.32
0.0827982	5149.4
0.0830116	5149.37
0.0832254	5149.3
0.0834395	5149.29
0.0836539	5149.36
0.0838687	5149.51
0.0840838	5149.72
0.0842993	5149.98
0.0845151	5150.25
0.0847313	5150.52
0.0849478	5150.77
0.0851646	5151
0.0853818	5151.2
0.0855994	5151.38
0.0858172	5151.56
0.0860355	5151.73
0.0862541	5151.91
0.086473	5152.09
0.0866923	5152.26
0.086912	5152.44
0.087132	5152.62
0.0873523	5152.79
0.087573	5152.97
0.0877941	5153.15
0.0880155	5153.33
0.0882373	5153.51
0.0884594	5153.7
0.0886819	5153.88
0.0889047	5154.07
0.0891279	5154.26
0.0893514	5154.46
0.0895753	5154.66
0.0897996	5154.86
0.0900242	5155.06
0.0902492	5155.27
0.0904746	5155.48
0.0907003	5155.7
0.0909263	5155.92
0.0911528	5156.15
0.0913796	5156.38
0.0916067	5156.61
0.0918342	5156.85
0.0920621	5157.09
0.0922904	5157.33
0.092519	5157.57
0.092748	5157.81
0.0929773	5158.06
0.093207	5158.3
0.0934371	5158.54
0.0936676	5158.78
0.0938984	5159.01
0.0941296	5159.25
0.0943611	5159.48
0.0945931	5159.71
0.0948254	5159.94
0.095058	5160.17
0.0952911	5160.4
0.0955245	5160.64
0.0957583	5160.88
0.0959925	5161.13
0.096227	5161.4
0.0964619	5161.67
0.0966972	5161.97
0.0969329	5162.28
0.097169	5162.61
0.0974054	5162.96
0.0976422	5163.34
0.0978794	5163.74
0.098117	5164.16
0.0983549	5164.61
0.0985932	5165.08
0.0988319	5165.58
0.099071	5166.09
0.0993105	5166.61
0.0995504	5167.15
0.0997906	5167.7
0.100031	5168.25
0.100272	5168.8
0.100514	5169.34
0.100755	5169.86
0.100998	5170.36
0.10124	5170.82
0.101483	5171.25
0.101726	5171.61
0.10197	5171.92
0.102214	5172.15
0.102214	5172.15
0.102459	5172.28
0.102704	5172.32
0.102949	5172.23
0.103195	5172.01
0.103441	5171.64
0.103687	5171.09
0.103934	5170.35
0.104181	5169.41
0.104429	5168.24
0.104677	5166.82
0.104926	5165.12
0.105174	5163.14
0.105424	5160.88
0.105673	5158.19
0.105923	5154.94
0.106174	5151.07
0.106425	5146.73
0.106676	5142.2
0.106928	5137.87
0.10718	5133.97
0.107432	5130.47
0.107685	5126.96
0.107938	5122.99
0.108192	5118.59
0.108446	5113.78
0.108701	5108.64
0.108956	5103.24
0.109211	5097.71
0.109467	5092.27
0.109723	5087.27
0.109979	5083.18
0.110236	5080.09
0.110494	5077.87
0.110751	5076.54
0.111009	5076.15
0.111268	5076.68
0.111527	5078.08
0.111787	5080.25
0.112046	5083.09
0.112307	5086.45
0.112567	5090.18
0.112828	5094.11
0.11309	5098.08
0.113352	5101.97
0.113614	5105.7
0.113877	5109.14
0.11414	5112.18
0.114404	5114.74
0.114668	5116.79
0.114932	5118.36
0.115197	5119.56
0.115462	5120.43
0.115728	5120.98
0.115994	5121.24
0.116261	5121.25
0.116528	5121.07
0.116795	5120.73
0.117063	5120.28
0.117332	5119.77
0.1176	5119.23
0.117869	5118.69
0.118139	5118.18
0.118409	5117.73
0.11868	5117.35
0.11895	5117.05
0.119222	5116.84
0.119494	5116.72
0.119766	5116.68
0.120038	5116.71
0.120311	5116.82
0.120585	5116.98
0.120859	5117.19
0.121133	5117.44
0.121408	5117.73
0.121683	5118.04
0.121959	5118.36
0.122235	5118.71
0.122512	5119.06
0.122789	5119.41
0.123066	5119.77
0.123344	5120.14
0.123623	5120.51
0.123901	5120.88
0.124181	5121.24
0.12446	5121.61
0.12474	5121.98
0.125021	5122.34
0.125302	5122.71
0.125584	5123.07
0.125866	5123.42
0.126148	5123.78
0.126431	5124.13
0.126714	5124.48
0.126998	5124.82
0.127282	5125.16
0.127567	5125.5
0.127852	5125.83
0.128137	5126.16
0.128423	5126.49
0.12871	5126.81
0.128997	5127.13
0.129284	5127.46
0.129572	5127.78
0.129861	5128.09
0.130149	5128.43
0.130439	5128.87
0.130728	5129.42
0.131019	5129.97
0.131309	5130.15
0.1316	5129.98
0.131892	5129.92
0.132184	5130.18
0.132476	5130.68
0.132769	5131.28
0.133063	5131.84
0.133357	5132.29
0.133651	5132.69
0.133946	5133.07
0.134241	5133.43
0.134537	5133.79
0.134834	5134.13
0.13513	5134.45
0.135428	5134.77
0.135725	5135.07
0.136023	5135.35
0.136322	5135.63
0.136621	5135.89
0.136921	5136.14
0.137221	5136.38
0.137522	5136.61
0.137823	5136.84
0.138124	5137.06
0.138426	5137.28
0.138729	5137.49
0.139032	5137.7
0.139335	5137.92
0.139639	5138.13
0.139944	5138.35
0.140249	5138.57
0.140554	5138.8
0.14086	5139.03
0.141166	5139.27
0.141473	5139.51
0.141781	5139.77
0.142089	5140.02
0.142397	5140.29
0.142706	5140.56
0.143015	5140.83
0.143325	5141.1
0.143636	5141.36
0.143946	5141.63
0.144258	5141.88
0.14457	5142.13
0.144882	5142.36
0.145195	5142.57
0.145508	5142.76
0.145822	5142.93
0.146137	5143.07
0.146451	5143.18
0.146767	5143.25
0.147083	5143.29
0.147399	5143.28
0.147716	5143.24
0.148033	5143.14
0.148351	5143
0.14867	5142.81
0.148989	5142.57
0.149308	5142.27
0.149628	5141.92
0.149948	5141.51
0.150269	5141.04
0.150591	5140.51
0.150913	5139.92
0.151235	5139.26
0.151559	5138.55
0.151882	5137.76
0.152206	5136.92
0.152531	5136
0.152856	5135.02
0.153181	5133.98
0.153508	5132.84
0.153834	5131.49
0.154162	5129.86
0.154489	5128.02
0.154818	5126.37
0.155146	5125.53
0.155476	5125.27
0.155805	5124.74
0.156136	5123.6
0.156467	5121.96
0.156798	5120.05
0.15713	5118.09
0.157463	5116.3
0.157796	5114.74
0.158129	5113.32
0.158463	5111.99
0.158798	5110.75
0.159133	5109.6
0.159469	5108.56
0.159805	5107.63
0.160142	5106.81
0.160479	5106.11
0.160817	5105.53
0.161155	5105.07
0.161494	5104.73
0.161834	5104.52
0.162174	5104.43
0.162514	5104.47
0.162855	5104.62
0.163197	5104.89
0.163197	5104.89
0.163539	5105.26
0.163882	5105.72
0.164225	5106.27
0.164569	5106.89
0.164913	5107.57
0.165258	5108.3
0.165604	5109.05
0.16595	5109.83
0.166297	5110.62
0.166644	5111.41
0.166991	5112.19
0.16734	5112.96
0.167689	5113.72
0.168038	5114.46
0.168388	5115.19
0.168738	5115.89
0.16909	5116.57
0.169441	5117.24
0.169793	5117.89
0.170146	5118.51
0.170499	5119.12
0.170853	5119.71
0.171208	5120.29
0.171563	5120.85
0.171918	5121.4
0.172275	5121.93
0.172631	5122.49
0.172989	5123.35
0.173347	5124.19
0.173705	5124.21
0.174064	5123.94
0.174424	5124.29
0.174784	5125.03
0.175145	5125.69
0.175506	5126.16
0.175868	5126.57
0.17623	5126.94
0.176594	5127.29
0.176957	5127.6
0.177321	5127.9
0.177686	5128.17
0.178052	5128.43
0.178418	5128.66
0.178784	5128.89
0.179151	5129.09
0.179519	5129.27
0.179888	5129.44
0.180256	5129.6
0.180626	5129.74
0.180996	5129.86
0.181367	5129.98
0.181738	5130.08
0.18211	5130.18
0.182483	5130.28
0.182856	5130.37
0.183229	5130.46
0.183604	5130.55
0.183979	5130.64
0.184354	5130.72
0.18473	5130.8
0.185107	5130.88
0.185484	5130.94
0.185862	5131
0.186241	5131.05
0.18662	5131.09
0.186999	5131.11
0.18738	5131.12
0.187761	5131.1
0.188142	5131.07
0.188524	5131.02
0.188907	5130.95
0.189291	5130.86
0.189675	5130.74
0.190059	5130.6
0.190444	5130.43
0.19083	5130.24
0.191217	5130.01
0.191217	5130.01
0.191604	5129.75
0.191992	5129.45
0.19238	5129.12
0.192769	5128.74
0.193158	5128.32
0.193549	5127.86
0.193939	5127.37
0.194331	5126.85
0.194723	5126.28
0.195116	5125.68
0.195509	5125.01
0.195903	5124.12
0.196298	5123.3
0.196693	5122.88
0.197089	5122.46
0.197485	5121.63
0.197882	5120.57
0.19828	5119.56
0.198678	5118.63
0.199077	5117.7
0.199477	5116.77
0.199877	5115.83
0.200278	5114.88
0.20068	5113.92
0.201082	5112.96
0.201485	5111.97
0.201889	5110.97
0.202293	5109.94
0.202698	5108.88
0.203103	5107.76
0.203509	5106.6
0.203916	5105.39
0.204324	5104.09
0.204732	5102.68
0.20514	5101.12
0.20555	5099.35
0.20596	5097.36
0.20637	5095.09
0.206782	5092.54
0.207194	5089.69
0.207607	5086.48
0.20802	5082.81
0.208434	5078.56
0.208849	5073.68
0.209264	5068.01
0.20968	5061.28
0.210097	5053.44
0.210514	5044.56
0.210932	5034.81
0.211351	5024.21
0.21177	5012.41
0.21219	4999
0.212611	4983.83
0.213032	4966.94
0.213454	4948.29
0.213877	4927.67
0.2143	4904.75
0.214724	4879.07
0.215149	4850.15
0.215574	4817.5
0.216	4780.65
0.216427	4739.2
0.216855	4692.82
0.217283	4641.25
0.217712	4584.32
0.218141	4521.93
0.218571	4454.1
0.219002	4380.97
0.219434	4302.8
0.219866	4219.91
0.220299	4132.7
0.220733	4041.63
0.221167	3947.25
0.221602	3850.17
0.222038	3750.97
0.222475	3650.3
0.222912	3548.93
0.22335	3447.61
0.223788	3347.01
0.224227	3247.71
0.224667	3150.09
0.225108	3054.43
0.225549	2961.07
0.225992	2870.39
0.226434	2782.65
0.226878	2697.95
0.227322	2616.33
0.227767	2537.77
0.228213	2462.27
0.228659	2389.78
0.229106	2320.24
0.229554	2253.57
0.230002	2189.67
0.230452	2128.46
0.230902	2069.83
0.231352	2013.68
0.231804	1959.89
0.232256	1908.37
0.232708	1859.01
0.233162	1811.71
0.233616	1766.36
0.234071	1722.88
0.234527	1681.18
0.234984	1641.16
0.235441	1602.75
0.235899	1565.87
0.236357	1530.45
0.236817	1496.42
0.237277	1463.71
0.237738	1432.25
0.238199	1402
0.238662	1372.88
0.239125	1344.85
0.239589	1317.86
0.240053	1291.85
0.240519	1266.79
0.240985	1242.62
0.241451	1219.3
0.241919	1196.8
0.242387	1175.08
0.242856	1154.1
0.243326	1133.82
0.243797	1114.22
0.244268	1095.27
0.24474	1076.93
0.245213	1059.18
0.245687	1041.99
0.246161	1025.33
0.246636	1009.18
0.247112	993.517
0.247588	978.319
0.248066	963.564
0.248544	949.233
0.249023	935.307
0.249503	921.769
0.249983	908.601
0.250464	895.788
0.250946	883.314
0.251429	871.167
0.251913	859.332
0.252397	847.797
0.252882	836.55
0.253368	825.582
0.253855	814.881
0.254342	804.438
0.25483	794.244
0.255319	784.291
0.255809	774.57
0.2563	765.075
0.256791	755.798
0.257283	746.734
0.257776	737.877
0.25827	729.22
0.258764	720.759
0.259259	712.487
0.259756	704.399
0.260252	696.492
0.26075	688.759
0.261249	681.198
0.261748	673.804
0.262248	666.572
0.262749	659.5
0.26325	652.583
0.263753	645.817
0.264256	639.198
0.26476	632.724
0.265265	626.39
0.265771	620.192
0.266277	614.128
0.266785	608.192
0.267293	602.383
0.267802	596.696
0.268312	591.127
0.268822	585.674
0.269334	580.333
0.269846	575.1
0.270359	569.973
0.270873	564.948
0.270873	564.948
0.271388	560.022
0.271903	555.191
0.272419	550.454
0.272937	545.807
0.273455	541.247
0.273973	536.772
0.274493	532.379
0.275014	528.066
0.275535	523.831
0.276057	519.671
0.27658	515.584
0.277104	511.568
0.277629	507.622
0.278154	503.743
0.27868	499.931
0.279208	496.183
0.279736	492.497
0.280265	488.874
0.280794	485.31
0.281325	481.806
0.281856	478.359
0.282389	474.968
0.282922	471.634
0.283456	468.353
0.283991	465.126
0.284526	461.951
0.285063	458.828
0.2856	455.754
0.286139	452.731
0.286678	449.755
0.287218	446.828
0.287759	443.947
0.2883	441.111
0.288843	438.321
0.289386	435.575
0.289931	432.871
0.290476	430.21
0.291022	427.591
0.291569	425.012
0.292117	422.473
0.292666	419.972
0.293215	417.51
0.293766	415.085
0.294317	412.697
0.294869	410.345
0.295422	408.028
0.295976	405.746
0.296531	403.497
0.297087	401.282
0.297644	399.099
0.298201	396.948
0.29876	394.828
0.299319	392.739
0.29988	390.68
0.300441	388.651
0.301003	386.651
0.301566	384.679
0.30213	382.735
0.302694	380.819
0.30326	378.93
0.303827	377.068
0.304394	375.231
0.304962	373.42
0.305532	371.635
0.306102	369.874
0.306673	368.137
0.307245	366.424
0.307245	366.424
0.307818	364.735
0.308392	363.069
0.308967	361.425
0.309543	359.804
0.310119	358.205
0.310697	356.628
0.311275	355.071
0.311855	353.536
0.312435	352.022
0.313016	350.527
0.313598	349.053
0.314182	347.599
0.314766	346.163
0.315351	344.747
0.315937	343.35
0.316523	341.97
0.317111	340.609
0.3177	339.265
0.31829	337.939
0.31888	336.63
0.319472	335.337
0.320065	334.061
0.320658	332.801
0.321252	331.557
0.321848	330.328
0.322444	329.115
0.323042	327.917
0.32364	326.734
0.324239	325.565
0.324839	324.411
0.32544	323.271
0.326042	322.146
0.326646	321.033
0.32725	319.935
0.327855	318.85
0.328461	317.778
0.329067	316.719
0.329675	315.672
0.330284	314.639
0.330894	313.617
0.331505	312.608
0.332117	311.611
0.33273	310.626
0.333343	309.652
0.333958	308.689
0.334574	307.738
0.335191	306.798
0.335808	305.869
0.336427	304.951
0.337047	304.043
0.337667	303.145
0.338289	302.258
0.338912	301.381
0.339536	300.514
0.34016	299.656
0.340786	298.808
0.341413	297.97
0.34204	297.141
0.342669	296.321
0.343299	295.51
0.343929	294.708
0.344561	293.914
0.345194	293.13
0.345828	292.353
0.346462	291.586
0.347098	290.826
0.347735	290.075
0.348373	289.331
0.349012	288.596
0.349652	287.868
0.350292	287.148
0.350934	286.436
0.351577	285.731
0.352221	285.033
0.352866	284.343
0.353512	283.659
0.354159	282.983
0.354807	282.314
0.355457	281.651
0.356107	280.996
0.356758	280.347
0.35741	279.704
0.358064	279.068
0.358718	278.439
0.359373	277.815
0.36003	277.198
0.360687	276.587
0.361346	275.982
0.362006	275.383
0.362666	274.79
0.363328	274.203
0.363991	273.622
0.364655	273.046
0.36532	272.476
0.365986	271.911
0.366653	271.351
0.367321	270.797
0.36799	270.249
0.36866	269.705
0.369332	269.167
0.370004	268.633
0.370678	268.105
0.371352	267.581
0.372028	267.063
0.372704	266.549
0.373382	266.04
0.374061	265.535
0.374741	265.035
0.375422	264.54
0.376104	264.049
0.376788	263.563
0.377472	263.081
0.378158	262.603
0.378844	262.129
0.379532	261.659
0.380221	261.194
0.38091	260.733
0.381601	260.275
0.382293	259.822
0.382987	259.372
0.383681	258.926
0.384376	258.484
0.385073	258.046
0.38577	257.611
0.386469	257.18
0.387169	256.753
0.38787	256.329
0.388572	255.909
0.389275	255.492
0.38998	255.078
0.390685	254.668
0.391392	254.261
0.3921	253.857
0.392809	253.457
0.393519	253.059
0.39423	252.665
0.394942	252.274
0.395655	251.886
0.39637	251.501
0.397086	251.119
0.397803	250.739
0.398521	250.363
0.39924	249.99
0.39996	249.619
0.400682	249.251
0.401404	248.886
0.401404	248.886
0.402128	248.524
0.402853	248.165
0.403579	247.808
0.404306	247.454
0.405035	247.102
0.405765	246.753
0.406495	246.407
0.407227	246.063
0.40796	245.721
0.408695	245.382
0.40943	245.046
0.410167	244.711
0.410905	244.379
0.411644	244.05
0.412384	243.722
0.413125	243.397
0.413868	243.074
0.414612	242.753
0.415357	242.435
0.416103	242.118
0.41685	241.803
0.417599	241.491
0.418348	241.18
0.419099	240.872
0.419851	240.565
0.420605	240.26
0.421359	239.958
0.422115	239.657
0.422872	239.358
0.42363	239.061
0.42439	238.766
0.42515	238.473
0.425912	238.182
0.426675	237.892
0.427439	237.604
0.428205	237.318
0.428972	237.034
0.42974	236.752
0.430509	236.471
0.431279	236.192
0.432051	235.914
0.432824	235.639
0.433598	235.365
0.434373	235.093
0.43515	234.822
0.435928	234.553
0.436707	234.286
0.437487	234.02
0.438269	233.756
0.439052	233.493
0.439836	233.233
0.440621	232.973
0.441408	232.715
0.442196	232.459
0.442985	232.204
0.443775	231.951
0.444567	231.699
0.44536	231.449
0.446154	231.2
0.446949	230.953
0.447746	230.707
0.448544	230.463
0.449343	230.22
0.450144	229.978
0.450946	229.738
0.451749	229.499
0.452554	229.262
0.453359	229.025
0.454166	228.791
0.454975	228.557
0.455784	228.325
0.456595	228.094
0.457407	227.864
0.458221	227.636
0.459036	227.409
0.459852	227.183
0.460669	226.958
0.461488	226.734
0.462308	226.511
0.463129	226.29
0.463952	226.07
0.464776	225.85
0.465601	225.632
0.466428	225.415
0.467256	225.199
0.468085	224.984
0.468916	224.77
0.469748	224.557
0.470581	224.345
0.471416	224.134
0.472252	223.924
0.473089	223.715
0.473928	223.506
0.474768	223.299
0.475609	223.092
0.476451	222.887
0.477296	222.682
0.478141	222.478
0.478988	222.275
0.479836	222.073
0.480685	221.871
0.481536	221.67
0.482388	221.47
0.483242	221.271
0.484096	221.072
0.484953	220.874
0.48581	220.677
0.486669	220.48
0.48753	220.284
0.488392	220.089
0.489255	219.894
0.489255	219.894
0.490119	219.7
0.490985	219.506
0.491852	219.313
0.492721	219.121
0.493591	218.929
0.494463	218.737
0.495336	218.547
0.49621	218.356
0.497085	218.167
0.497963	217.977
0.498841	217.789
0.499721	217.601
0.500602	217.413
0.501485	217.226
0.502369	217.039
0.503255	216.852
0.504142	216.667
0.50503	216.481
0.50592	216.296
0.506811	216.111
0.507704	215.927
0.508598	215.743
0.509493	215.56
0.51039	215.377
0.511288	215.194
0.512188	215.012
0.51309	214.83
0.513992	214.648
0.514896	214.467
0.515802	214.286
0.516709	214.105
0.517618	213.925
0.518528	213.745
0.519439	213.565
0.520352	213.385
0.521266	213.206
0.522182	213.027
0.523099	212.848
0.524018	212.67
0.524938	212.492
0.52586	212.314
0.526783	212.136
0.527708	211.958
0.528634	211.781
0.529561	211.604
0.530491	211.427
0.531421	211.251
0.532353	211.074
0.533287	210.898
0.534222	210.722
0.535158	210.546
0.536096	210.371
0.537036	210.195
0.537977	210.02
0.53892	209.845
0.539864	209.671
0.540809	209.497
0.541757	209.323
0.542705	209.149
0.543655	208.975
0.543655	208.975
0.544607	208.802
0.54556	208.629
0.546515	208.456
0.547471	208.284
0.548429	208.112
0.549388	207.94
0.550349	207.768
0.551311	207.597
0.552275	207.426
0.553241	207.256
0.554208	207.086
0.555176	206.916
0.556147	206.746
0.557118	206.577
0.558092	206.408
0.559066	206.24
0.560043	206.072
0.561021	205.905
0.562	205.739
0.562981	205.572
0.563964	205.407
0.564948	205.242
0.565934	205.078
0.566921	204.914
0.56791	204.751
0.568901	204.588
0.569893	204.426
0.570886	204.265
0.571882	204.104
0.572879	203.944
0.573877	203.785
0.574877	203.626
0.575879	203.467
0.576882	203.31
0.577887	203.153
0.578894	202.996
0.579902	202.841
0.580839	202.697
0.581777	202.554
0.582715	202.411
0.583652	202.27
0.58459	202.129
0.585528	201.99
0.586465	201.851
0.587403	201.713
0.588341	201.575
0.589278	201.439
0.590216	201.304
0.591154	201.169
0.592091	201.036
0.593029	200.903
0.593966	200.771
0.594904	200.64
0.595842	200.51
0.596779	200.381
0.597717	200.253
0.598655	200.126
0.599592	199.999
0.60053	199.874
0.601468	199.749
0.602405	199.626
0.603343	199.503
0.60449	199.354
0.605638	199.206
0.606786	199.059
0.607933	198.914
0.609081	198.77
0.610228	198.628
0.611376	198.486
0.612523	198.346
0.613671	198.207
0.614818	198.069
0.615966	197.933
0.617114	197.797
0.618261	197.663
0.619409	197.529
0.620556	197.397
0.621704	197.265
0.622851	197.135
0.623999	197.005
0.625146	196.876
0.626294	196.748
0.627441	196.622
0.628589	196.495
0.629737	196.37
0.630884	196.246
0.632032	196.122
0.633179	195.999
0.634327	195.877
0.635474	195.756
0.636622	195.636
0.637769	195.516
0.638917	195.397
0.640065	195.279
0.641212	195.162
0.64236	195.046
0.643507	194.93
0.644655	194.815
0.645802	194.7
0.64695	194.587
0.648097	194.474
0.649245	194.362
0.650392	194.251
0.65154	194.141
0.652688	194.032
0.653835	193.923
0.654983	193.815
0.65613	193.708
0.657278	193.602
0.658425	193.496
0.659573	193.39
0.66072	193.285
0.661868	193.181
0.663016	193.076
0.664163	192.973
0.665311	192.869
0.666458	192.766
0.667606	192.664
0.668753	192.562
0.669901	192.46
0.671048	192.359
0.672196	192.259
0.673343	192.16
0.674491	192.062
0.675639	191.965
0.676786	191.868
0.677934	191.773
0.679081	191.68
0.680229	191.587
0.681376	191.495
0.682524	191.405
0.683671	191.317
0.684819	191.229
0.685967	191.144
0.687114	191.061
0.688262	190.981
0.689409	190.904
0.690557	190.831
0.691704	190.761
0.692852	190.696
0.693999	190.635
0.695147	190.578
0.696294	190.526
0.697442	190.479
0.69859	190.435
0.699737	190.396
0.700885	190.361
0.702032	190.329
0.70318	190.301
0.704327	190.275
0.705475	190.253
0.706622	190.233
0.70777	190.215
0.708918	190.199
0.710065	190.184
0.711213	190.171
0.71236	190.158
0.713508	190.147
0.714655	190.135
0.715803	190.124
0.71695	190.113
0.718098	190.101
0.719245	190.089
0.720393	190.076
0.721541	190.062
0.722688	190.047
0.723836	190.031
0.724983	190.013
0.726131	189.995
0.727278	189.974
0.728426	189.952
0.729573	189.929
0.730721	189.903
0.731869	189.876
0.733016	189.847
0.734164	189.816
0.735311	189.782
0.736459	189.747
0.737606	189.709
0.738754	189.669
0.739901	189.627
0.741049	189.582
0.742197	189.535
0.743344	189.485
0.744492	189.434
0.745639	189.377
0.746787	189.321
0.747934	189.291
0.749082	189.32
0.750229	189.398
0.751377	189.484
0.752524	189.56
0.753672	189.629
0.75482	189.677
0.755967	189.728
0.757115	189.75
0.758262	189.846
0.75941	189.919
0.760557	190.582
0.761705	191.178
0.762852	191.489
0.763426	191.86
0.763713	191.975
0.764	192.009
)
