(title "Mach Number")
(labels "Position" "Mach Number")

((xy/key/label "axis")
-0.01	0.000757742
-0.00996848	0.0016076
-0.00993696	0.00372928
-0.00990545	0.00655275
-0.00987393	0.00991746
-0.00981089	0.0168122
-0.00974786	0.0232278
-0.00962179	0.0349285
-0.00949571	0.0451008
-0.00936964	0.0538908
-0.00924357	0.0612801
-0.0091175	0.0674251
-0.00899143	0.0724772
-0.00886536	0.076586
-0.00873929	0.0798874
-0.00861321	0.0825072
-0.00848714	0.0845608
-0.00836107	0.0861435
-0.008235	0.0873287
-0.00810893	0.0881665
-0.00798286	0.088684
-0.00785679	0.0888874
-0.00773071	0.0887565
-0.00760464	0.088253
-0.00747857	0.0873304
-0.0073525	0.0859393
-0.00722643	0.0840326
-0.00710036	0.0815627
-0.00697429	0.078473
-0.00684821	0.0746867
-0.00672214	0.0701058
-0.00659607	0.0646263
-0.00647	0.0581383
-0.00633636	0.050083
-0.00620273	0.0407772
-0.00606909	0.030248
-0.00593545	0.0191737
-0.00580182	0.0125391
-0.00566818	0.0170318
-0.00553455	0.0308623
-0.00540091	0.0482449
-0.00526727	0.0671935
-0.00513364	0.0872675
-0.005	0.108244
-0.00486636	0.129941
-0.00473273	0.152199
-0.00459909	0.174887
-0.00446545	0.197891
-0.00433182	0.221117
-0.00419818	0.244491
-0.00406455	0.267951
-0.00393091	0.291448
-0.00379727	0.314945
-0.00366364	0.33841
-0.00353	0.361819
-0.00340393	0.383827
-0.00327786	0.405738
-0.00315179	0.427527
-0.00302571	0.449169
-0.00289964	0.470641
-0.00277357	0.491921
-0.0026475	0.51298
-0.00252143	0.53379
-0.00239536	0.55432
-0.00226929	0.574533
-0.00214321	0.594393
-0.00201714	0.61386
-0.00189107	0.632892
-0.001765	0.651445
-0.00163893	0.669472
-0.00151286	0.686926
-0.00138679	0.703758
-0.00126071	0.719919
-0.00113464	0.73536
-0.00100857	0.750032
-0.0008825	0.763888
-0.000756428	0.776883
-0.000630357	0.788978
-0.000504286	0.800136
-0.000378214	0.810332
-0.000252143	0.819548
-0.000126071	0.827779
1.52316e-10	0.835006
0.000138276	0.841798
0.000276552	0.847488
0.000414827	0.852165
0.000553103	0.855928
0.000691379	0.8589
0.000829655	0.861215
0.00096793	0.863017
0.00110621	0.864456
0.00124448	0.865683
0.00138276	0.866838
0.00152103	0.868053
0.00165931	0.869452
0.00179758	0.871148
0.00193586	0.873245
0.00207414	0.875828
0.00221241	0.878969
0.00235069	0.882728
0.00248896	0.887159
0.00262724	0.892304
0.00276552	0.898195
0.00290379	0.904855
0.00304207	0.912302
0.00318034	0.920545
0.00331862	0.929588
0.00345689	0.93943
0.00359517	0.950062
0.00373345	0.961474
0.00387172	0.973653
0.00401	0.986579
0.00414827	1.00023
0.00428655	1.01459
0.00442482	1.02962
0.0045631	1.04529
0.00470138	1.06157
0.00483965	1.07842
0.00497793	1.09581
0.0051162	1.11371
0.00525448	1.13204
0.00539275	1.15076
0.00553103	1.16978
0.00566931	1.18896
0.00580758	1.20814
0.00594586	1.22705
0.00608413	1.24533
0.00622241	1.26252
0.00636068	1.27806
0.00649896	1.29137
0.00663724	1.30201
0.00677551	1.30978
0.00691379	1.31491
0.00705206	1.31813
0.00719034	1.32055
0.00732861	1.32341
0.00746689	1.32773
0.00760517	1.33418
0.00774344	1.34293
0.00788172	1.35373
0.00801999	1.36608
0.00815827	1.37939
0.00829654	1.39317
0.00843482	1.40705
0.00843482	1.40705
0.0085731	1.42083
0.00871137	1.43439
0.00884965	1.44771
0.00898792	1.46077
0.0091262	1.47362
0.00926447	1.48629
0.00940275	1.49883
0.00954103	1.51127
0.0096793	1.52366
0.00981758	1.53603
0.00995585	1.54841
0.0100941	1.56084
0.0102324	1.57332
0.0103707	1.58587
0.010509	1.59848
0.0106472	1.61115
0.0107855	1.62385
0.0109238	1.63657
0.0110621	1.64928
0.0112003	1.66195
0.0113386	1.67456
0.0114769	1.68709
0.0116152	1.69954
0.0117534	1.7119
0.0118917	1.72419
0.01203	1.7364
0.0121683	1.74857
0.0123065	1.76071
0.0124448	1.77283
0.0125831	1.78492
0.0127214	1.79697
0.0128596	1.80896
0.0129979	1.82085
0.0131362	1.8326
0.0132745	1.84416
0.0134127	1.85551
0.013551	1.86661
0.0136893	1.87746
0.0138276	1.88806
0.0139659	1.89843
0.0141041	1.90862
0.0142424	1.91867
0.0143807	1.92864
0.014519	1.93859
0.0146572	1.94856
0.0147955	1.9586
0.0149338	1.96875
0.0150721	1.97901
0.0152103	1.98939
0.0153486	1.99989
0.0154869	2.01047
0.0156252	2.02112
0.0157634	2.03179
0.0159017	2.04246
0.01604	2.05308
0.0161783	2.06363
0.0163165	2.07407
0.0164548	2.08439
0.0165931	2.09455
0.0167314	2.10454
0.0168696	2.11437
0.0170079	2.12401
0.0171462	2.13348
0.0172845	2.14277
0.0174227	2.15189
0.017561	2.16084
0.0176993	2.16965
0.0178376	2.17831
0.0179758	2.18684
0.0181141	2.19525
0.0182524	2.20356
0.0183907	2.21178
0.0185289	2.21992
0.0186672	2.22798
0.0188055	2.23599
0.0189438	2.24394
0.0190821	2.25184
0.0192203	2.2597
0.0193586	2.26751
0.0194969	2.27528
0.0196352	2.283
0.0197734	2.29067
0.0199117	2.29829
0.02005	2.30585
0.0201883	2.31335
0.0203265	2.32078
0.0204648	2.32814
0.0206031	2.33543
0.0207414	2.34265
0.0208796	2.3498
0.0210179	2.35687
0.0211562	2.36386
0.0212945	2.37079
0.0214327	2.37765
0.021571	2.38444
0.0217093	2.39117
0.0218476	2.39784
0.0219858	2.40446
0.0221241	2.41102
0.0222624	2.41753
0.0224007	2.42398
0.0225389	2.43039
0.0226772	2.43674
0.0228155	2.44303
0.0229538	2.44926
0.0230921	2.45543
0.0232303	2.46153
0.0233686	2.46756
0.0235069	2.4735
0.0236452	2.47937
0.0237834	2.48514
0.0239217	2.49083
0.02406	2.49641
0.0241983	2.50191
0.0243365	2.5073
0.0244748	2.51259
0.0246131	2.51778
0.0247514	2.52288
0.0248896	2.52788
0.0250279	2.53278
0.0251662	2.5376
0.0253045	2.54233
0.0254427	2.54697
0.025581	2.55154
0.0257193	2.55603
0.0258576	2.56044
0.0259958	2.56479
0.0261341	2.56907
0.0262724	2.57328
0.0264107	2.57743
0.0265489	2.58152
0.0266872	2.58554
0.0268255	2.5895
0.0269638	2.59339
0.027102	2.59722
0.0272403	2.60097
0.0273786	2.60466
0.0275169	2.60827
0.0275169	2.60827
0.0276551	2.61181
0.0277934	2.61527
0.0279317	2.61865
0.02807	2.62194
0.0282083	2.62515
0.0283465	2.62828
0.0284848	2.63132
0.0286231	2.63427
0.0287614	2.63713
0.0288996	2.6399
0.0290379	2.64259
0.0291762	2.64519
0.0293145	2.6477
0.0294527	2.65013
0.029591	2.65248
0.0297293	2.65475
0.0298676	2.65694
0.0300058	2.65906
0.0301441	2.6611
0.0302824	2.66308
0.0304207	2.66498
0.0305589	2.66682
0.0306972	2.66859
0.0308355	2.6703
0.0309738	2.67195
0.031112	2.67354
0.0312503	2.67507
0.0313886	2.67654
0.0315269	2.67795
0.0316651	2.67931
0.0318034	2.6806
0.0319417	2.68184
0.03208	2.68302
0.0322182	2.68414
0.0323565	2.6852
0.0324948	2.6862
0.0326331	2.68715
0.0327714	2.68804
0.0329096	2.68888
0.0330479	2.68966
0.0331862	2.69038
0.0333245	2.69106
0.0334627	2.6917
0.033601	2.69229
0.0337393	2.69284
0.0338776	2.69336
0.0340158	2.69384
0.0341541	2.69431
0.0342924	2.69476
0.0344307	2.69519
0.0345689	2.69562
0.0347072	2.69605
0.0348455	2.69648
0.0349838	2.69693
0.035122	2.6974
0.0352603	2.69789
0.0353986	2.69842
0.0355369	2.69898
0.0356751	2.69959
0.0358134	2.70024
0.0359517	2.70095
0.03609	2.70172
0.0362282	2.70255
0.0363665	2.70345
0.0365048	2.70442
0.0366431	2.70546
0.0367813	2.70658
0.0369196	2.70777
0.0370579	2.70906
0.0371962	2.71042
0.0373344	2.71187
0.0374727	2.71341
0.037611	2.71503
0.0377493	2.71675
0.0378876	2.71855
0.0380258	2.72044
0.0381641	2.72242
0.0383024	2.72448
0.0384407	2.72664
0.0385789	2.72888
0.0387172	2.7312
0.0388555	2.73361
0.0389938	2.73609
0.039132	2.73866
0.0392703	2.74131
0.0394086	2.74404
0.0395469	2.74684
0.0396851	2.74971
0.0398234	2.75266
0.0399617	2.75568
0.0401	2.75877
0.0402382	2.76192
0.0403765	2.76514
0.0405148	2.76843
0.0406531	2.77178
0.0407913	2.77519
0.0409296	2.77867
0.0410679	2.7822
0.0412062	2.7858
0.0413444	2.78945
0.0414827	2.79316
0.041621	2.79692
0.0417684	2.80099
0.0419161	2.80513
0.042064	2.80934
0.0422122	2.81361
0.0423606	2.81795
0.0425092	2.82236
0.0426581	2.82684
0.0428072	2.83138
0.0429565	2.83599
0.0431061	2.84067
0.043256	2.84542
0.043406	2.85024
0.0435563	2.85512
0.0437069	2.86007
0.0438577	2.86509
0.0440087	2.87018
0.04416	2.87533
0.0443115	2.88055
0.0444632	2.88583
0.0446152	2.89118
0.0447675	2.89659
0.0449199	2.90206
0.0450727	2.90759
0.0452257	2.91318
0.0453789	2.91883
0.0455323	2.92454
0.045686	2.9303
0.04584	2.93611
0.0459942	2.94198
0.0461487	2.9479
0.0463034	2.95387
0.0464583	2.95988
0.0466135	2.96594
0.0467689	2.97205
0.0469246	2.9782
0.0470806	2.98439
0.0472368	2.99062
0.0473932	2.99689
0.0475499	3.00319
0.0477068	3.00954
0.047864	3.01591
0.0480215	3.02232
0.0481792	3.02876
0.0483371	3.03523
0.0484953	3.04173
0.0486538	3.04825
0.0488125	3.0548
0.0489715	3.06138
0.0491307	3.06798
0.0492902	3.07459
0.0494499	3.08123
0.0496099	3.08789
0.0497701	3.09456
0.0499306	3.10125
0.0500914	3.10795
0.0502524	3.11466
0.0504137	3.12138
0.0505752	3.12811
0.050737	3.13486
0.050899	3.1416
0.0510613	3.14836
0.0512239	3.15511
0.0512239	3.15511
0.0513867	3.16187
0.0515498	3.16863
0.0517132	3.17539
0.0518768	3.18215
0.0520407	3.18891
0.0522048	3.19567
0.0523692	3.20242
0.0525339	3.20917
0.0526988	3.21591
0.052864	3.22265
0.0530294	3.22937
0.0531952	3.23608
0.0533612	3.24278
0.0535274	3.24946
0.0536939	3.25611
0.0538607	3.26274
0.0540278	3.26934
0.0541951	3.2759
0.0543627	3.28241
0.0545305	3.28887
0.0546987	3.29525
0.054867	3.30157
0.0550357	3.30779
0.0552046	3.3139
0.0553739	3.3199
0.0555433	3.32575
0.0557131	3.33144
0.0558831	3.33696
0.0560534	3.34227
0.056224	3.34735
0.0563948	3.35219
0.0565659	3.35677
0.0567373	3.36106
0.056909	3.36505
0.0570809	3.36872
0.0572531	3.37205
0.0574256	3.37502
0.0575983	3.37763
0.0577714	3.37985
0.0579447	3.38169
0.0581183	3.38315
0.0582922	3.38423
0.0584663	3.38493
0.0586408	3.38526
0.0588155	3.38524
0.0589905	3.38486
0.0591657	3.38413
0.0593413	3.38306
0.0595171	3.38165
0.0596932	3.3799
0.0598696	3.37781
0.0600463	3.3754
0.0602233	3.37266
0.0604005	3.36959
0.060578	3.36618
0.0607558	3.3624
0.0609339	3.35823
0.0611123	3.35363
0.061291	3.34857
0.0614699	3.34297
0.0616492	3.33679
0.0618287	3.32993
0.0620085	3.3223
0.0621886	3.31382
0.062369	3.30438
0.0625497	3.29389
0.0627307	3.28225
0.062912	3.26939
0.0630935	3.25522
0.0632753	3.23969
0.0634575	3.22278
0.0636399	3.20447
0.0638226	3.18475
0.0640056	3.16369
0.0641889	3.14145
0.0643725	3.1182
0.0645564	3.09413
0.0647406	3.06947
0.0649251	3.04448
0.0651099	3.0194
0.065295	2.9945
0.0654803	2.97006
0.065666	2.94631
0.0658519	2.9235
0.0660382	2.90186
0.0662248	2.88151
0.0664116	2.86252
0.0665988	2.84501
0.0667862	2.82912
0.066974	2.81496
0.0671621	2.8026
0.0673504	2.79204
0.0675391	2.78323
0.0677281	2.77609
0.0679173	2.77048
0.0681069	2.76622
0.0682968	2.76312
0.0684869	2.76096
0.0686774	2.7595
0.0688682	2.75855
0.0690593	2.75794
0.0692507	2.75754
0.0694424	2.75726
0.0696344	2.75703
0.0698267	2.75682
0.0700194	2.7566
0.0702123	2.75632
0.0704056	2.75597
0.0705991	2.75552
0.070793	2.75497
0.0709872	2.75433
0.0711816	2.75357
0.0713765	2.75269
0.0715716	2.75165
0.071767	2.75047
0.071767	2.75047
0.0719627	2.74913
0.0721588	2.74765
0.0723551	2.74603
0.0725518	2.74428
0.0727488	2.74241
0.0729461	2.74043
0.0731438	2.73835
0.0733417	2.73616
0.0735399	2.73388
0.0737385	2.73151
0.0739374	2.72905
0.0741366	2.7265
0.0743362	2.72386
0.074536	2.72114
0.0747362	2.71832
0.0749367	2.71541
0.0751375	2.71241
0.0753386	2.70933
0.0755401	2.70616
0.0757419	2.70292
0.075944	2.69961
0.0761464	2.69625
0.0763492	2.69286
0.0765522	2.68943
0.0767557	2.686
0.0769594	2.68256
0.0771634	2.67914
0.0773678	2.67576
0.0775725	2.67242
0.0777776	2.66914
0.0779829	2.66594
0.0781886	2.66281
0.0783947	2.65979
0.078601	2.65686
0.0788077	2.65405
0.0790147	2.65135
0.0792221	2.64878
0.0794297	2.64633
0.0796377	2.64401
0.0798461	2.64182
0.0800548	2.63976
0.0802638	2.63783
0.0804731	2.63604
0.0806828	2.63438
0.0808928	2.63286
0.0811032	2.63148
0.0813139	2.63024
0.0815249	2.62915
0.0817363	2.62819
0.081948	2.62738
0.08216	2.62672
0.0823724	2.6262
0.0825851	2.62582
0.0827982	2.62559
0.0830116	2.62549
0.0832254	2.62554
0.0834395	2.62573
0.0836539	2.62607
0.0838687	2.62655
0.0840838	2.62719
0.0842993	2.62797
0.0845151	2.6289
0.0847313	2.62998
0.0849478	2.63121
0.0851646	2.63258
0.0853818	2.63411
0.0855994	2.63578
0.0858172	2.63759
0.0860355	2.63955
0.0862541	2.64166
0.086473	2.64391
0.0866923	2.6463
0.086912	2.64883
0.087132	2.65151
0.0873523	2.65433
0.087573	2.65729
0.0877941	2.6604
0.0880155	2.66365
0.0882373	2.66705
0.0884594	2.67059
0.0886819	2.67427
0.0889047	2.67811
0.0891279	2.68209
0.0893514	2.68621
0.0895753	2.69049
0.0897996	2.69492
0.0900242	2.69951
0.0902492	2.70425
0.0904746	2.70915
0.0907003	2.71421
0.0909263	2.71944
0.0911528	2.72483
0.0913796	2.73039
0.0916067	2.73611
0.0918342	2.74201
0.0920621	2.74808
0.0922904	2.75433
0.092519	2.76074
0.092748	2.76732
0.0929773	2.77407
0.093207	2.78099
0.0934371	2.78806
0.0936676	2.79528
0.0938984	2.80265
0.0941296	2.81017
0.0943611	2.81782
0.0945931	2.82561
0.0948254	2.83352
0.095058	2.84156
0.0952911	2.84973
0.0955245	2.85801
0.0957583	2.86642
0.0959925	2.87495
0.096227	2.88361
0.0964619	2.89241
0.0966972	2.90135
0.0969329	2.91044
0.097169	2.9197
0.0974054	2.92913
0.0976422	2.93875
0.0978794	2.94857
0.098117	2.95861
0.0983549	2.96887
0.0985932	2.97937
0.0988319	2.99012
0.099071	3.00113
0.0993105	3.01241
0.0995504	3.02395
0.0997906	3.03577
0.100031	3.04786
0.100272	3.06023
0.100514	3.07286
0.100755	3.08574
0.100998	3.09886
0.10124	3.11221
0.101483	3.12576
0.101726	3.13949
0.10197	3.15337
0.102214	3.16736
0.102214	3.16736
0.102459	3.18142
0.102704	3.19552
0.102949	3.2096
0.103195	3.22361
0.103441	3.2375
0.103687	3.25119
0.103934	3.26463
0.104181	3.27773
0.104429	3.29042
0.104677	3.30263
0.104926	3.31425
0.105174	3.32516
0.105424	3.33528
0.105673	3.34454
0.105923	3.35284
0.106174	3.3601
0.106425	3.36614
0.106676	3.37083
0.106928	3.37405
0.10718	3.37573
0.107432	3.3759
0.107685	3.3745
0.107938	3.37152
0.108192	3.36689
0.108446	3.36058
0.108701	3.35254
0.108956	3.34276
0.109211	3.33121
0.109467	3.3179
0.109723	3.30285
0.109979	3.28616
0.110236	3.26807
0.110494	3.24883
0.110751	3.22869
0.111009	3.20794
0.111268	3.18687
0.111527	3.16583
0.111787	3.14513
0.112046	3.12506
0.112307	3.10589
0.112567	3.08779
0.112828	3.0709
0.11309	3.05532
0.113352	3.0411
0.113614	3.02822
0.113877	3.01664
0.11414	3.00629
0.114404	2.99705
0.114668	2.98878
0.114932	2.9813
0.115197	2.97445
0.115462	2.96804
0.115728	2.96192
0.115994	2.95595
0.116261	2.95001
0.116528	2.944
0.116795	2.93784
0.117063	2.93146
0.117332	2.92482
0.1176	2.91788
0.117869	2.91064
0.118139	2.9031
0.118409	2.89528
0.11868	2.88719
0.11895	2.87885
0.119222	2.87032
0.119494	2.86161
0.119766	2.85277
0.120038	2.84382
0.120311	2.83481
0.120585	2.82576
0.120859	2.81671
0.121133	2.80768
0.121408	2.7987
0.121683	2.78979
0.121959	2.78098
0.122235	2.77229
0.122512	2.76373
0.122789	2.75532
0.123066	2.74709
0.123344	2.73905
0.123623	2.7312
0.123901	2.72358
0.124181	2.71618
0.12446	2.70901
0.12474	2.7021
0.125021	2.69544
0.125302	2.68904
0.125584	2.68291
0.125866	2.67704
0.126148	2.67145
0.126431	2.66614
0.126714	2.6611
0.126998	2.65635
0.127282	2.65188
0.127567	2.6477
0.127852	2.64381
0.128137	2.64021
0.128423	2.63689
0.12871	2.63386
0.128997	2.63113
0.129284	2.62868
0.129572	2.62653
0.129861	2.62468
0.130149	2.62313
0.130439	2.62188
0.130728	2.62094
0.131019	2.62031
0.131309	2.62
0.1316	2.62001
0.131892	2.62036
0.132184	2.62108
0.132476	2.62219
0.132769	2.6237
0.133063	2.62561
0.133357	2.62792
0.133651	2.63064
0.133946	2.63376
0.134241	2.63727
0.134537	2.64116
0.134834	2.64541
0.13513	2.65
0.135428	2.65492
0.135725	2.66014
0.136023	2.66566
0.136322	2.67145
0.136621	2.6775
0.136921	2.68379
0.137221	2.6903
0.137522	2.69702
0.137823	2.70394
0.138124	2.71105
0.138426	2.71833
0.138729	2.72579
0.139032	2.73341
0.139335	2.74119
0.139639	2.74913
0.139944	2.75722
0.140249	2.76548
0.140554	2.77389
0.14086	2.78247
0.141166	2.79122
0.141473	2.80014
0.141781	2.80924
0.142089	2.81852
0.142397	2.82798
0.142706	2.83763
0.143015	2.84746
0.143325	2.85748
0.143636	2.86768
0.143946	2.87806
0.144258	2.8886
0.14457	2.8993
0.144882	2.91014
0.145195	2.92111
0.145508	2.93218
0.145822	2.94334
0.146137	2.95457
0.146451	2.96584
0.146767	2.97712
0.147083	2.98838
0.147399	2.99961
0.147716	3.01075
0.148033	3.0218
0.148351	3.0327
0.14867	3.04344
0.148989	3.05398
0.149308	3.06429
0.149628	3.07433
0.149948	3.08408
0.150269	3.0935
0.150591	3.10256
0.150913	3.11122
0.151235	3.11947
0.151559	3.12725
0.151882	3.13456
0.152206	3.14134
0.152531	3.14757
0.152856	3.15321
0.153181	3.15823
0.153508	3.1626
0.153834	3.16628
0.154162	3.16923
0.154489	3.17144
0.154818	3.17288
0.155146	3.17356
0.155476	3.17345
0.155805	3.17252
0.156136	3.17072
0.156467	3.16806
0.156798	3.16451
0.15713	3.16007
0.157463	3.15473
0.157796	3.14847
0.158129	3.14132
0.158463	3.1333
0.158798	3.12444
0.159133	3.11476
0.159469	3.10429
0.159805	3.09307
0.160142	3.08114
0.160479	3.06855
0.160817	3.05533
0.161155	3.04155
0.161494	3.02727
0.161834	3.01255
0.162174	2.99747
0.162514	2.9821
0.162855	2.96653
0.163197	2.95082
0.163197	2.95082
0.163539	2.93506
0.163882	2.91935
0.164225	2.90374
0.164569	2.88833
0.164913	2.87319
0.165258	2.85838
0.165604	2.84396
0.16595	2.82998
0.166297	2.8165
0.166644	2.80355
0.166991	2.79117
0.16734	2.77937
0.167689	2.76819
0.168038	2.75765
0.168388	2.74775
0.168738	2.73851
0.16909	2.72993
0.169441	2.72202
0.169793	2.71478
0.170146	2.70822
0.170499	2.70232
0.170853	2.69707
0.171208	2.69248
0.171563	2.68853
0.171918	2.68521
0.172275	2.68251
0.172631	2.68045
0.172989	2.679
0.173347	2.67815
0.173705	2.67787
0.174064	2.67815
0.174424	2.67902
0.174784	2.68047
0.175145	2.68246
0.175506	2.68496
0.175868	2.68794
0.17623	2.69136
0.176594	2.69519
0.176957	2.69937
0.177321	2.7039
0.177686	2.70874
0.178052	2.71387
0.178418	2.71926
0.178784	2.7249
0.179151	2.73075
0.179519	2.73679
0.179888	2.743
0.180256	2.74935
0.180626	2.75582
0.180996	2.7624
0.181367	2.76906
0.181738	2.77579
0.18211	2.78259
0.182483	2.78944
0.182856	2.79635
0.183229	2.80329
0.183604	2.81028
0.183979	2.8173
0.184354	2.82435
0.18473	2.83143
0.185107	2.83853
0.185484	2.84564
0.185862	2.85275
0.186241	2.85985
0.18662	2.86693
0.186999	2.87397
0.18738	2.88095
0.187761	2.88786
0.188142	2.89468
0.188524	2.90139
0.188907	2.90798
0.189291	2.91442
0.189675	2.9207
0.190059	2.92681
0.190444	2.93273
0.19083	2.93844
0.191217	2.94393
0.191217	2.94393
0.191604	2.94916
0.191992	2.95413
0.19238	2.9588
0.192769	2.96314
0.193158	2.96715
0.193549	2.97079
0.193939	2.97405
0.194331	2.97691
0.194723	2.97935
0.195116	2.98134
0.195509	2.98286
0.195903	2.9839
0.196298	2.98446
0.196693	2.98452
0.197089	2.98404
0.197485	2.98298
0.197882	2.98133
0.19828	2.97908
0.198678	2.97627
0.199077	2.9729
0.199477	2.96899
0.199877	2.96455
0.200278	2.95959
0.20068	2.95414
0.201082	2.94822
0.201485	2.94187
0.201889	2.93512
0.202293	2.92802
0.202698	2.9206
0.203103	2.91288
0.203509	2.90491
0.203916	2.89678
0.204324	2.88859
0.204732	2.8804
0.20514	2.87228
0.20555	2.86429
0.20596	2.85646
0.20637	2.84883
0.206782	2.84139
0.207194	2.83418
0.207607	2.82735
0.20802	2.82107
0.208434	2.81534
0.208849	2.81012
0.209264	2.80527
0.20968	2.80066
0.210097	2.79625
0.210514	2.79209
0.210932	2.78832
0.211351	2.78499
0.21177	2.78206
0.21219	2.77924
0.212611	2.77629
0.213032	2.77322
0.213454	2.77009
0.213877	2.76698
0.2143	2.76393
0.214724	2.76089
0.215149	2.75781
0.215574	2.75458
0.216	2.75106
0.216427	2.74712
0.216855	2.74265
0.217283	2.73754
0.217712	2.7317
0.218141	2.72505
0.218571	2.71755
0.219002	2.70917
0.219434	2.69991
0.219866	2.6898
0.220299	2.67885
0.220733	2.66707
0.221167	2.65449
0.221602	2.64114
0.222038	2.62704
0.222475	2.61225
0.222912	2.59686
0.22335	2.58099
0.223788	2.56472
0.224227	2.54816
0.224667	2.53136
0.225108	2.51432
0.225549	2.49708
0.225992	2.47975
0.226434	2.46242
0.226878	2.4451
0.227322	2.42779
0.227767	2.41049
0.228213	2.39323
0.228659	2.37601
0.229106	2.35885
0.229554	2.34175
0.230002	2.32474
0.230452	2.30782
0.230902	2.291
0.231352	2.27427
0.231804	2.25765
0.232256	2.24113
0.232708	2.22472
0.233162	2.20842
0.233616	2.19222
0.234071	2.17615
0.234527	2.16019
0.234984	2.14435
0.235441	2.12865
0.235899	2.11308
0.236357	2.09766
0.236817	2.08239
0.237277	2.06728
0.237738	2.05234
0.238199	2.03758
0.238662	2.023
0.239125	2.00862
0.239589	1.99444
0.240053	1.98047
0.240519	1.96672
0.240985	1.95319
0.241451	1.93989
0.241919	1.92683
0.242387	1.91401
0.242856	1.90144
0.243326	1.88911
0.243797	1.87703
0.244268	1.8652
0.24474	1.85362
0.245213	1.84229
0.245687	1.8312
0.246161	1.82035
0.246636	1.80975
0.247112	1.79937
0.247588	1.78923
0.248066	1.7793
0.248544	1.76958
0.249023	1.76007
0.249503	1.75075
0.249983	1.74161
0.250464	1.73266
0.250946	1.72387
0.251429	1.71523
0.251913	1.70674
0.252397	1.69839
0.252882	1.69017
0.253368	1.68206
0.253855	1.67407
0.254342	1.66617
0.25483	1.65836
0.255319	1.65064
0.255809	1.64299
0.2563	1.63541
0.256791	1.62789
0.257283	1.62043
0.257776	1.61302
0.25827	1.60566
0.258764	1.59834
0.259259	1.59106
0.259756	1.58382
0.260252	1.57661
0.26075	1.56944
0.261249	1.5623
0.261748	1.5552
0.262248	1.54814
0.262749	1.5411
0.26325	1.53411
0.263753	1.52715
0.264256	1.52024
0.26476	1.51337
0.265265	1.50654
0.265771	1.49976
0.266277	1.49302
0.266785	1.48634
0.267293	1.47971
0.267802	1.47314
0.268312	1.46663
0.268822	1.46017
0.269334	1.45377
0.269846	1.44744
0.270359	1.44117
0.270873	1.43495
0.270873	1.43495
0.271388	1.42881
0.271903	1.42272
0.272419	1.4167
0.272937	1.41074
0.273455	1.40485
0.273973	1.39901
0.274493	1.39323
0.275014	1.38752
0.275535	1.38186
0.276057	1.37625
0.27658	1.3707
0.277104	1.36521
0.277629	1.35976
0.278154	1.35436
0.27868	1.34901
0.279208	1.34371
0.279736	1.33845
0.280265	1.33324
0.280794	1.32806
0.281325	1.32293
0.281856	1.31784
0.282389	1.31278
0.282922	1.30777
0.283456	1.30279
0.283991	1.29784
0.284526	1.29294
0.285063	1.28807
0.2856	1.28323
0.286139	1.27843
0.286678	1.27366
0.287218	1.26893
0.287759	1.26423
0.2883	1.25957
0.288843	1.25494
0.289386	1.25034
0.289931	1.24578
0.290476	1.24126
0.291022	1.23676
0.291569	1.2323
0.292117	1.22788
0.292666	1.22349
0.293215	1.21913
0.293766	1.2148
0.294317	1.21051
0.294869	1.20625
0.295422	1.20202
0.295976	1.19782
0.296531	1.19365
0.297087	1.18952
0.297644	1.18542
0.298201	1.18134
0.29876	1.1773
0.299319	1.17329
0.29988	1.1693
0.300441	1.16535
0.301003	1.16142
0.301566	1.15753
0.30213	1.15366
0.302694	1.14982
0.30326	1.146
0.303827	1.14222
0.304394	1.13846
0.304962	1.13473
0.305532	1.13102
0.306102	1.12735
0.306673	1.12369
0.307245	1.12007
0.307245	1.12007
0.307818	1.11646
0.308392	1.11289
0.308967	1.10934
0.309543	1.10581
0.310119	1.10231
0.310697	1.09883
0.311275	1.09537
0.311855	1.09194
0.312435	1.08854
0.313016	1.08516
0.313598	1.0818
0.314182	1.07846
0.314766	1.07515
0.315351	1.07187
0.315937	1.06861
0.316523	1.06537
0.317111	1.06215
0.3177	1.05896
0.31829	1.05579
0.31888	1.05265
0.319472	1.04952
0.320065	1.04642
0.320658	1.04334
0.321252	1.04028
0.321848	1.03725
0.322444	1.03423
0.323042	1.03123
0.32364	1.02826
0.324239	1.0253
0.324839	1.02237
0.32544	1.01945
0.326042	1.01656
0.326646	1.01368
0.32725	1.01082
0.327855	1.00799
0.328461	1.00517
0.329067	1.00237
0.329675	0.999585
0.330284	0.996822
0.330894	0.994077
0.331505	0.991351
0.332117	0.988643
0.33273	0.985952
0.333343	0.98328
0.333958	0.980625
0.334574	0.977987
0.335191	0.975367
0.335808	0.972765
0.336427	0.970179
0.337047	0.96761
0.337667	0.965058
0.338289	0.962523
0.338912	0.960004
0.339536	0.957501
0.34016	0.955014
0.340786	0.952543
0.341413	0.950088
0.34204	0.947648
0.342669	0.945224
0.343299	0.942815
0.343929	0.940421
0.344561	0.938042
0.345194	0.935678
0.345828	0.933328
0.346462	0.930992
0.347098	0.928671
0.347735	0.926364
0.348373	0.92407
0.349012	0.921791
0.349652	0.919525
0.350292	0.917272
0.350934	0.915033
0.351577	0.912807
0.352221	0.910593
0.352866	0.908393
0.353512	0.906205
0.354159	0.90403
0.354807	0.901867
0.355457	0.899717
0.356107	0.897579
0.356758	0.895452
0.35741	0.893338
0.358064	0.891236
0.358718	0.889145
0.359373	0.887066
0.36003	0.884999
0.360687	0.882942
0.361346	0.880897
0.362006	0.878864
0.362666	0.876841
0.363328	0.874829
0.363991	0.872829
0.364655	0.870839
0.36532	0.868859
0.365986	0.86689
0.366653	0.864932
0.367321	0.862983
0.36799	0.861045
0.36866	0.859117
0.369332	0.857198
0.370004	0.85529
0.370678	0.853391
0.371352	0.851502
0.372028	0.849622
0.372704	0.847752
0.373382	0.845891
0.374061	0.844039
0.374741	0.842196
0.375422	0.840362
0.376104	0.838537
0.376788	0.836721
0.377472	0.834913
0.378158	0.833114
0.378844	0.831323
0.379532	0.829541
0.380221	0.827767
0.38091	0.826001
0.381601	0.824242
0.382293	0.822492
0.382987	0.82075
0.383681	0.819015
0.384376	0.817288
0.385073	0.815568
0.38577	0.813856
0.386469	0.812151
0.387169	0.810453
0.38787	0.808762
0.388572	0.807079
0.389275	0.805402
0.38998	0.803732
0.390685	0.802069
0.391392	0.800412
0.3921	0.798762
0.392809	0.797118
0.393519	0.795481
0.39423	0.79385
0.394942	0.792225
0.395655	0.790606
0.39637	0.788993
0.397086	0.787386
0.397803	0.785784
0.398521	0.784188
0.39924	0.782598
0.39996	0.781013
0.400682	0.779433
0.401404	0.777858
0.401404	0.777858
0.402128	0.776289
0.402853	0.774725
0.403579	0.773166
0.404306	0.771613
0.405035	0.770064
0.405765	0.768521
0.406495	0.766983
0.407227	0.765449
0.40796	0.763921
0.408695	0.762398
0.40943	0.76088
0.410167	0.759366
0.410905	0.757857
0.411644	0.756353
0.412384	0.754854
0.413125	0.753359
0.413868	0.751868
0.414612	0.750382
0.415357	0.7489
0.416103	0.747422
0.41685	0.745948
0.417599	0.744478
0.418348	0.743011
0.419099	0.741549
0.419851	0.74009
0.420605	0.738635
0.421359	0.737184
0.422115	0.735736
0.422872	0.734292
0.42363	0.732852
0.42439	0.731415
0.42515	0.729981
0.425912	0.728551
0.426675	0.727124
0.427439	0.725701
0.428205	0.724281
0.428972	0.722864
0.42974	0.721451
0.430509	0.72004
0.431279	0.718633
0.432051	0.717229
0.432824	0.715828
0.433598	0.714429
0.434373	0.713034
0.43515	0.711642
0.435928	0.710252
0.436707	0.708866
0.437487	0.707482
0.438269	0.706101
0.439052	0.704723
0.439836	0.703347
0.440621	0.701975
0.441408	0.700605
0.442196	0.699238
0.442985	0.697873
0.443775	0.696511
0.444567	0.695152
0.44536	0.693796
0.446154	0.692442
0.446949	0.691091
0.447746	0.689742
0.448544	0.688396
0.449343	0.687052
0.450144	0.68571
0.450946	0.684372
0.451749	0.683035
0.452554	0.681701
0.453359	0.680369
0.454166	0.67904
0.454975	0.677712
0.455784	0.676387
0.456595	0.675064
0.457407	0.673743
0.458221	0.672425
0.459036	0.671108
0.459852	0.669793
0.460669	0.66848
0.461488	0.667169
0.462308	0.66586
0.463129	0.664552
0.463952	0.663247
0.464776	0.661943
0.465601	0.66064
0.466428	0.65934
0.467256	0.65804
0.468085	0.656743
0.468916	0.655447
0.469748	0.654152
0.470581	0.652858
0.471416	0.651566
0.472252	0.650275
0.473089	0.648984
0.473928	0.647695
0.474768	0.646407
0.475609	0.645119
0.476451	0.643832
0.477296	0.642546
0.478141	0.641261
0.478988	0.639977
0.479836	0.638694
0.480685	0.637412
0.481536	0.636131
0.482388	0.63485
0.483242	0.63357
0.484096	0.63229
0.484953	0.631011
0.48581	0.629732
0.486669	0.628453
0.48753	0.627175
0.488392	0.625896
0.489255	0.624618
0.489255	0.624618
0.490119	0.62334
0.490985	0.622062
0.491852	0.620784
0.492721	0.619506
0.493591	0.618228
0.494463	0.61695
0.495336	0.615672
0.49621	0.614393
0.497085	0.613115
0.497963	0.611836
0.498841	0.610557
0.499721	0.609277
0.500602	0.607997
0.501485	0.606717
0.502369	0.605436
0.503255	0.604155
0.504142	0.602873
0.50503	0.601591
0.50592	0.600307
0.506811	0.599023
0.507704	0.597738
0.508598	0.596452
0.509493	0.595165
0.51039	0.593878
0.511288	0.592589
0.512188	0.591299
0.51309	0.590008
0.513992	0.588715
0.514896	0.587422
0.515802	0.586127
0.516709	0.58483
0.517618	0.583533
0.518528	0.582233
0.519439	0.580933
0.520352	0.57963
0.521266	0.578326
0.522182	0.577021
0.523099	0.575713
0.524018	0.574404
0.524938	0.573093
0.52586	0.57178
0.526783	0.570466
0.527708	0.569149
0.528634	0.567831
0.529561	0.56651
0.530491	0.565187
0.531421	0.563863
0.532353	0.562536
0.533287	0.561207
0.534222	0.559875
0.535158	0.558541
0.536096	0.557205
0.537036	0.555866
0.537977	0.554526
0.53892	0.553183
0.539864	0.551837
0.540809	0.550489
0.541757	0.549139
0.542705	0.547786
0.543655	0.546431
0.543655	0.546431
0.544607	0.545072
0.54556	0.543711
0.546515	0.542347
0.547471	0.540981
0.548429	0.539612
0.549388	0.538241
0.550349	0.536867
0.551311	0.53549
0.552275	0.534111
0.553241	0.532729
0.554208	0.531344
0.555176	0.529956
0.556147	0.528565
0.557118	0.527172
0.558092	0.525776
0.559066	0.524377
0.560043	0.522977
0.561021	0.521576
0.562	0.520174
0.562981	0.518771
0.563964	0.517369
0.564948	0.515967
0.565934	0.514566
0.566921	0.513165
0.56791	0.511764
0.568901	0.510363
0.569893	0.508963
0.570886	0.507562
0.571882	0.506162
0.572879	0.504761
0.573877	0.50336
0.574877	0.501959
0.575879	0.500558
0.576882	0.499157
0.577887	0.497756
0.578894	0.496356
0.579902	0.494956
0.580839	0.493656
0.581777	0.492358
0.582715	0.491063
0.583652	0.48977
0.58459	0.488479
0.585528	0.487192
0.586465	0.485907
0.587403	0.484625
0.588341	0.483346
0.589278	0.48207
0.590216	0.480797
0.591154	0.479527
0.592091	0.478262
0.593029	0.476999
0.593966	0.475741
0.594904	0.474486
0.595842	0.473236
0.596779	0.471989
0.597717	0.470746
0.598655	0.469508
0.599592	0.468273
0.60053	0.467043
0.601468	0.465816
0.602405	0.464594
0.603343	0.463376
0.60449	0.461891
0.605638	0.460412
0.606786	0.458939
0.607933	0.457472
0.609081	0.456011
0.610228	0.454557
0.611376	0.453109
0.612523	0.451667
0.613671	0.450233
0.614818	0.448804
0.615966	0.447383
0.617114	0.445968
0.618261	0.444561
0.619409	0.443159
0.620556	0.441765
0.621704	0.440377
0.622851	0.438995
0.623999	0.43762
0.625146	0.436251
0.626294	0.434888
0.627441	0.433532
0.628589	0.432182
0.629737	0.430838
0.630884	0.429501
0.632032	0.42817
0.633179	0.426845
0.634327	0.425527
0.635474	0.424215
0.636622	0.422909
0.637769	0.421609
0.638917	0.420316
0.640065	0.419029
0.641212	0.417748
0.64236	0.416472
0.643507	0.415203
0.644655	0.41394
0.645802	0.412682
0.64695	0.41143
0.648097	0.410183
0.649245	0.408943
0.650392	0.407709
0.65154	0.406481
0.652688	0.405262
0.653835	0.404051
0.654983	0.402849
0.65613	0.401658
0.657278	0.400478
0.658425	0.399308
0.659573	0.398149
0.66072	0.396999
0.661868	0.39586
0.663016	0.394731
0.664163	0.393612
0.665311	0.392504
0.666458	0.391406
0.667606	0.390319
0.668753	0.389245
0.669901	0.388183
0.671048	0.387136
0.672196	0.386104
0.673343	0.38509
0.674491	0.384095
0.675639	0.383121
0.676786	0.382169
0.677934	0.38124
0.679081	0.380334
0.680229	0.37945
0.681376	0.378586
0.682524	0.377738
0.683671	0.376904
0.684819	0.376079
0.685967	0.37526
0.687114	0.374447
0.688262	0.373639
0.689409	0.372838
0.690557	0.372048
0.691704	0.371269
0.692852	0.370506
0.693999	0.36976
0.695147	0.369033
0.696294	0.368325
0.697442	0.367636
0.69859	0.366966
0.699737	0.366312
0.700885	0.365673
0.702032	0.365046
0.70318	0.364427
0.704327	0.363814
0.705475	0.363202
0.706622	0.362588
0.70777	0.361966
0.708918	0.361332
0.710065	0.360681
0.711213	0.360007
0.71236	0.359305
0.713508	0.358569
0.714655	0.357791
0.715803	0.356965
0.71695	0.356084
0.718098	0.35514
0.719245	0.354125
0.720393	0.35303
0.721541	0.351846
0.722688	0.350562
0.723836	0.349167
0.724983	0.347649
0.726131	0.345996
0.727278	0.344193
0.728426	0.342224
0.729573	0.340071
0.730721	0.337717
0.731869	0.335139
0.733016	0.332313
0.734164	0.329213
0.735311	0.325806
0.736459	0.322059
0.737606	0.317931
0.738754	0.313378
0.739901	0.308353
0.741049	0.302804
0.742197	0.296684
0.743344	0.289949
0.744492	0.282565
0.745639	0.274499
0.746787	0.265693
0.747934	0.255966
0.749082	0.245015
0.750229	0.232644
0.751377	0.218816
0.752524	0.203494
0.753672	0.186676
0.75482	0.168421
0.755967	0.148884
0.757115	0.12825
0.758262	0.106805
0.75941	0.0846233
0.760557	0.0618742
0.761705	0.0380262
0.762852	0.0137937
0.763426	0.00412856
0.763713	0.00135506
0.764	0.000457924
)
