(title "Density")
(labels "Position" "Density")

((xy/key/label "axis")
-0.023	0.0785463
-0.0229699	0.0785462
-0.0229399	0.078546
-0.0229098	0.078546
-0.0228797	0.0785459
-0.0228196	0.0785457
-0.0227595	0.0785455
-0.0226392	0.0785451
-0.022519	0.078545
-0.0223987	0.0785447
-0.0222785	0.0785445
-0.0221582	0.0785442
-0.022038	0.0785438
-0.0219177	0.0785434
-0.0217975	0.0785429
-0.0216772	0.0785424
-0.021557	0.0785418
-0.0214367	0.0785412
-0.0213165	0.0785406
-0.0211962	0.0785399
-0.021076	0.0785392
-0.0209557	0.0785386
-0.0208355	0.0785379
-0.0207152	0.0785372
-0.020595	0.0785365
-0.0204747	0.0785358
-0.0203545	0.0785351
-0.0202342	0.0785344
-0.0201139	0.0785338
-0.0199937	0.0785332
-0.0198734	0.0785325
-0.0197532	0.0785319
-0.0196329	0.0785313
-0.0195127	0.0785308
-0.0193924	0.0785303
-0.0192722	0.0785297
-0.0191519	0.0785293
-0.0190317	0.0785288
-0.0189114	0.0785284
-0.0187912	0.078528
-0.0186709	0.0785276
-0.0185507	0.0785272
-0.0184304	0.0785269
-0.0183102	0.0785266
-0.0181899	0.0785263
-0.0180697	0.0785261
-0.0179494	0.0785259
-0.0178292	0.0785257
-0.0177089	0.0785256
-0.0175887	0.0785255
-0.0174684	0.0785254
-0.0173481	0.0785253
-0.0172279	0.0785253
-0.0171076	0.0785253
-0.0169874	0.0785253
-0.0168671	0.0785253
-0.0167469	0.0785254
-0.0166266	0.0785255
-0.0165064	0.0785257
-0.0163861	0.0785258
-0.0162659	0.078526
-0.0161456	0.0785262
-0.0160254	0.0785265
-0.0159051	0.0785268
-0.0157849	0.0785271
-0.0156646	0.0785274
-0.0155444	0.0785278
-0.0154241	0.0785282
-0.0153039	0.0785286
-0.0151836	0.078529
-0.0150634	0.0785295
-0.0149431	0.07853
-0.0148229	0.0785305
-0.0147026	0.078531
-0.0145823	0.0785316
-0.0144621	0.0785322
-0.0143418	0.0785328
-0.0142216	0.0785334
-0.0141013	0.078534
-0.0139811	0.0785347
-0.0138608	0.0785354
-0.0137406	0.0785361
-0.0136203	0.0785368
-0.0136203	0.0785368
-0.0135001	0.0785375
-0.013371	0.0785383
-0.013242	0.078539
-0.013113	0.0785398
-0.0129839	0.0785406
-0.0128549	0.0785414
-0.0127259	0.0785422
-0.0125968	0.0785429
-0.0124678	0.0785437
-0.0123387	0.0785444
-0.0122097	0.0785451
-0.0120807	0.0785458
-0.0119516	0.0785464
-0.0118226	0.078547
-0.0116936	0.0785475
-0.0115645	0.078548
-0.0114355	0.0785484
-0.0113064	0.0785488
-0.0111774	0.078549
-0.0110484	0.0785492
-0.0109193	0.0785493
-0.0107903	0.0785492
-0.0106613	0.0785491
-0.0105322	0.0785488
-0.0104032	0.0785483
-0.0102741	0.0785478
-0.0101451	0.078547
-0.0100161	0.0785461
-0.00988703	0.078545
-0.00975799	0.0785437
-0.00962896	0.0785422
-0.00949992	0.0785405
-0.00937967	0.0785387
-0.00925942	0.0785367
-0.00913916	0.0785344
-0.00901891	0.0785319
-0.00889866	0.0785291
-0.00877841	0.0785261
-0.00865815	0.0785227
-0.0085379	0.0785191
-0.00841765	0.0785151
-0.0082974	0.0785109
-0.00817715	0.0785062
-0.00805689	0.0785012
-0.00793664	0.0784958
-0.00781639	0.07849
-0.00769614	0.0784838
-0.00757589	0.0784771
-0.00745563	0.0784699
-0.00733538	0.0784623
-0.00721513	0.0784541
-0.00709488	0.0784453
-0.00697462	0.0784359
-0.00685437	0.078426
-0.00673412	0.0784153
-0.00661387	0.0784039
-0.00649362	0.0783918
-0.00637336	0.0783789
-0.00625311	0.0783652
-0.00613286	0.0783506
-0.00601261	0.078335
-0.00589236	0.0783184
-0.0057721	0.0783008
-0.00565185	0.078282
-0.0055316	0.0782619
-0.00541135	0.0782406
-0.00529109	0.0782179
-0.00517084	0.0781937
-0.00505059	0.0781679
-0.00493034	0.0781405
-0.00481009	0.0781112
-0.00468983	0.07808
-0.00456958	0.0780467
-0.00444933	0.0780112
-0.00432908	0.0779733
-0.00420883	0.0779329
-0.00408857	0.0778898
-0.00396832	0.0778438
-0.00384807	0.0777947
-0.00372782	0.0777422
-0.00360756	0.0776862
-0.00348731	0.0776264
-0.00336706	0.0775625
-0.00324681	0.0774943
-0.00312656	0.0774215
-0.0030063	0.0773438
-0.00288605	0.0772608
-0.0027658	0.0771723
-0.00264555	0.0770778
-0.0025253	0.0769771
-0.00240504	0.0768697
-0.00228479	0.0767553
-0.00216454	0.0766335
-0.00204429	0.0765039
-0.00192403	0.076366
-0.00180378	0.0762195
-0.00168353	0.076064
-0.00156328	0.075899
-0.00144303	0.0757242
-0.00132277	0.0755392
-0.00120252	0.0753435
-0.00108227	0.0751369
-0.000962017	0.0749189
-0.000841765	0.0746894
-0.000721513	0.0744478
-0.000601261	0.0741941
-0.000481008	0.0739278
-0.000360756	0.0736489
-0.000240504	0.0733571
-0.000120252	0.0730522
1.62761e-10	0.0727337
0.000137656	0.0723528
0.000275313	0.0719551
0.000412969	0.0715404
0.000550625	0.0711083
0.000688281	0.0706589
0.000825938	0.0701921
0.000963594	0.0697081
0.00110125	0.069207
0.00123891	0.0686888
0.00137656	0.0681537
0.00151422	0.0676017
0.00165188	0.0670328
0.00178953	0.0664472
0.00192719	0.0658449
0.00206484	0.065226
0.0022025	0.0645904
0.00234016	0.0639382
0.00247781	0.0632693
0.00261547	0.0625839
0.00275313	0.0618819
0.00289078	0.0611634
0.00302844	0.0604284
0.00316609	0.059677
0.00330375	0.0589093
0.00344141	0.0581255
0.00357906	0.0573257
0.00371672	0.0565102
0.00385437	0.0556792
0.00399203	0.054833
0.00412969	0.0539722
0.00426734	0.0530968
0.004405	0.0522067
0.00454266	0.0513027
0.00468031	0.0503855
0.00481797	0.0494557
0.00495562	0.0485141
0.00509328	0.0475613
0.00523094	0.0465983
0.00536859	0.0456261
0.00550625	0.0446461
0.00564391	0.0436595
0.00578156	0.0426681
0.00591922	0.0416733
0.00605687	0.0406772
0.00619453	0.0396815
0.00633219	0.0386883
0.00646984	0.0376996
0.0066075	0.0367175
0.00674516	0.0357438
0.00688281	0.0347806
0.00702047	0.0338296
0.00715812	0.0328925
0.00729578	0.031971
0.00743344	0.0310664
0.00757109	0.03018
0.00770875	0.0293128
0.00784641	0.0284658
0.00798406	0.0276397
0.00812172	0.0268351
0.00825937	0.0260525
0.00839703	0.0252923
0.00853469	0.0245545
0.00867234	0.0238392
0.00881	0.0231465
0.00894766	0.0224762
0.00908531	0.0218281
0.00922297	0.0212021
0.00936062	0.0205977
0.00949828	0.0200146
0.00963594	0.0194524
0.00977359	0.0189107
0.00991125	0.018389
0.0100489	0.017887
0.0101866	0.0174041
0.0103242	0.0169398
0.0104619	0.0164937
0.0105995	0.0160654
0.0107372	0.0156544
0.0108748	0.0152602
0.0110125	0.0148825
0.0111502	0.0145208
0.0112878	0.0141748
0.0114255	0.0138442
0.0115631	0.0135287
0.0117008	0.0132279
0.0118384	0.0129417
0.0119761	0.0126698
0.0121137	0.0124122
0.0122514	0.0121685
0.0123891	0.0119389
0.0125267	0.0117231
0.0126644	0.0115213
0.012802	0.0113334
0.0129397	0.0111593
0.0130773	0.0109993
0.013215	0.0108531
0.0133527	0.0107209
0.0134903	0.0106024
0.013628	0.0104976
0.0137656	0.0104062
0.0139033	0.0103275
0.0140409	0.0102611
0.0141786	0.0102061
0.0143162	0.0101615
0.0144539	0.0101259
0.0145916	0.010098
0.0147292	0.0100762
0.0148669	0.0100589
0.0150045	0.0100444
0.0151422	0.0100313
0.0152798	0.0100183
0.0154175	0.010004
0.0155552	0.00998784
0.0156928	0.00996901
0.0158305	0.00994721
0.0159681	0.00992232
0.0161058	0.0098944
0.0162434	0.00986365
0.0163811	0.00983035
0.0165187	0.00979482
0.0166564	0.00975736
0.0167941	0.00971827
0.0169317	0.00967777
0.0170694	0.00963604
0.017207	0.0095932
0.0173447	0.00954932
0.0174823	0.0095044
0.01762	0.00945846
0.0177577	0.00941146
0.0178953	0.00936338
0.018033	0.00931421
0.0181706	0.00926394
0.0183083	0.00921259
0.0184459	0.0091602
0.0185836	0.00910683
0.0187212	0.00905259
0.0188589	0.00899758
0.0188589	0.00899758
0.0189966	0.00894191
0.0191342	0.00888573
0.0192719	0.00882916
0.0194095	0.00877235
0.0195472	0.00871542
0.0196848	0.00865848
0.0198225	0.00860166
0.0199602	0.00854503
0.0200978	0.00848866
0.0202355	0.00843262
0.0203731	0.00837693
0.0205108	0.00832162
0.0206484	0.00826669
0.0207861	0.00821214
0.0209237	0.00815793
0.0210614	0.00810405
0.0211991	0.00805045
0.0213367	0.00799709
0.0214744	0.00794394
0.021612	0.00789096
0.0217497	0.0078381
0.0218873	0.00778535
0.022025	0.00773266
0.0221627	0.00768002
0.0223003	0.00762742
0.022438	0.00757485
0.0225756	0.00752231
0.0227133	0.00746981
0.0228509	0.00741736
0.0229886	0.00736498
0.0231262	0.00731269
0.0232639	0.00726053
0.0234016	0.0072085
0.0235392	0.00715665
0.0236769	0.00710501
0.0238145	0.00705361
0.0239522	0.00700248
0.0240898	0.00695164
0.0242275	0.00690113
0.0243652	0.00685097
0.0245028	0.0068012
0.0246405	0.00675183
0.0247781	0.00670288
0.0249158	0.00665438
0.0250534	0.00660634
0.0251911	0.00655879
0.0253287	0.00651172
0.0254664	0.00646516
0.0256041	0.00641912
0.0257417	0.0063736
0.0258794	0.00632861
0.026017	0.00628416
0.0261547	0.00624024
0.0262923	0.00619686
0.02643	0.00615402
0.0265677	0.00611171
0.0267053	0.00606992
0.026843	0.00602866
0.0269806	0.00598791
0.0271183	0.00594767
0.0272559	0.00590792
0.0273936	0.00586866
0.0275312	0.00582987
0.0276689	0.00579154
0.0278066	0.00575365
0.0279442	0.0057162
0.0280819	0.00567917
0.0282195	0.00564254
0.0283572	0.0056063
0.0284948	0.00557043
0.0286325	0.00553494
0.0287702	0.00549979
0.0289078	0.00546499
0.0290455	0.00543051
0.0291831	0.00539635
0.0293208	0.00536251
0.0294584	0.00532896
0.0295961	0.00529571
0.0297337	0.00526274
0.0298714	0.00523005
0.0300091	0.00519764
0.0301467	0.0051655
0.0302844	0.00513363
0.030422	0.00510202
0.0305597	0.00507067
0.0306973	0.00503958
0.030835	0.00500875
0.0309727	0.00497817
0.0311103	0.00494785
0.031248	0.00491779
0.0313856	0.00488798
0.0315233	0.00485843
0.0316609	0.00482914
0.0317986	0.0048001
0.0319362	0.00477133
0.0320739	0.00474281
0.0322116	0.00471455
0.0323492	0.00468656
0.0324869	0.00465883
0.0326245	0.00463136
0.0327622	0.00460416
0.0328998	0.00457723
0.0330375	0.00455056
0.0331752	0.00452416
0.0333128	0.00449803
0.0334505	0.00447217
0.0335881	0.00444658
0.0337258	0.00442126
0.0338634	0.00439621
0.0340011	0.00437143
0.0341387	0.00434692
0.0342764	0.00432268
0.0344141	0.0042987
0.0345517	0.004275
0.0346894	0.00425156
0.034827	0.00422838
0.0349647	0.00420546
0.0351023	0.0041828
0.03524	0.00416041
0.0353777	0.00413826
0.0355153	0.00411636
0.035653	0.00409472
0.0357906	0.00407331
0.0359283	0.00405215
0.0360659	0.00403122
0.0362036	0.00401053
0.0363412	0.00399007
0.0364789	0.00396982
0.0366166	0.0039498
0.0367542	0.00393
0.0368919	0.0039104
0.0370295	0.00389102
0.0371672	0.00387183
0.0373048	0.00385285
0.0374425	0.00383405
0.0375802	0.00381545
0.0377178	0.00379703
0.0378555	0.00377879
0.0379931	0.00376073
0.0381308	0.00374285
0.0382684	0.00372513
0.0384061	0.00370758
0.0385437	0.0036902
0.0386814	0.00367298
0.0388191	0.00365591
0.0389567	0.003639
0.0390944	0.00362224
0.039232	0.00360564
0.0393697	0.00358918
0.0395073	0.00357287
0.039645	0.00355671
0.0397827	0.0035407
0.0399203	0.00352482
0.040058	0.00350909
0.0401956	0.0034935
0.0403333	0.00347805
0.0404709	0.00346274
0.0406086	0.00344758
0.0407462	0.00343255
0.0408839	0.00341766
0.0410216	0.00340291
0.0411592	0.0033883
0.0412969	0.00337383
0.0414345	0.0033595
0.0415722	0.00334531
0.0417098	0.00333126
0.0418475	0.00331735
0.0419852	0.00330357
0.0421228	0.00328994
0.0422605	0.00327645
0.0423981	0.0032631
0.0425358	0.00324988
0.0426734	0.00323681
0.0428111	0.00322387
0.0429487	0.00321108
0.0430864	0.00319842
0.0432241	0.0031859
0.0433617	0.00317352
0.0434994	0.00316128
0.043637	0.00314918
0.0437747	0.00313721
0.0439123	0.00312537
0.04405	0.00311368
0.0441877	0.00310211
0.0443253	0.00309068
0.044463	0.00307938
0.0446006	0.00306821
0.0447383	0.00305717
0.0448759	0.00304626
0.0450136	0.00303547
0.0451512	0.00302481
0.0452889	0.00301427
0.0454266	0.00300386
0.0455642	0.00299357
0.0457019	0.00298339
0.0458395	0.00297334
0.0459772	0.00296339
0.0461148	0.00295357
0.0462525	0.00294385
0.0463902	0.00293425
0.0465278	0.00292475
0.0466655	0.00291537
0.0468031	0.00290608
0.0469408	0.00289691
0.0470784	0.00288783
0.0472161	0.00287885
0.0473537	0.00286998
0.0474914	0.0028612
0.0476291	0.00285252
0.0477667	0.00284393
0.0479044	0.00283543
0.048042	0.00282702
0.0481797	0.00281871
0.0483173	0.00281048
0.048455	0.00280234
0.0485927	0.00279429
0.0487303	0.00278632
0.048868	0.00277843
0.0490056	0.00277063
0.0491433	0.00276291
0.0492809	0.00275526
0.0494186	0.0027477
0.0495562	0.00274022
0.0496939	0.00273282
0.0498316	0.00272549
0.0499692	0.00271824
0.0501069	0.00271107
0.0502445	0.00270397
0.0503822	0.00269695
0.0505198	0.00269
0.0505198	0.00269
0.0506575	0.00268313
0.0507952	0.00267633
0.0509328	0.0026696
0.0510705	0.00266295
0.0512081	0.00265637
0.0513458	0.00264987
0.0514834	0.00264344
0.0516211	0.00263708
0.0517587	0.0026308
0.0518964	0.00262459
0.0520341	0.00261846
0.0521717	0.00261239
0.0523094	0.00260641
0.052447	0.00260049
0.0525847	0.00259465
0.0527223	0.00258889
0.05286	0.0025832
0.0529977	0.00257758
0.0531353	0.00257204
0.053273	0.00256658
0.0534106	0.00256119
0.0535483	0.00255588
0.0536859	0.00255064
0.0538236	0.00254548
0.0539612	0.0025404
0.0540989	0.00253539
0.0542366	0.00253047
0.0543742	0.00252562
0.0545119	0.00252085
0.0546495	0.00251616
0.0547872	0.00251155
0.0549248	0.00250701
0.0550625	0.00250256
0.0552002	0.00249819
0.0553378	0.0024939
0.0554755	0.00248969
0.0556131	0.00248556
0.0557508	0.00248151
0.0558884	0.00247754
0.0560261	0.00247365
0.0561637	0.00246985
0.0563014	0.00246613
0.0564391	0.00246249
0.0565767	0.00245894
0.0567144	0.00245546
0.056852	0.00245208
0.0569897	0.00244877
0.0571273	0.00244555
0.057265	0.00244241
0.0574027	0.00243936
0.0575403	0.00243639
0.057678	0.00243351
0.0578156	0.00243071
0.0579533	0.00242799
0.0580909	0.00242536
0.0582286	0.00242282
0.0583662	0.00242036
0.0585039	0.00241799
0.0586416	0.0024157
0.0587792	0.0024135
0.0589169	0.00241138
0.0590545	0.00240935
0.0591922	0.0024074
0.0593298	0.00240555
0.0594675	0.00240377
0.0596052	0.00240209
0.0597428	0.00240049
0.0598805	0.00239897
0.0600181	0.00239755
0.0601558	0.00239621
0.0602934	0.00239495
0.0604311	0.00239379
0.0605687	0.00239271
0.0607064	0.00239172
0.0608441	0.00239081
0.0609817	0.00238999
0.0611194	0.00238926
0.061257	0.00238862
0.0613947	0.00238806
0.0615323	0.00238759
0.06167	0.00238721
0.0618077	0.00238692
0.0619453	0.00238671
0.062083	0.00238659
0.0622206	0.00238656
0.0623583	0.00238661
0.0624959	0.00238676
0.0626336	0.00238699
0.0627712	0.00238731
0.0629089	0.00238771
0.0630466	0.00238821
0.0631842	0.00238879
0.0633219	0.00238946
0.0634595	0.00239022
0.0635972	0.00239107
0.0637348	0.002392
0.0638725	0.00239302
0.0640102	0.00239414
0.0641478	0.00239534
0.0642855	0.00239662
0.0644231	0.002398
0.0645608	0.00239946
0.0646984	0.00240102
0.0648361	0.00240266
0.0649737	0.00240439
0.0651114	0.00240621
0.0652491	0.00240812
0.0653867	0.00241012
0.0655244	0.00241221
0.065662	0.00241438
0.0657997	0.00241665
0.0659373	0.002419
0.066075	0.00242145
0.0662127	0.00242398
0.0663503	0.00242661
0.066488	0.00242932
0.0666256	0.00243213
0.0667633	0.00243503
0.0669009	0.00243801
0.0670386	0.00244109
0.0671762	0.00244426
0.0673139	0.00244752
0.0674516	0.00245087
0.0675892	0.00245432
0.0677269	0.00245785
0.0678645	0.00246148
0.0680022	0.0024652
0.0681398	0.00246901
0.0682775	0.00247292
0.0684152	0.00247692
0.0685528	0.00248101
0.0686905	0.00248519
0.0688281	0.00248947
0.0689658	0.00249385
0.0691034	0.00249831
0.0692411	0.00250287
0.0693787	0.00250753
0.0695164	0.00251228
0.0696541	0.00251712
0.0697917	0.00252206
0.0699294	0.00252709
0.070067	0.00253222
0.0702047	0.00253744
0.0703423	0.00254275
0.0703423	0.00254275
0.07048	0.00254816
0.0706177	0.00255366
0.0707553	0.00255926
0.070893	0.00256494
0.0710306	0.00257072
0.0711683	0.00257659
0.0713059	0.00258255
0.0714436	0.0025886
0.0715812	0.00259474
0.0717189	0.00260097
0.0718566	0.00260728
0.0719942	0.00261368
0.0721319	0.00262016
0.0722695	0.00262673
0.0724072	0.00263338
0.0725448	0.00264011
0.0726825	0.00264692
0.0728201	0.0026538
0.0729578	0.00266076
0.0730955	0.0026678
0.0732331	0.0026749
0.0733708	0.00268207
0.0735084	0.00268931
0.0736461	0.00269661
0.0737837	0.00270398
0.0739214	0.0027114
0.0740591	0.00271888
0.0741967	0.00272641
0.0743344	0.00273399
0.074472	0.00274161
0.0746097	0.00274928
0.0747473	0.00275699
0.074885	0.00276474
0.0750227	0.00277252
0.0751603	0.00278034
0.075298	0.00278818
0.0754356	0.00279604
0.0755733	0.00280392
0.0757109	0.00281182
0.0758486	0.00281974
0.0759862	0.00282766
0.0761239	0.00283558
0.0762616	0.00284351
0.0763992	0.00285144
0.0765369	0.00285936
0.0766745	0.00286728
0.0768122	0.00287518
0.0769498	0.00288307
0.0770875	0.00289093
0.0772251	0.00289878
0.0773628	0.0029066
0.0775005	0.00291439
0.0776381	0.00292214
0.0777758	0.00292987
0.0779134	0.00293755
0.0780511	0.00294519
0.0781887	0.00295279
0.0783264	0.00296035
0.0784641	0.00296785
0.0786017	0.0029753
0.0787394	0.0029827
0.078877	0.00299004
0.0790147	0.00299732
0.0791523	0.00300454
0.07929	0.0030117
0.0794277	0.00301879
0.0795653	0.00302582
0.079703	0.00303278
0.0798406	0.00303967
0.0799783	0.00304649
0.0801159	0.00305323
0.0802536	0.00305991
0.0803912	0.00306651
0.0805289	0.00307303
0.0806666	0.00307948
0.0808042	0.00308586
0.0809419	0.00309215
0.0810795	0.00309837
0.0812172	0.00310451
0.0813548	0.00311058
0.0814925	0.00311656
0.0816302	0.00312247
0.0817678	0.00312829
0.0819055	0.00313404
0.0820431	0.00313971
0.0821808	0.0031453
0.0823184	0.00315082
0.0824561	0.00315625
0.0825937	0.00316161
0.0827314	0.0031669
0.0828691	0.0031721
0.0830067	0.00317723
0.0831444	0.00318229
0.083282	0.00318727
0.0834197	0.00319218
0.0835573	0.00319701
0.083695	0.00320178
0.0838327	0.00320647
0.0839703	0.00321109
0.084108	0.00321564
0.0842456	0.00322013
0.0843833	0.00322455
0.0845209	0.0032289
0.0846586	0.00323319
0.0847962	0.00323741
0.0849339	0.00324157
0.0850716	0.00324567
0.0852092	0.00324971
0.0853469	0.00325369
0.0854845	0.00325761
0.0856222	0.00326148
0.0857598	0.00326529
0.0858975	0.00326904
0.0860352	0.00327275
0.0861728	0.0032764
0.0863105	0.00328
0.0864481	0.00328355
0.0865858	0.00328705
0.0867234	0.00329051
0.0868611	0.00329392
0.0869987	0.00329728
0.0871364	0.0033006
0.0872741	0.00330389
0.0874117	0.00330713
0.0875494	0.00331033
0.087687	0.00331349
0.0878247	0.00331661
0.0879623	0.0033197
0.0881	0.00332275
0.0883314	0.0033278
0.088563	0.00333276
0.0887947	0.00333765
0.0890266	0.00334245
0.0892586	0.00334718
0.0894907	0.00335184
0.089723	0.00335643
0.0899554	0.00336096
0.090188	0.00336544
0.0904207	0.00336985
0.0906536	0.00337421
0.0908866	0.00337852
0.0911197	0.00338278
0.091353	0.00338699
0.0915865	0.00339115
0.0918201	0.00339527
0.0920538	0.00339934
0.0922877	0.00340337
0.0925217	0.00340736
0.0927559	0.0034113
0.0929902	0.0034152
0.0932246	0.00341905
0.0934592	0.00342286
0.093694	0.00342663
0.0939289	0.00343035
0.0941639	0.00343403
0.0943991	0.00343766
0.0946344	0.00344125
0.0948699	0.00344479
0.0951055	0.00344828
0.0953413	0.00345172
0.0955772	0.00345512
0.0958132	0.00345846
0.0960494	0.00346176
0.0962858	0.00346501
0.0965223	0.00346822
0.0967589	0.00347137
0.0969957	0.00347448
0.0972327	0.00347754
0.0974697	0.00348056
0.097707	0.00348353
0.0979444	0.00348646
0.0981819	0.00348935
0.0984196	0.00349221
0.0986574	0.00349502
0.0988953	0.00349781
0.0991335	0.00350056
0.0993717	0.00350329
0.0996101	0.00350599
0.0998487	0.00350867
0.100087	0.00351133
0.100326	0.00351398
0.100565	0.00351662
0.100804	0.00351925
0.101044	0.00352188
0.101283	0.00352452
0.101523	0.00352716
0.101762	0.00352981
0.102002	0.00353247
0.102242	0.00353516
0.102483	0.00353787
0.102723	0.00354061
0.102963	0.00354338
0.103204	0.00354619
0.103445	0.00354904
0.103686	0.00355194
0.103927	0.00355488
0.104168	0.00355788
0.104409	0.00356094
0.104651	0.00356406
0.104893	0.00356724
0.105135	0.00357048
0.105376	0.0035738
0.105619	0.00357718
0.105861	0.00358064
0.106103	0.00358417
0.106346	0.00358778
0.106589	0.00359145
0.106832	0.00359521
0.107075	0.00359903
0.107318	0.00360292
0.107561	0.00360688
0.107805	0.00361091
0.108048	0.003615
0.108292	0.00361914
0.108536	0.00362334
0.10878	0.00362758
0.109024	0.00363185
0.109269	0.00363616
0.109513	0.00364049
0.109758	0.00364482
0.110003	0.00364916
0.110248	0.00365349
0.110493	0.00365779
0.110738	0.00366205
0.110984	0.00366626
0.111229	0.0036704
0.111475	0.00367446
0.111721	0.00367841
0.111967	0.00368225
0.112213	0.00368595
0.11246	0.00368949
0.112706	0.00369286
0.112953	0.00369603
0.1132	0.00369898
0.113447	0.00370169
0.113694	0.00370415
0.113941	0.00370633
0.114188	0.00370821
0.114436	0.00370977
0.114684	0.00371099
0.114932	0.00371186
0.11518	0.00371235
0.115428	0.00371245
0.115676	0.00371214
0.115925	0.0037114
0.116173	0.00371023
0.116422	0.0037086
0.116671	0.00370651
0.11692	0.00370394
0.11717	0.00370089
0.117419	0.00369735
0.117669	0.00369331
0.117918	0.00368876
0.118168	0.00368371
0.118418	0.00367815
0.118669	0.00367209
0.118919	0.00366551
0.119169	0.00365843
0.11942	0.00365085
0.119671	0.00364278
0.119922	0.00363421
0.120173	0.00362517
0.120424	0.00361565
0.120676	0.00360567
0.120927	0.00359524
0.121179	0.00358437
0.121431	0.00357307
0.121683	0.00356135
0.121935	0.00354924
0.122188	0.00353674
0.12244	0.00352387
0.122693	0.00351064
0.122693	0.00351064
0.122946	0.00349707
0.123199	0.00348318
0.123452	0.00346897
0.123705	0.00345448
0.123959	0.00343971
0.124213	0.00342468
0.124466	0.00340941
0.12472	0.00339391
0.124975	0.0033782
0.125229	0.00336231
0.125483	0.00334623
0.125738	0.00333
0.125993	0.00331362
0.126247	0.00329712
0.126503	0.00328051
0.126758	0.0032638
0.127013	0.00324702
0.127269	0.00323018
0.127524	0.00321329
0.12778	0.00319638
0.128036	0.00317945
0.128292	0.00316253
0.128549	0.00314564
0.128805	0.00312878
0.129062	0.00311198
0.129319	0.00309525
0.129576	0.00307862
0.129833	0.00306209
0.13009	0.0030457
0.130347	0.00302945
0.130605	0.00301338
0.130863	0.0029975
0.131121	0.00298183
0.131379	0.00296641
0.131637	0.00295126
0.131896	0.0029364
0.132154	0.00292187
0.132413	0.0029077
0.132672	0.00289394
0.132931	0.00288061
0.13319	0.00286778
0.133449	0.00285548
0.133709	0.00284378
0.133969	0.00283275
0.134228	0.00282245
0.134488	0.00281297
0.134749	0.0028044
0.135009	0.00279686
0.135269	0.00279047
0.13553	0.00278535
0.135791	0.0027817
0.136052	0.0027797
0.136313	0.00277953
0.136574	0.00278147
0.136836	0.00278585
0.137097	0.00279298
0.137359	0.00280323
0.137621	0.00281709
0.137883	0.0028351
0.138145	0.0028579
0.138408	0.00288617
0.13867	0.00292074
0.138933	0.00296252
0.139196	0.00301252
0.139459	0.00307175
0.139722	0.00314115
0.139986	0.00322142
0.140249	0.00331286
0.140513	0.00341517
0.140777	0.00352724
0.141041	0.00364704
0.141305	0.00377158
0.14157	0.00389709
0.141834	0.00401931
0.142099	0.00413392
0.142364	0.00423709
0.142629	0.00432585
0.142894	0.00439842
0.14316	0.00445412
0.143425	0.00449368
0.143691	0.00451883
0.143957	0.00452939
0.144223	0.00452852
0.144489	0.00451966
0.144755	0.00450306
0.145022	0.00448049
0.145289	0.00445344
0.145555	0.00442321
0.145822	0.00439089
0.14609	0.00435739
0.146357	0.00432339
0.146625	0.00428942
0.146892	0.00425586
0.14716	0.004223
0.147428	0.00419102
0.147696	0.00416004
0.147965	0.00413013
0.148233	0.00410132
0.148502	0.0040736
0.148771	0.00404696
0.14904	0.00402135
0.149309	0.00399673
0.149578	0.00397305
0.149848	0.00395025
0.150117	0.00392828
0.150387	0.00390708
0.150657	0.00388658
0.150928	0.00386675
0.151198	0.00384753
0.151468	0.00382887
0.151739	0.00381073
0.15201	0.00379307
0.152281	0.00377584
0.152552	0.00375902
0.152824	0.00374256
0.153095	0.00372644
0.153367	0.00371063
0.153639	0.0036951
0.153911	0.00367984
0.154183	0.00366481
0.154455	0.00365
0.154728	0.00363539
0.155001	0.00362097
0.155273	0.00360671
0.155546	0.00359261
0.15582	0.00357866
0.156093	0.00356483
0.156367	0.00355113
0.15664	0.00353754
0.156914	0.00352406
0.157188	0.00351067
0.157463	0.00349738
0.157737	0.00348417
0.158012	0.00347103
0.158286	0.00345797
0.158561	0.00344499
0.158836	0.00343206
0.159112	0.0034192
0.159387	0.0034064
0.159663	0.00339366
0.159938	0.00338097
0.160214	0.00336833
0.16049	0.00335574
0.160767	0.0033432
0.161043	0.00333071
0.16132	0.00331826
0.161597	0.00330586
0.161873	0.00329351
0.162151	0.0032812
0.162428	0.00326893
0.162705	0.00325671
0.162983	0.00324453
0.163261	0.0032324
0.163539	0.00322031
0.163817	0.00320826
0.164095	0.00319626
0.164374	0.0031843
0.164653	0.00317239
0.164931	0.00316053
0.165211	0.00314871
0.16549	0.00313695
0.165769	0.00312523
0.166049	0.00311356
0.166328	0.00310195
0.166608	0.00309039
0.166888	0.00307888
0.167169	0.00306743
0.167449	0.00305604
0.16773	0.0030447
0.16801	0.00303343
0.168291	0.00302222
0.168572	0.00301107
0.168854	0.00299999
0.169135	0.00298898
0.169417	0.00297804
0.169699	0.00296717
0.169981	0.00295637
0.170263	0.00294566
0.170545	0.00293502
0.170828	0.00292446
0.17111	0.00291399
0.171393	0.00290361
0.171676	0.00289332
0.171959	0.00288312
0.172243	0.00287301
0.172526	0.00286301
0.17281	0.00285311
0.173094	0.00284331
0.173378	0.00283362
0.173662	0.00282405
0.173947	0.00281459
0.174231	0.00280525
0.174516	0.00279604
0.174801	0.00278696
0.175086	0.002778
0.175372	0.00276919
0.175657	0.00276051
0.175943	0.00275198
0.176229	0.0027436
0.176515	0.00273538
0.176801	0.00272731
0.177087	0.00271941
0.177374	0.00271168
0.177661	0.00270412
0.177948	0.00269674
0.178235	0.00268954
0.178522	0.00268254
0.178809	0.00267573
0.179097	0.00266913
0.179385	0.00266273
0.179673	0.00265655
0.179961	0.00265059
0.180249	0.00264485
0.180538	0.00263935
0.180827	0.00263409
0.181115	0.00262907
0.181405	0.00262431
0.181694	0.0026198
0.181983	0.00261556
0.182273	0.0026116
0.182563	0.00260792
0.182853	0.00260452
0.183143	0.00260142
0.183433	0.00259862
0.183723	0.00259613
0.184014	0.00259396
0.184305	0.00259211
0.184596	0.00259059
0.184887	0.0025894
0.185179	0.00258856
0.18547	0.00258807
0.185762	0.00258793
0.186054	0.00258816
0.186346	0.00258876
0.186638	0.00258973
0.186931	0.00259108
0.187224	0.00259281
0.187516	0.00259493
0.187809	0.00259744
0.188103	0.00260035
0.188396	0.00260366
0.188396	0.00260366
0.18869	0.00260736
0.188983	0.00261147
0.189277	0.00261597
0.189571	0.00262088
0.189866	0.00262618
0.19016	0.00263188
0.190455	0.00263798
0.19075	0.00264446
0.191045	0.00265132
0.19134	0.00265856
0.191635	0.00266616
0.191931	0.00267411
0.192227	0.00268241
0.192523	0.00269105
0.192819	0.00269999
0.193115	0.00270925
0.193412	0.00271878
0.193708	0.00272859
0.194005	0.00273864
0.194302	0.00274892
0.194599	0.00275941
0.194897	0.00277009
0.195194	0.00278093
0.195492	0.00279191
0.19579	0.00280301
0.196088	0.00281421
0.196387	0.00282547
0.196685	0.00283679
0.196984	0.00284813
0.197283	0.00285947
0.197582	0.00287079
0.197881	0.00288208
0.198181	0.0028933
0.19848	0.00290445
0.19878	0.0029155
0.19908	0.00292644
0.19938	0.00293725
0.199681	0.00294793
0.199981	0.00295845
0.200282	0.00296881
0.200583	0.002979
0.200884	0.00298902
0.201185	0.00299885
0.201487	0.00300849
0.201789	0.00301795
0.20209	0.00302721
0.202392	0.00303629
0.202695	0.00304517
0.202997	0.00305386
0.2033	0.00306237
0.203603	0.0030707
0.203906	0.00307885
0.204209	0.00308683
0.204512	0.00309465
0.204816	0.00310231
0.205119	0.00310981
0.205423	0.00311717
0.205727	0.0031244
0.206032	0.00313149
0.206336	0.00313847
0.206641	0.00314533
0.206946	0.00315209
0.207251	0.00315876
0.207556	0.00316533
0.207862	0.00317183
0.208167	0.00317826
0.208473	0.00318463
0.208779	0.00319095
0.209085	0.00319722
0.209392	0.00320345
0.209698	0.00320965
0.210005	0.00321582
0.210312	0.00322198
0.210619	0.00322814
0.210927	0.00323429
0.211234	0.00324044
0.211542	0.0032466
0.21185	0.00325277
0.212158	0.00325897
0.212466	0.00326518
0.212775	0.00327143
0.213083	0.0032777
0.213392	0.00328401
0.213701	0.00329036
0.21401	0.00329674
0.21432	0.00330316
0.21463	0.00330961
0.214939	0.00331611
0.215249	0.00332264
0.21556	0.00332921
0.21587	0.0033358
0.216181	0.00334242
0.216491	0.00334907
0.216802	0.00335573
0.217114	0.0033624
0.217425	0.00336907
0.217736	0.00337573
0.218048	0.00338238
0.21836	0.00338901
0.218672	0.00339559
0.218985	0.00340213
0.219297	0.00340861
0.21961	0.00341502
0.219923	0.00342133
0.220236	0.00342755
0.220549	0.00343364
0.220863	0.00343961
0.221176	0.00344543
0.22149	0.00345109
0.221804	0.00345657
0.222119	0.00346185
0.222433	0.00346693
0.222748	0.00347178
0.223063	0.00347639
0.223378	0.00348075
0.223693	0.00348484
0.224008	0.00348865
0.224324	0.00349216
0.22464	0.00349537
0.224956	0.00349826
0.225272	0.00350082
0.225589	0.00350305
0.225905	0.00350492
0.226222	0.00350644
0.226539	0.0035076
0.226856	0.00350839
0.227174	0.0035088
0.227491	0.00350884
0.227809	0.00350849
0.228127	0.00350775
0.228445	0.00350661
0.228764	0.00350509
0.229082	0.00350317
0.229401	0.00350085
0.22972	0.00349813
0.230039	0.00349501
0.230358	0.0034915
0.230678	0.00348758
0.230998	0.00348327
0.231318	0.00347856
0.231638	0.00347346
0.231958	0.00346797
0.232279	0.00346209
0.2326	0.00345583
0.232921	0.00344919
0.233242	0.00344218
0.233563	0.00343481
0.233885	0.00342709
0.234206	0.00341902
0.234528	0.00341062
0.234851	0.0034019
0.235173	0.00339288
0.235495	0.00338357
0.235818	0.00337399
0.236141	0.00336416
0.236464	0.00335411
0.236788	0.00334386
0.237111	0.00333343
0.237435	0.00332285
0.237759	0.00331216
0.238083	0.00330139
0.238408	0.00329056
0.238732	0.00327972
0.239057	0.00326891
0.239382	0.00325815
0.239707	0.00324751
0.240032	0.00323702
0.240358	0.00322672
0.240684	0.00321667
0.24101	0.00320692
0.241336	0.00319751
0.241662	0.0031885
0.241989	0.00317995
0.242316	0.00317191
0.242643	0.00316445
0.24297	0.00315764
0.243297	0.00315153
0.243625	0.00314619
0.243953	0.0031417
0.244281	0.00313813
0.244609	0.00313555
0.244937	0.00313403
0.245266	0.00313367
0.245595	0.00313454
0.245924	0.00313672
0.246253	0.0031403
0.246582	0.00314537
0.246912	0.003152
0.247242	0.0031603
0.247572	0.00317033
0.247902	0.00318218
0.248232	0.00319591
0.248563	0.00321159
0.248563	0.00321159
0.248894	0.00322925
0.249225	0.00324894
0.249556	0.00327064
0.249888	0.00329435
0.250219	0.00332001
0.250551	0.00334753
0.250883	0.0033768
0.251216	0.00340765
0.251548	0.00343987
0.251881	0.00347322
0.252214	0.0035074
0.252547	0.00354211
0.25288	0.00357699
0.253214	0.00361168
0.253547	0.00364582
0.253881	0.00367906
0.254216	0.00371105
0.25455	0.00374149
0.254884	0.0037701
0.255219	0.00379668
0.255554	0.00382105
0.255889	0.00384308
0.256225	0.00386273
0.25656	0.00387997
0.256896	0.00389483
0.257232	0.00390736
0.257568	0.00391768
0.257905	0.00392589
0.258242	0.00393213
0.258578	0.00393656
0.258915	0.00393931
0.259253	0.00394054
0.25959	0.0039404
0.259928	0.00393901
0.260266	0.00393653
0.260604	0.00393306
0.260942	0.00392873
0.261281	0.00392363
0.261619	0.00391785
0.261958	0.00391148
0.262298	0.0039046
0.262637	0.00389726
0.262976	0.00388952
0.263316	0.00388145
0.263656	0.00387307
0.263996	0.00386444
0.264337	0.00385558
0.264678	0.00384652
0.265018	0.00383729
0.265359	0.00382792
0.265701	0.00381841
0.266042	0.00380879
0.266384	0.00379907
0.266726	0.00378926
0.267068	0.00377938
0.26741	0.00376942
0.267753	0.0037594
0.268095	0.00374933
0.268438	0.00373921
0.268782	0.00372904
0.269125	0.00371883
0.269469	0.00370858
0.269812	0.00369829
0.270156	0.00368797
0.270501	0.00367762
0.270845	0.00366724
0.27119	0.00365683
0.271535	0.0036464
0.27188	0.00363593
0.272225	0.00362545
0.272571	0.00361494
0.272916	0.0036044
0.273262	0.00359385
0.273608	0.00358327
0.273955	0.00357267
0.274301	0.00356205
0.274648	0.00355142
0.274995	0.00354076
0.275342	0.00353009
0.27569	0.0035194
0.276038	0.00350869
0.276385	0.00349797
0.276733	0.00348723
0.277082	0.00347649
0.27743	0.00346573
0.277779	0.00345496
0.278128	0.00344418
0.278477	0.00343339
0.278827	0.0034226
0.279176	0.0034118
0.279526	0.003401
0.279876	0.0033902
0.280226	0.0033794
0.280577	0.00336859
0.280927	0.0033578
0.281278	0.003347
0.28163	0.00333622
0.281981	0.00332544
0.282332	0.00331467
0.282684	0.00330391
0.283036	0.00329317
0.283388	0.00328245
0.283741	0.00327174
0.284093	0.00326105
0.284446	0.00325039
0.284799	0.00323975
0.285153	0.00322914
0.285506	0.00321856
0.28586	0.00320802
0.286214	0.0031975
0.286568	0.00318703
0.286923	0.00317659
0.287277	0.0031662
0.287632	0.00315586
0.287987	0.00314556
0.288342	0.00313532
0.288698	0.00312513
0.289054	0.003115
0.28941	0.00310493
0.289766	0.00309493
0.290122	0.003085
0.290479	0.00307514
0.290836	0.00306535
0.291193	0.00305565
0.29155	0.00304603
0.291907	0.00303651
0.292265	0.00302708
0.292623	0.00301774
0.292981	0.00300852
0.29334	0.0029994
0.293698	0.0029904
0.294057	0.00298151
0.294416	0.00297275
0.294775	0.00296413
0.295135	0.00295564
0.295494	0.0029473
0.295854	0.0029391
0.296215	0.00293107
0.296575	0.00292319
0.296936	0.00291549
0.297296	0.00290796
0.297657	0.00290062
0.298019	0.00289347
0.29838	0.00288651
0.298742	0.00287976
0.299104	0.00287323
0.299466	0.00286692
0.299828	0.00286083
0.300191	0.00285498
0.300554	0.00284938
0.300917	0.00284403
0.30128	0.00283894
0.301644	0.00283411
0.302008	0.00282956
0.302372	0.00282529
0.302736	0.00282131
0.3031	0.00281763
0.303465	0.00281426
0.30383	0.00281119
0.304195	0.00280845
0.30456	0.00280603
0.304926	0.00280394
0.305291	0.0028022
0.305657	0.00280079
0.306024	0.00279974
0.30639	0.00279904
0.306757	0.00279871
0.307124	0.00279873
0.307491	0.00279913
0.307858	0.00279989
0.308226	0.00280103
0.308594	0.00280255
0.308962	0.00280444
0.30933	0.00280671
0.309699	0.00280936
0.310067	0.00281239
0.310436	0.00281579
0.310805	0.00281956
0.311175	0.0028237
0.311545	0.00282821
0.311914	0.00283308
0.312284	0.0028383
0.312655	0.00284386
0.313025	0.00284976
0.313396	0.00285599
0.313767	0.00286254
0.314139	0.0028694
0.31451	0.00287655
0.314882	0.00288398
0.315254	0.00289168
0.315626	0.00289964
0.315998	0.00290784
0.316371	0.00291626
0.316744	0.00292489
0.317117	0.00293372
0.31749	0.00294271
0.317864	0.00295187
0.318238	0.00296117
0.318612	0.00297059
0.318986	0.00298012
0.31936	0.00298974
0.319735	0.00299943
0.32011	0.00300918
0.320485	0.00301897
0.320861	0.00302878
0.321236	0.0030386
0.321612	0.00304841
0.321988	0.0030582
0.322365	0.00306796
0.322741	0.00307767
0.323118	0.00308732
0.323495	0.00309691
0.323872	0.00310641
0.32425	0.00311581
0.324628	0.00312512
0.325006	0.00313432
0.325384	0.0031434
0.325762	0.00315235
0.326141	0.00316117
0.32652	0.00316986
0.326899	0.0031784
0.327278	0.00318679
0.327658	0.00319502
0.328038	0.0032031
0.328418	0.00321101
0.328798	0.00321876
0.329179	0.00322633
0.32956	0.00323374
0.329941	0.00324096
0.330322	0.00324801
0.330704	0.00325487
0.331085	0.00326155
0.331467	0.00326803
0.33185	0.00327433
0.332232	0.00328042
0.332615	0.00328632
0.332998	0.00329202
0.333381	0.00329751
0.333764	0.00330279
0.334148	0.00330786
0.334532	0.0033127
0.334916	0.00331733
0.3353	0.00332172
0.335685	0.00332589
0.33607	0.00332981
0.336455	0.0033335
0.33684	0.00333694
0.337226	0.00334013
0.337612	0.00334307
0.337998	0.00334575
0.338384	0.00334816
0.33877	0.00335032
0.33877	0.00335032
0.339157	0.00335221
0.339544	0.00335383
0.339931	0.00335518
0.340319	0.00335627
0.340706	0.0033571
0.341094	0.00335766
0.341483	0.00335796
0.341871	0.00335802
0.34226	0.00335782
0.342649	0.00335739
0.343038	0.00335673
0.343427	0.00335584
0.343817	0.00335476
0.344207	0.00335348
0.344597	0.00335202
0.344987	0.00335041
0.345378	0.00334865
0.345769	0.00334676
0.34616	0.00334477
0.346551	0.0033427
0.346943	0.00334057
0.347334	0.00333841
0.347727	0.00333623
0.348119	0.00333407
0.348511	0.00333194
0.348904	0.00332988
0.349297	0.00332791
0.34969	0.00332605
0.350084	0.00332435
0.350478	0.00332281
0.350872	0.00332147
0.351266	0.00332035
0.35166	0.00331948
0.352055	0.00331889
0.35245	0.0033186
0.352845	0.00331862
0.353241	0.00331899
0.353637	0.00331973
0.354033	0.00332086
0.354429	0.00332238
0.354825	0.00332433
0.355222	0.00332672
0.355619	0.00332955
0.356016	0.00333284
0.356414	0.0033366
0.356811	0.00334083
0.357209	0.00334553
0.357607	0.00335071
0.358006	0.00335637
0.358404	0.00336249
0.358803	0.00336906
0.359202	0.00337608
0.359602	0.00338352
0.360002	0.00339137
0.360401	0.00339961
0.360802	0.00340819
0.361202	0.0034171
0.361603	0.0034263
0.362004	0.00343575
0.362405	0.00344541
0.362806	0.00345524
0.363208	0.0034652
0.36361	0.00347523
0.364012	0.00348529
0.364414	0.00349533
0.364817	0.0035053
0.36522	0.00351515
0.365623	0.00352484
0.366026	0.00353431
0.36643	0.00354352
0.366834	0.00355242
0.367238	0.00356098
0.367642	0.00356916
0.368047	0.00357692
0.368452	0.00358423
0.368857	0.00359106
0.369262	0.00359739
0.369668	0.0036032
0.370074	0.00360847
0.37048	0.00361318
0.370886	0.00361734
0.371293	0.00362093
0.3717	0.00362395
0.372107	0.0036264
0.372515	0.00362829
0.372922	0.00362962
0.37333	0.00363039
0.373738	0.00363063
0.374147	0.00363034
0.374555	0.00362953
0.374964	0.00362822
0.375374	0.00362643
0.375783	0.00362417
0.376193	0.00362147
0.376603	0.00361833
0.377013	0.00361477
0.377423	0.00361082
0.377834	0.0036065
0.378245	0.00360182
0.378656	0.00359679
0.379068	0.00359145
0.379479	0.00358581
0.379891	0.00357987
0.380304	0.00357367
0.380716	0.00356722
0.381129	0.00356054
0.381542	0.00355363
0.381955	0.00354652
0.382369	0.00353922
0.382782	0.00353175
0.383196	0.00352411
0.383611	0.00351633
0.384025	0.00350841
0.38444	0.00350036
0.384855	0.00349221
0.38527	0.00348395
0.385686	0.0034756
0.386102	0.00346717
0.386518	0.00345867
0.386934	0.00345011
0.387351	0.00344149
0.387767	0.00343283
0.388185	0.00342413
0.388602	0.0034154
0.38902	0.00340664
0.389437	0.00339787
0.389856	0.00338908
0.390274	0.00338029
0.390693	0.0033715
0.391112	0.00336272
0.391531	0.00335394
0.39195	0.00334518
0.39237	0.00333644
0.39279	0.00332771
0.39321	0.00331902
0.393631	0.00331036
0.394051	0.00330173
0.394472	0.00329313
0.394894	0.00328458
0.395315	0.00327607
0.395737	0.00326761
0.396159	0.00325919
0.396581	0.00325083
0.397004	0.00324252
0.397427	0.00323426
0.39785	0.00322607
0.398273	0.00321793
0.398697	0.00320986
0.399121	0.00320186
0.399545	0.00319392
0.399969	0.00318605
0.400394	0.00317826
0.400819	0.00317053
0.401244	0.00316289
0.40167	0.00315532
0.402095	0.00314784
0.402521	0.00314044
0.402948	0.00313312
0.403374	0.0031259
0.403801	0.00311876
0.404228	0.00311172
0.404655	0.00310478
0.405083	0.00309794
0.405511	0.0030912
0.405939	0.00308456
0.406367	0.00307804
0.406796	0.00307163
0.407225	0.00306533
0.407654	0.00305915
0.408083	0.0030531
0.408513	0.00304717
0.408943	0.00304138
0.409373	0.00303572
0.409804	0.0030302
0.410234	0.00302482
0.410665	0.0030196
0.411097	0.00301452
0.411528	0.0030096
0.41196	0.00300484
0.412392	0.00300025
0.412825	0.00299583
0.413257	0.00299159
0.41369	0.00298752
0.414123	0.00298365
0.414557	0.00297996
0.41499	0.00297647
0.415424	0.00297317
0.415859	0.00297009
0.416293	0.00296721
0.416728	0.00296454
0.417163	0.0029621
0.417598	0.00295988
0.418034	0.00295788
0.41847	0.00295612
0.418906	0.00295459
0.419342	0.00295331
0.419779	0.00295227
0.420216	0.00295147
0.420653	0.00295093
0.421091	0.00295064
0.421528	0.0029506
0.421967	0.00295083
0.422405	0.00295131
0.422843	0.00295206
0.423282	0.00295307
0.423721	0.00295435
0.424161	0.0029559
0.4246	0.0029577
0.42504	0.00295978
0.425481	0.00296212
0.425921	0.00296472
0.426362	0.00296758
0.426803	0.0029707
0.427244	0.00297408
0.427686	0.00297771
0.428128	0.00298159
0.42857	0.00298571
0.429012	0.00299007
0.429455	0.00299467
0.429898	0.00299949
0.430341	0.00300453
0.430784	0.00300978
0.431228	0.00301523
0.431672	0.00302088
0.432117	0.00302671
0.432561	0.00303271
0.433006	0.00303888
0.433451	0.0030452
0.433897	0.00305167
0.434342	0.00305826
0.434788	0.00306496
0.435234	0.00307177
0.435681	0.00307867
0.436128	0.00308565
0.436575	0.00309269
0.437022	0.00309978
0.43747	0.00310691
0.437918	0.00311405
0.438366	0.00312121
0.438814	0.00312836
0.439263	0.00313549
0.439712	0.00314259
0.440161	0.00314964
0.440611	0.00315664
0.441061	0.00316357
0.441511	0.00317041
0.441961	0.00317717
0.442412	0.00318382
0.442863	0.00319036
0.443314	0.00319677
0.443766	0.00320306
0.444218	0.00320921
0.44467	0.00321522
0.445122	0.00322107
0.445575	0.00322677
0.446028	0.00323231
0.446481	0.00323768
0.446934	0.00324289
0.447388	0.00324793
0.447842	0.00325279
0.448297	0.00325748
0.448751	0.00326199
0.449206	0.00326634
0.449661	0.0032705
0.450117	0.0032745
0.450573	0.00327833
0.451029	0.00328199
0.451485	0.00328548
0.451941	0.00328882
0.452398	0.00329199
0.452855	0.00329501
0.453313	0.00329787
0.453771	0.00330059
0.454229	0.00330317
0.454687	0.0033056
0.455146	0.0033079
0.455604	0.00331007
0.456064	0.00331211
0.456523	0.00331402
0.456983	0.00331582
0.457443	0.0033175
0.457903	0.00331906
0.458364	0.00332052
0.458824	0.00332187
0.459286	0.00332312
0.459747	0.00332427
0.460209	0.00332533
0.460671	0.00332629
0.461133	0.00332716
0.461596	0.00332794
0.462058	0.00332863
0.462522	0.00332923
0.462985	0.00332975
0.463449	0.00333019
0.463913	0.00333054
0.464377	0.00333081
0.464842	0.00333101
0.465306	0.00333112
0.465772	0.00333115
0.466237	0.0033311
0.466703	0.00333097
0.467169	0.00333076
0.467635	0.00333047
0.468102	0.0033301
0.468569	0.00332964
0.469036	0.00332911
0.469503	0.0033285
0.469971	0.0033278
0.470439	0.00332702
0.470907	0.00332616
0.471376	0.00332522
0.471845	0.00332419
0.472314	0.00332307
0.472784	0.00332188
0.473253	0.0033206
0.473724	0.00331923
0.474194	0.00331778
0.474665	0.00331624
0.475136	0.00331461
0.475607	0.00331291
0.476078	0.00331111
0.47655	0.00330923
0.477022	0.00330726
0.477495	0.00330521
0.477967	0.00330307
0.47844	0.00330085
0.478914	0.00329855
0.479387	0.00329616
0.479861	0.00329368
0.480335	0.00329113
0.48081	0.0032885
0.481285	0.00328579
0.48176	0.00328299
0.482235	0.00328013
0.482711	0.00327719
0.483187	0.00327417
0.483663	0.00327108
0.484139	0.00326792
0.484139	0.00326792
0.484616	0.00326469
0.485093	0.0032614
0.485571	0.00325804
0.486048	0.00325462
0.486527	0.00325114
0.487005	0.0032476
0.487483	0.003244
0.487962	0.00324035
0.488442	0.00323664
0.488921	0.00323289
0.489401	0.00322909
0.489881	0.00322525
0.490361	0.00322136
0.490842	0.00321743
0.491323	0.00321347
0.491804	0.00320948
0.492286	0.00320545
0.492768	0.0032014
0.49325	0.00319732
0.493732	0.00319322
0.494215	0.0031891
0.494698	0.00318496
0.495182	0.00318081
0.495665	0.00317665
0.496149	0.00317248
0.496633	0.00316831
0.497118	0.00316413
0.497603	0.00315996
0.498088	0.00315578
0.498574	0.00315162
0.499059	0.00314747
0.499545	0.00314333
0.500032	0.0031392
0.500518	0.0031351
0.501005	0.00313101
0.501493	0.00312695
0.50198	0.00312292
0.502468	0.00311891
0.502956	0.00311494
0.503445	0.003111
0.503934	0.0031071
0.504423	0.00310324
0.504912	0.00309942
0.505402	0.00309564
0.505892	0.00309191
0.506382	0.00308823
0.506873	0.0030846
0.507364	0.00308103
0.507855	0.00307751
0.508346	0.00307404
0.508838	0.00307064
0.50933	0.00306729
0.509823	0.00306401
0.510316	0.00306079
0.510809	0.00305764
0.511302	0.00305455
0.511796	0.00305153
0.51229	0.00304858
0.512784	0.0030457
0.513278	0.00304289
0.513773	0.00304015
0.514268	0.00303749
0.514764	0.0030349
0.51526	0.00303238
0.515756	0.00302993
0.516252	0.00302756
0.516749	0.00302526
0.517246	0.00302304
0.517743	0.00302089
0.518241	0.00301881
0.518739	0.00301681
0.519237	0.00301487
0.519736	0.00301301
0.520235	0.00301122
0.520734	0.00300949
0.521233	0.00300784
0.521733	0.00300624
0.522233	0.00300471
0.522734	0.00300324
0.523235	0.00300184
0.523736	0.00300048
0.524237	0.00299919
0.524739	0.00299794
0.525241	0.00299674
0.525743	0.00299559
0.526246	0.00299449
0.526748	0.00299342
0.527252	0.00299238
0.527755	0.00299138
0.528259	0.00299041
0.528763	0.00298946
0.529268	0.00298853
0.529773	0.00298762
0.530278	0.00298672
0.530783	0.00298582
0.531289	0.00298493
0.531795	0.00298403
0.532301	0.00298312
0.532808	0.0029822
0.533315	0.00298126
0.533822	0.00298029
0.53433	0.0029793
0.534838	0.00297826
0.535346	0.00297719
0.535854	0.00297607
0.536363	0.0029749
0.536873	0.00297366
0.537382	0.00297237
0.537892	0.00297099
0.538402	0.00296955
0.538912	0.00296801
0.539423	0.00296639
0.539934	0.00296467
0.540446	0.00296285
0.540957	0.00296092
0.541469	0.00295887
0.541982	0.0029567
0.542494	0.0029544
0.543007	0.00295196
0.543521	0.00294938
0.544034	0.00294665
0.544548	0.00294377
0.545063	0.00294072
0.545577	0.0029375
0.546092	0.0029341
0.546607	0.00293052
0.547123	0.00292674
0.547639	0.00292277
0.548155	0.00291859
0.548671	0.00291419
0.549188	0.00290957
0.549705	0.00290472
0.550223	0.00289963
0.550741	0.00289429
0.551259	0.0028887
0.551777	0.00288283
0.552296	0.0028767
0.552815	0.00287027
0.553334	0.00286356
0.553854	0.00285654
0.554374	0.0028492
0.554894	0.00284154
0.555415	0.00283354
0.555936	0.00282519
0.556457	0.00281648
0.556979	0.0028074
0.557501	0.00279792
0.558023	0.00278805
0.558546	0.00277777
0.559069	0.00276706
0.559592	0.0027559
0.560116	0.00274429
0.560639	0.00273221
0.561164	0.00271963
0.561688	0.00270655
0.562213	0.00269295
0.562738	0.00267881
0.563264	0.00266412
0.56379	0.00264885
0.564316	0.002633
0.564842	0.00261655
0.564842	0.00261655
0.565369	0.00259948
0.565896	0.00258179
0.566424	0.00256346
0.566952	0.00254448
0.56748	0.00252486
0.568008	0.00250459
0.568537	0.00248366
0.569066	0.0024621
0.569596	0.00243994
0.570125	0.00241722
0.570656	0.00239399
0.571186	0.00237028
0.571717	0.00234616
0.572248	0.00232169
0.572779	0.00229695
0.573311	0.00227202
0.573843	0.002247
0.574376	0.00222197
0.574908	0.00219703
0.575441	0.00217224
0.575975	0.00214768
0.576509	0.0021234
0.577043	0.00209946
0.577577	0.00207591
0.578112	0.00205277
0.578647	0.00203007
0.579182	0.0020078
0.579718	0.001986
0.580254	0.00196465
0.58079	0.00194377
0.581327	0.00192335
0.581864	0.00190338
0.582401	0.00188386
0.582939	0.00186478
0.583477	0.00184612
0.584016	0.00182789
0.584554	0.00181006
0.585093	0.00179264
0.585633	0.00177561
0.586172	0.00175895
0.586713	0.00174266
0.587253	0.00172673
0.587794	0.00171115
0.588335	0.00169591
0.588876	0.00168099
0.589418	0.0016664
0.58996	0.00165211
0.590502	0.00163812
0.591045	0.00162443
0.591588	0.00161102
0.592131	0.00159788
0.592675	0.00158502
0.593219	0.00157241
0.593764	0.00156006
0.594308	0.00154795
0.594854	0.00153609
0.595399	0.00152446
0.595945	0.00151305
0.596491	0.00150186
0.597037	0.0014909
0.597584	0.00148014
0.598131	0.00146958
0.598679	0.00145922
0.599226	0.00144906
0.599775	0.00143908
0.600323	0.00142929
0.600872	0.00141968
0.601421	0.00141024
0.601971	0.00140098
0.60252	0.00139188
0.603071	0.00138294
0.603621	0.00137416
0.604172	0.00136554
0.604723	0.00135707
0.605275	0.00134874
0.605827	0.00134056
0.606379	0.00133252
0.606931	0.00132461
0.607484	0.00131684
0.608038	0.00130921
0.608591	0.00130169
0.609145	0.00129431
0.609699	0.00128705
0.610254	0.0012799
0.610809	0.00127288
0.611364	0.00126596
0.61192	0.00125916
0.612476	0.00125247
0.613032	0.00124588
0.613589	0.0012394
0.614146	0.00123302
0.614704	0.00122674
0.615261	0.00122056
0.615819	0.00121447
0.616378	0.00120848
0.616937	0.00120258
0.617496	0.00119676
0.618055	0.00119104
0.618615	0.0011854
0.619175	0.00117984
0.619736	0.00117436
0.620296	0.00116897
0.620858	0.00116365
0.621419	0.00115841
0.621981	0.00115324
0.622543	0.00114815
0.623106	0.00114313
0.623669	0.00113818
0.624232	0.00113329
0.624796	0.00112848
0.62536	0.00112372
0.625924	0.00111904
0.626489	0.00111441
0.627054	0.00110985
0.627619	0.00110535
0.628185	0.0011009
0.628751	0.00109652
0.629317	0.00109219
0.629884	0.00108791
0.630451	0.00108369
0.631019	0.00107952
0.631587	0.0010754
0.632155	0.00107134
0.632723	0.00106732
0.633292	0.00106335
0.633862	0.00105943
0.634431	0.00105555
0.635001	0.00105172
0.635571	0.00104794
0.636142	0.0010442
0.636713	0.0010405
0.637284	0.00103684
0.637856	0.00103322
0.638428	0.00102965
0.639001	0.00102611
0.639574	0.00102261
0.640147	0.00101915
0.64072	0.00101572
0.641294	0.00101234
0.641868	0.00100898
0.642443	0.00100566
0.643018	0.00100238
0.643593	0.000999131
0.644169	0.000995913
0.644745	0.000992728
0.645321	0.000989575
0.645898	0.000986453
0.646475	0.000983361
0.647052	0.0009803
0.64763	0.000977268
0.648208	0.000974264
0.648786	0.00097129
0.649365	0.000968343
0.649945	0.000965424
0.650524	0.000962533
0.651104	0.000959668
0.651684	0.000956829
0.652265	0.000954016
0.652846	0.000951229
0.653427	0.000948467
0.654009	0.00094573
0.654009	0.00094573
0.654591	0.000943017
0.655174	0.000940328
0.655756	0.000937664
0.65634	0.000935022
0.656923	0.000932404
0.657507	0.000929809
0.658091	0.000927236
0.658676	0.000924686
0.659261	0.000922158
0.659846	0.000919652
0.660432	0.000917167
0.661018	0.000914704
0.661604	0.000912261
0.662191	0.00090984
0.662778	0.00090744
0.663366	0.000905059
0.663954	0.0009027
0.664542	0.00090036
0.665131	0.00089804
0.66572	0.00089574
0.666309	0.00089346
0.666899	0.000891199
0.667489	0.000888957
0.668079	0.000886735
0.66867	0.000884531
0.669261	0.000882346
0.669853	0.000880179
0.670445	0.000878032
0.671037	0.000875902
0.671629	0.000873791
0.672222	0.000871697
0.672816	0.000869622
0.67341	0.000867565
0.674004	0.000865525
0.674598	0.000863502
0.675193	0.000861497
0.675788	0.00085951
0.676384	0.000857539
0.67698	0.000855586
0.677576	0.000853649
0.678173	0.00085173
0.67877	0.000849827
0.679367	0.00084794
0.679965	0.00084607
0.680563	0.000844216
0.681162	0.000842379
0.681761	0.000840557
0.68236	0.000838752
0.68296	0.000836962
0.68356	0.000835188
0.68416	0.00083343
0.684761	0.000831687
0.685362	0.00082996
0.685964	0.000828247
0.686565	0.00082655
0.687168	0.000824868
0.68777	0.000823201
0.688373	0.000821548
0.688977	0.00081991
0.68958	0.000818287
0.690185	0.000816678
0.690789	0.000815083
0.691394	0.000813502
0.691999	0.000811935
0.692605	0.000810382
0.693211	0.000808843
0.693817	0.000807317
0.694424	0.000805805
0.695031	0.000804306
0.695639	0.000802821
0.696246	0.000801348
0.696855	0.000799889
0.697463	0.000798442
0.698072	0.000797008
0.698682	0.000795587
0.699292	0.000794178
0.699902	0.000792782
0.700512	0.000791398
0.701123	0.000790026
0.701734	0.000788665
0.702346	0.000787317
0.702958	0.000785981
0.70357	0.000784657
0.704183	0.000783344
0.704796	0.000782042
0.70541	0.000780752
0.706024	0.000779473
0.706638	0.000778206
0.707253	0.00077695
0.707868	0.000775704
0.708484	0.00077447
0.709099	0.000773247
0.709716	0.000772034
0.710332	0.000770833
0.710949	0.000769642
0.711567	0.000768462
0.712184	0.000767293
0.712802	0.000766134
0.713421	0.000764986
0.71404	0.000763848
0.714659	0.000762721
0.715279	0.000761605
0.715899	0.000760499
0.716519	0.000759404
0.71714	0.00075832
0.717761	0.000757246
0.718383	0.000756183
0.719005	0.00075513
0.719627	0.000754089
0.72025	0.000753058
0.720873	0.000752038
0.721497	0.00075103
0.722121	0.000750032
0.722745	0.000749046
0.723369	0.000748071
0.723995	0.000747108
0.72462	0.000746156
0.725246	0.000745215
0.725872	0.000744287
0.726499	0.000743371
0.727126	0.000742467
0.727753	0.000741575
0.728381	0.000740696
0.729009	0.00073983
0.729638	0.000738976
0.730267	0.000738136
0.730896	0.000737309
0.731526	0.000736495
0.732156	0.000735696
0.732786	0.00073491
0.733417	0.000734138
0.734048	0.000733381
0.73468	0.000732638
0.735312	0.00073191
0.735945	0.000731196
0.736578	0.000730498
0.737211	0.000729815
0.737844	0.000729147
0.738478	0.000728495
0.739113	0.000727858
0.739748	0.000727237
0.740383	0.000726632
0.741019	0.000726042
0.741655	0.000725468
0.742291	0.00072491
0.742928	0.000724367
0.743565	0.00072384
0.744202	0.000723328
0.74484	0.000722831
0.745479	0.000722349
0.746118	0.000721882
0.746757	0.000721429
0.747396	0.00072099
0.748036	0.000720564
0.748677	0.000720151
0.749317	0.00071975
0.749959	0.000719361
0.7506	0.000718984
0.751242	0.000718616
0.751884	0.000718259
0.752527	0.00071791
0.75317	0.000717569
0.753814	0.000717235
0.754458	0.000716908
0.755102	0.000716586
0.755747	0.000716268
0.756392	0.000715953
0.757037	0.000715641
0.757683	0.000715329
0.75833	0.000715018
0.758976	0.000714705
0.759623	0.00071439
0.760271	0.000714072
0.760919	0.000713749
0.761567	0.00071342
0.762216	0.000713083
0.762865	0.000712739
0.763515	0.000712385
0.764165	0.00071202
0.764815	0.000711642
0.765466	0.000711252
0.766117	0.000710847
0.766768	0.000710426
0.76742	0.000709988
0.768073	0.000709532
0.768725	0.000709057
0.769379	0.000708561
0.770032	0.000708044
0.770686	0.000707504
0.771341	0.000706941
0.771995	0.000706354
0.772651	0.000705742
0.773306	0.000705104
0.773962	0.000704441
0.774619	0.000703752
0.775275	0.000703037
0.775933	0.000702295
0.77659	0.000701528
0.777248	0.000700734
0.777907	0.000699916
0.778566	0.000699072
0.779225	0.000698205
0.779885	0.000697315
0.780545	0.000696403
0.781205	0.00069547
0.781866	0.000694518
0.782527	0.000693548
0.783189	0.000692562
0.783851	0.000691561
0.784514	0.000690548
0.785177	0.000689523
0.78584	0.00068849
0.786504	0.00068745
0.787168	0.000686405
0.787833	0.000685358
0.788498	0.00068431
0.789163	0.000683264
0.789829	0.000682222
0.790495	0.000681187
0.791162	0.000680161
0.791829	0.000679147
0.792496	0.000678147
0.793164	0.000677163
0.793833	0.000676199
0.794501	0.000675265
0.79517	0.000674382
0.79584	0.000673562
0.79651	0.000672796
0.79718	0.000672069
0.797851	0.00067137
0.798522	0.000670691
0.799194	0.000670026
0.799866	0.000669373
0.800539	0.00066873
0.801211	0.000668093
0.801885	0.000667463
0.802558	0.000666838
0.803233	0.000666217
0.803907	0.000665601
0.804582	0.000664987
0.805257	0.000664376
0.805933	0.000663768
0.80661	0.000663162
0.807286	0.000662557
0.807963	0.000661955
0.808641	0.000661354
0.809319	0.000660754
0.809997	0.000660155
0.810676	0.000659557
0.810676	0.000659557
0.811355	0.000658961
0.812034	0.000658366
0.812714	0.000657772
0.813395	0.00065718
0.814076	0.000656589
0.814757	0.000655999
0.815439	0.000655411
0.816121	0.000654825
0.816803	0.000654241
0.817486	0.000653658
0.81817	0.000653078
0.818853	0.000652501
0.819538	0.000651926
0.820222	0.000651354
0.820907	0.000650785
0.821593	0.00065022
0.822279	0.000649658
0.822965	0.0006491
0.823652	0.000648546
0.824339	0.000647996
0.825027	0.00064745
0.825715	0.00064691
0.826403	0.000646374
0.827092	0.000645843
0.827782	0.000645318
0.828471	0.000644799
0.829162	0.000644285
0.829852	0.000643777
0.830543	0.000643276
0.831235	0.000642781
0.831927	0.000642293
0.832619	0.000641812
0.833312	0.000641338
0.834005	0.000640871
0.834698	0.000640412
0.835393	0.000639961
0.836087	0.000639518
0.836782	0.000639083
0.837477	0.000638656
0.838173	0.000638237
0.838869	0.000637827
0.839566	0.000637426
0.840263	0.000637034
0.84096	0.000636651
0.841658	0.000636277
0.842357	0.000635912
0.843056	0.000635557
0.843755	0.000635212
0.844454	0.000634877
0.845155	0.000634551
0.845855	0.000634235
0.846556	0.00063393
0.847257	0.000633634
0.847959	0.000633349
0.848662	0.000633074
0.849364	0.000632809
0.850067	0.000632555
0.850771	0.000632311
0.851475	0.000632078
0.852179	0.000631855
0.852884	0.000631643
0.85359	0.000631441
0.854295	0.00063125
0.855002	0.000631069
0.855708	0.000630898
0.856415	0.000630738
0.857123	0.000630587
0.857831	0.000630448
0.858539	0.000630318
0.859248	0.000630198
0.859957	0.000630088
0.860667	0.000629989
0.861377	0.000629898
0.862088	0.000629818
0.862799	0.000629747
0.86351	0.000629685
0.864222	0.000629632
0.864934	0.000629588
0.865647	0.000629553
0.86636	0.000629526
0.867074	0.000629508
0.867788	0.000629498
0.868503	0.000629496
0.869218	0.000629501
0.869933	0.000629514
0.870649	0.000629534
0.871365	0.000629561
0.872082	0.000629593
0.872799	0.000629631
0.873517	0.000629673
0.874235	0.000629718
0.874954	0.000629767
0.875673	0.000629817
0.876392	0.00062987
0.877112	0.000629924
0.877832	0.000629979
0.878553	0.000630038
0.879274	0.0006301
0.879996	0.000630167
0.880718	0.000630243
0.881441	0.000630329
0.882164	0.000630428
0.882887	0.000630542
0.883611	0.000630675
0.884335	0.000630828
0.88506	0.000631004
0.885785	0.000631201
0.886511	0.000631423
0.887237	0.000631667
0.887964	0.000631935
0.888691	0.000632226
0.889418	0.00063254
0.890146	0.000632876
0.890875	0.000633234
0.891604	0.000633614
0.892333	0.000634015
0.893063	0.000634436
0.893793	0.000634879
0.894524	0.000635341
0.895255	0.000635824
0.895986	0.000636325
0.896718	0.000636845
0.897451	0.000637384
0.898184	0.00063794
0.898917	0.000638514
0.899651	0.000639104
0.900385	0.000639711
0.90112	0.000640333
0.901855	0.000640969
0.902591	0.000641621
0.903327	0.000642286
0.904064	0.000642964
0.904801	0.000643655
0.905538	0.000644358
0.906276	0.000645073
0.907014	0.000645798
0.907753	0.000646534
0.908493	0.000647279
0.909232	0.000648034
0.909973	0.000648798
0.910713	0.000649569
0.911454	0.000650348
0.912196	0.000651134
0.912938	0.000651927
0.913681	0.000652726
0.914424	0.00065353
0.915167	0.00065434
0.915911	0.000655154
0.916655	0.000655973
0.9174	0.000656795
0.918146	0.000657621
0.918891	0.00065845
0.919638	0.000659282
0.920384	0.000660116
0.921131	0.000660953
0.921879	0.000661791
0.922627	0.00066263
0.923376	0.000663471
0.924125	0.000664312
0.924874	0.000665154
0.925624	0.000665997
0.926374	0.000666839
0.927125	0.000667682
0.927876	0.000668524
0.928628	0.000669365
0.929381	0.000670206
0.930133	0.000671046
0.930886	0.000671885
0.93164	0.000672723
0.932394	0.000673559
0.933149	0.000674394
0.933904	0.000675228
0.934659	0.000676059
0.935415	0.00067689
0.936172	0.000677718
0.936929	0.000678544
0.937686	0.000679369
0.938444	0.000680191
0.939202	0.000681011
0.939961	0.00068183
0.94072	0.000682645
0.94148	0.000683459
0.94224	0.000684269
0.943001	0.000685077
0.943762	0.000685882
0.944524	0.000686683
0.945286	0.000687481
0.946048	0.000688274
0.946812	0.000689064
0.947575	0.000689848
0.948339	0.000690628
0.949104	0.000691402
0.949868	0.00069217
0.950634	0.000692932
0.9514	0.000693688
0.952166	0.000694437
0.952933	0.00069518
0.9537	0.000695917
0.954468	0.00069665
0.955236	0.000697381
0.956005	0.000698096
0.957019	0.000699031
0.958032	0.000699964
0.959046	0.000700882
0.960059	0.000701914
0.961073	0.000703342
0.962086	0.000705289
0.9631	0.000707585
0.964114	0.000710027
0.965127	0.00071252
0.966141	0.00071502
0.967154	0.000717485
0.968168	0.000719866
0.969182	0.000722176
0.970195	0.000724197
0.971896	0.000726859
0.973598	0.000729074
0.974448	0.00073008
0.975299	0.000731161
0.975724	0.000731646
0.976149	0.000732015
0.976575	0.000732304
0.977	0.000732418
)
