(title "Total Pressure")
(labels "Position" "Total Pressure")

((xy/key/label "axis")
-0.023	4822.43
-0.0229699	4822.42
-0.0229399	4822.41
-0.0229098	4822.41
-0.0228797	4822.4
-0.0228196	4822.39
-0.0227595	4822.38
-0.0226392	4822.36
-0.022519	4822.36
-0.0223987	4822.36
-0.0222785	4822.36
-0.0221582	4822.36
-0.022038	4822.36
-0.0219177	4822.36
-0.0217975	4822.36
-0.0216772	4822.37
-0.021557	4822.37
-0.0214367	4822.37
-0.0213165	4822.38
-0.0211962	4822.38
-0.021076	4822.38
-0.0209557	4822.38
-0.0208355	4822.39
-0.0207152	4822.39
-0.020595	4822.39
-0.0204747	4822.39
-0.0203545	4822.4
-0.0202342	4822.4
-0.0201139	4822.4
-0.0199937	4822.41
-0.0198734	4822.41
-0.0197532	4822.41
-0.0196329	4822.41
-0.0195127	4822.42
-0.0193924	4822.42
-0.0192722	4822.42
-0.0191519	4822.43
-0.0190317	4822.43
-0.0189114	4822.43
-0.0187912	4822.43
-0.0186709	4822.44
-0.0185507	4822.44
-0.0184304	4822.44
-0.0183102	4822.45
-0.0181899	4822.45
-0.0180697	4822.45
-0.0179494	4822.45
-0.0178292	4822.46
-0.0177089	4822.46
-0.0175887	4822.46
-0.0174684	4822.47
-0.0173481	4822.47
-0.0172279	4822.47
-0.0171076	4822.48
-0.0169874	4822.48
-0.0168671	4822.48
-0.0167469	4822.48
-0.0166266	4822.49
-0.0165064	4822.49
-0.0163861	4822.49
-0.0162659	4822.5
-0.0161456	4822.5
-0.0160254	4822.5
-0.0159051	4822.5
-0.0157849	4822.51
-0.0156646	4822.51
-0.0155444	4822.51
-0.0154241	4822.52
-0.0153039	4822.52
-0.0151836	4822.52
-0.0150634	4822.53
-0.0149431	4822.53
-0.0148229	4822.53
-0.0147026	4822.54
-0.0145823	4822.54
-0.0144621	4822.54
-0.0143418	4822.54
-0.0142216	4822.55
-0.0141013	4822.55
-0.0139811	4822.55
-0.0138608	4822.56
-0.0137406	4822.56
-0.0136203	4822.56
-0.0136203	4822.56
-0.0135001	4822.57
-0.013371	4822.57
-0.013242	4822.57
-0.013113	4822.58
-0.0129839	4822.58
-0.0128549	4822.58
-0.0127259	4822.59
-0.0125968	4822.59
-0.0124678	4822.59
-0.0123387	4822.6
-0.0122097	4822.6
-0.0120807	4822.6
-0.0119516	4822.61
-0.0118226	4822.61
-0.0116936	4822.61
-0.0115645	4822.62
-0.0114355	4822.62
-0.0113064	4822.62
-0.0111774	4822.63
-0.0110484	4822.63
-0.0109193	4822.63
-0.0107903	4822.64
-0.0106613	4822.64
-0.0105322	4822.64
-0.0104032	4822.65
-0.0102741	4822.65
-0.0101451	4822.66
-0.0100161	4822.66
-0.00988703	4822.66
-0.00975799	4822.67
-0.00962896	4822.67
-0.00949992	4822.67
-0.00937967	4822.68
-0.00925942	4822.68
-0.00913916	4822.68
-0.00901891	4822.69
-0.00889866	4822.69
-0.00877841	4822.7
-0.00865815	4822.7
-0.0085379	4822.7
-0.00841765	4822.71
-0.0082974	4822.71
-0.00817715	4822.71
-0.00805689	4822.72
-0.00793664	4822.72
-0.00781639	4822.72
-0.00769614	4822.73
-0.00757589	4822.73
-0.00745563	4822.74
-0.00733538	4822.74
-0.00721513	4822.74
-0.00709488	4822.75
-0.00697462	4822.75
-0.00685437	4822.76
-0.00673412	4822.76
-0.00661387	4822.76
-0.00649362	4822.77
-0.00637336	4822.77
-0.00625311	4822.78
-0.00613286	4822.78
-0.00601261	4822.78
-0.00589236	4822.79
-0.0057721	4822.79
-0.00565185	4822.8
-0.0055316	4822.8
-0.00541135	4822.81
-0.00529109	4822.81
-0.00517084	4822.82
-0.00505059	4822.82
-0.00493034	4822.83
-0.00481009	4822.83
-0.00468983	4822.84
-0.00456958	4822.85
-0.00444933	4822.85
-0.00432908	4822.86
-0.00420883	4822.87
-0.00408857	4822.87
-0.00396832	4822.88
-0.00384807	4822.89
-0.00372782	4822.9
-0.00360756	4822.9
-0.00348731	4822.91
-0.00336706	4822.92
-0.00324681	4822.93
-0.00312656	4822.94
-0.0030063	4822.95
-0.00288605	4822.96
-0.0027658	4822.97
-0.00264555	4822.98
-0.0025253	4823
-0.00240504	4823.01
-0.00228479	4823.02
-0.00216454	4823.03
-0.00204429	4823.05
-0.00192403	4823.06
-0.00180378	4823.07
-0.00168353	4823.09
-0.00156328	4823.1
-0.00144303	4823.12
-0.00132277	4823.13
-0.00120252	4823.15
-0.00108227	4823.17
-0.000962017	4823.19
-0.000841765	4823.21
-0.000721513	4823.22
-0.000601261	4823.24
-0.000481008	4823.27
-0.000360756	4823.29
-0.000240504	4823.3
-0.000120252	4823.33
1.62761e-10	4823.35
0.000137656	4823.34
0.000275313	4823.35
0.000412969	4823.37
0.000550625	4823.4
0.000688281	4823.43
0.000825938	4823.46
0.000963594	4823.5
0.00110125	4823.53
0.00123891	4823.57
0.00137656	4823.62
0.00151422	4823.66
0.00165188	4823.71
0.00178953	4823.76
0.00192719	4823.81
0.00206484	4823.87
0.0022025	4823.92
0.00234016	4823.99
0.00247781	4824.05
0.00261547	4824.12
0.00275313	4824.2
0.00289078	4824.28
0.00302844	4824.37
0.00316609	4824.46
0.00330375	4824.55
0.00344141	4824.66
0.00357906	4824.77
0.00371672	4824.89
0.00385437	4825.01
0.00399203	4825.15
0.00412969	4825.31
0.00426734	4825.5
0.004405	4825.69
0.00454266	4825.88
0.00468031	4826.08
0.00481797	4826.28
0.00495562	4826.5
0.00509328	4826.73
0.00523094	4826.98
0.00536859	4827.24
0.00550625	4827.51
0.00564391	4827.8
0.00578156	4828.11
0.00591922	4828.43
0.00605687	4828.77
0.00619453	4829.11
0.00633219	4829.47
0.00646984	4829.84
0.0066075	4830.22
0.00674516	4830.6
0.00688281	4830.99
0.00702047	4831.38
0.00715812	4831.78
0.00729578	4832.18
0.00743344	4832.57
0.00757109	4832.96
0.00770875	4833.34
0.00784641	4833.72
0.00798406	4834.1
0.00812172	4834.46
0.00825937	4834.81
0.00839703	4835.15
0.00853469	4835.48
0.00867234	4835.79
0.00881	4836.09
0.00894766	4836.37
0.00908531	4836.63
0.00922297	4836.86
0.00936062	4837.08
0.00949828	4837.27
0.00963594	4837.44
0.00977359	4837.57
0.00991125	4837.67
0.0100489	4837.74
0.0101866	4837.76
0.0103242	4837.75
0.0104619	4837.68
0.0105995	4837.56
0.0107372	4837.39
0.0108748	4837.15
0.0110125	4836.83
0.0111502	4836.43
0.0112878	4835.95
0.0114255	4835.36
0.0115631	4834.66
0.0117008	4833.83
0.0118384	4832.86
0.0119761	4831.74
0.0121137	4830.45
0.0122514	4828.96
0.0123891	4827.28
0.0125267	4825.37
0.0126644	4823.23
0.012802	4820.85
0.0129397	4818.22
0.0130773	4815.35
0.013215	4812.25
0.0133527	4808.94
0.0134903	4805.46
0.013628	4801.87
0.0137656	4798.24
0.0139033	4794.64
0.0140409	4791.17
0.0141786	4787.93
0.0143162	4785.01
0.0144539	4782.5
0.0145916	4780.47
0.0147292	4778.94
0.0148669	4777.94
0.0150045	4777.44
0.0151422	4777.41
0.0152798	4777.77
0.0154175	4778.45
0.0155552	4779.37
0.0156928	4780.44
0.0158305	4781.58
0.0159681	4782.73
0.0161058	4783.84
0.0162434	4784.88
0.0163811	4785.82
0.0165187	4786.66
0.0166564	4787.42
0.0167941	4788.1
0.0169317	4788.72
0.0170694	4789.31
0.017207	4789.88
0.0173447	4790.44
0.0174823	4791.02
0.01762	4791.62
0.0177577	4792.24
0.0178953	4792.88
0.018033	4793.54
0.0181706	4794.21
0.0183083	4794.87
0.0184459	4795.53
0.0185836	4796.17
0.0187212	4796.77
0.0188589	4797.34
0.0188589	4797.34
0.0189966	4797.87
0.0191342	4798.34
0.0192719	4798.76
0.0194095	4799.13
0.0195472	4799.44
0.0196848	4799.71
0.0198225	4799.94
0.0199602	4800.13
0.0200978	4800.3
0.0202355	4800.44
0.0203731	4800.57
0.0205108	4800.7
0.0206484	4800.83
0.0207861	4800.97
0.0209237	4801.13
0.0210614	4801.31
0.0211991	4801.51
0.0213367	4801.74
0.0214744	4801.99
0.021612	4802.28
0.0217497	4802.59
0.0218873	4802.92
0.022025	4803.27
0.0221627	4803.64
0.0223003	4804.02
0.022438	4804.41
0.0225756	4804.8
0.0227133	4805.19
0.0228509	4805.58
0.0229886	4805.95
0.0231262	4806.32
0.0232639	4806.67
0.0234016	4807
0.0235392	4807.31
0.0236769	4807.6
0.0238145	4807.86
0.0239522	4808.1
0.0240898	4808.32
0.0242275	4808.51
0.0243652	4808.68
0.0245028	4808.83
0.0246405	4808.95
0.0247781	4809.04
0.0249158	4809.12
0.0250534	4809.17
0.0251911	4809.2
0.0253287	4809.21
0.0254664	4809.2
0.0256041	4809.17
0.0257417	4809.13
0.0258794	4809.07
0.026017	4809
0.0261547	4808.92
0.0262923	4808.83
0.02643	4808.73
0.0265677	4808.62
0.0267053	4808.51
0.026843	4808.4
0.0269806	4808.29
0.0271183	4808.18
0.0272559	4808.07
0.0273936	4807.97
0.0275312	4807.88
0.0276689	4807.79
0.0278066	4807.72
0.0279442	4807.65
0.0280819	4807.6
0.0282195	4807.55
0.0283572	4807.52
0.0284948	4807.5
0.0286325	4807.5
0.0287702	4807.5
0.0289078	4807.52
0.0290455	4807.54
0.0291831	4807.58
0.0293208	4807.62
0.0294584	4807.67
0.0295961	4807.73
0.0297337	4807.79
0.0298714	4807.86
0.0300091	4807.93
0.0301467	4808
0.0302844	4808.07
0.030422	4808.14
0.0305597	4808.21
0.0306973	4808.27
0.030835	4808.33
0.0309727	4808.39
0.0311103	4808.44
0.031248	4808.48
0.0313856	4808.51
0.0315233	4808.54
0.0316609	4808.55
0.0317986	4808.56
0.0319362	4808.55
0.0320739	4808.54
0.0322116	4808.51
0.0323492	4808.47
0.0324869	4808.42
0.0326245	4808.36
0.0327622	4808.28
0.0328998	4808.19
0.0330375	4808.08
0.0331752	4807.97
0.0333128	4807.83
0.0334505	4807.69
0.0335881	4807.54
0.0337258	4807.37
0.0338634	4807.19
0.0340011	4807
0.0341387	4806.79
0.0342764	4806.58
0.0344141	4806.36
0.0345517	4806.13
0.0346894	4805.89
0.034827	4805.65
0.0349647	4805.4
0.0351023	4805.14
0.03524	4804.88
0.0353777	4804.62
0.0355153	4804.35
0.035653	4804.09
0.0357906	4803.82
0.0359283	4803.56
0.0360659	4803.3
0.0362036	4803.04
0.0363412	4802.78
0.0364789	4802.53
0.0366166	4802.28
0.0367542	4802.04
0.0368919	4801.8
0.0370295	4801.57
0.0371672	4801.34
0.0373048	4801.12
0.0374425	4800.91
0.0375802	4800.7
0.0377178	4800.5
0.0378555	4800.3
0.0379931	4800.11
0.0381308	4799.93
0.0382684	4799.74
0.0384061	4799.56
0.0385437	4799.39
0.0386814	4799.21
0.0388191	4799.04
0.0389567	4798.86
0.0390944	4798.69
0.039232	4798.51
0.0393697	4798.33
0.0395073	4798.14
0.039645	4797.96
0.0397827	4797.76
0.0399203	4797.56
0.040058	4797.35
0.0401956	4797.14
0.0403333	4796.91
0.0404709	4796.68
0.0406086	4796.44
0.0407462	4796.18
0.0408839	4795.91
0.0410216	4795.64
0.0411592	4795.35
0.0412969	4795.04
0.0414345	4794.73
0.0415722	4794.4
0.0417098	4794.05
0.0418475	4793.7
0.0419852	4793.33
0.0421228	4792.95
0.0422605	4792.55
0.0423981	4792.14
0.0425358	4791.72
0.0426734	4791.29
0.0428111	4790.85
0.0429487	4790.39
0.0430864	4789.92
0.0432241	4789.45
0.0433617	4788.96
0.0434994	4788.47
0.043637	4787.97
0.0437747	4787.46
0.0439123	4786.94
0.04405	4786.42
0.0441877	4785.89
0.0443253	4785.36
0.044463	4784.82
0.0446006	4784.28
0.0447383	4783.74
0.0448759	4783.19
0.0450136	4782.65
0.0451512	4782.1
0.0452889	4781.55
0.0454266	4781.01
0.0455642	4780.46
0.0457019	4779.92
0.0458395	4779.38
0.0459772	4778.84
0.0461148	4778.3
0.0462525	4777.77
0.0463902	4777.24
0.0465278	4776.71
0.0466655	4776.19
0.0468031	4775.67
0.0469408	4775.15
0.0470784	4774.64
0.0472161	4774.13
0.0473537	4773.62
0.0474914	4773.12
0.0476291	4772.62
0.0477667	4772.12
0.0479044	4771.63
0.048042	4771.14
0.0481797	4770.65
0.0483173	4770.16
0.048455	4769.67
0.0485927	4769.18
0.0487303	4768.7
0.048868	4768.21
0.0490056	4767.72
0.0491433	4767.23
0.0492809	4766.74
0.0494186	4766.25
0.0495562	4765.75
0.0496939	4765.25
0.0498316	4764.75
0.0499692	4764.24
0.0501069	4763.72
0.0502445	4763.2
0.0503822	4762.68
0.0505198	4762.14
0.0505198	4762.14
0.0506575	4761.6
0.0507952	4761.05
0.0509328	4760.49
0.0510705	4759.92
0.0512081	4759.35
0.0513458	4758.76
0.0514834	4758.16
0.0516211	4757.56
0.0517587	4756.94
0.0518964	4756.31
0.0520341	4755.66
0.0521717	4755.01
0.0523094	4754.34
0.052447	4753.66
0.0525847	4752.97
0.0527223	4752.26
0.05286	4751.54
0.0529977	4750.81
0.0531353	4750.06
0.053273	4749.3
0.0534106	4748.53
0.0535483	4747.74
0.0536859	4746.94
0.0538236	4746.12
0.0539612	4745.29
0.0540989	4744.45
0.0542366	4743.59
0.0543742	4742.72
0.0545119	4741.84
0.0546495	4740.94
0.0547872	4740.03
0.0549248	4739.1
0.0550625	4738.16
0.0552002	4737.21
0.0553378	4736.25
0.0554755	4735.27
0.0556131	4734.28
0.0557508	4733.28
0.0558884	4732.27
0.0560261	4731.24
0.0561637	4730.21
0.0563014	4729.16
0.0564391	4728.1
0.0565767	4727.03
0.0567144	4725.96
0.056852	4724.87
0.0569897	4723.77
0.0571273	4722.66
0.057265	4721.54
0.0574027	4720.42
0.0575403	4719.28
0.057678	4718.14
0.0578156	4716.99
0.0579533	4715.83
0.0580909	4714.66
0.0582286	4713.49
0.0583662	4712.31
0.0585039	4711.12
0.0586416	4709.93
0.0587792	4708.73
0.0589169	4707.52
0.0590545	4706.31
0.0591922	4705.1
0.0593298	4703.88
0.0594675	4702.65
0.0596052	4701.42
0.0597428	4700.19
0.0598805	4698.95
0.0600181	4697.71
0.0601558	4696.47
0.0602934	4695.22
0.0604311	4693.98
0.0605687	4692.73
0.0607064	4691.47
0.0608441	4690.22
0.0609817	4688.96
0.0611194	4687.71
0.061257	4686.45
0.0613947	4685.2
0.0615323	4683.94
0.06167	4682.68
0.0618077	4681.43
0.0619453	4680.17
0.062083	4678.92
0.0622206	4677.67
0.0623583	4676.41
0.0624959	4675.17
0.0626336	4673.92
0.0627712	4672.67
0.0629089	4671.43
0.0630466	4670.19
0.0631842	4668.96
0.0633219	4667.72
0.0634595	4666.49
0.0635972	4665.27
0.0637348	4664.05
0.0638725	4662.83
0.0640102	4661.62
0.0641478	4660.41
0.0642855	4659.2
0.0644231	4658
0.0645608	4656.81
0.0646984	4655.62
0.0648361	4654.44
0.0649737	4653.26
0.0651114	4652.08
0.0652491	4650.92
0.0653867	4649.75
0.0655244	4648.6
0.065662	4647.45
0.0657997	4646.3
0.0659373	4645.16
0.066075	4644.03
0.0662127	4642.91
0.0663503	4641.79
0.066488	4640.67
0.0666256	4639.57
0.0667633	4638.47
0.0669009	4637.38
0.0670386	4636.29
0.0671762	4635.21
0.0673139	4634.14
0.0674516	4633.08
0.0675892	4632.02
0.0677269	4630.98
0.0678645	4629.94
0.0680022	4628.91
0.0681398	4627.89
0.0682775	4626.88
0.0684152	4625.88
0.0685528	4624.89
0.0686905	4623.91
0.0688281	4622.94
0.0689658	4621.98
0.0691034	4621.03
0.0692411	4620.1
0.0693787	4619.18
0.0695164	4618.27
0.0696541	4617.38
0.0697917	4616.5
0.0699294	4615.64
0.070067	4614.8
0.0702047	4613.97
0.0703423	4613.16
0.0703423	4613.16
0.07048	4612.37
0.0706177	4611.6
0.0707553	4610.85
0.070893	4610.12
0.0710306	4609.42
0.0711683	4608.73
0.0713059	4608.07
0.0714436	4607.44
0.0715812	4606.83
0.0717189	4606.25
0.0718566	4605.69
0.0719942	4605.16
0.0721319	4604.66
0.0722695	4604.19
0.0724072	4603.75
0.0725448	4603.33
0.0726825	4602.96
0.0728201	4602.61
0.0729578	4602.29
0.0730955	4602.01
0.0732331	4601.76
0.0733708	4601.54
0.0735084	4601.36
0.0736461	4601.21
0.0737837	4601.1
0.0739214	4601.02
0.0740591	4600.97
0.0741967	4600.96
0.0743344	4600.98
0.074472	4601.04
0.0746097	4601.13
0.0747473	4601.26
0.074885	4601.41
0.0750227	4601.61
0.0751603	4601.83
0.075298	4602.08
0.0754356	4602.37
0.0755733	4602.69
0.0757109	4603.04
0.0758486	4603.41
0.0759862	4603.82
0.0761239	4604.25
0.0762616	4604.71
0.0763992	4605.2
0.0765369	4605.71
0.0766745	4606.24
0.0768122	4606.8
0.0769498	4607.37
0.0770875	4607.97
0.0772251	4608.59
0.0773628	4609.23
0.0775005	4609.88
0.0776381	4610.55
0.0777758	4611.24
0.0779134	4611.94
0.0780511	4612.65
0.0781887	4613.37
0.0783264	4614.1
0.0784641	4614.85
0.0786017	4615.6
0.0787394	4616.36
0.078877	4617.13
0.0790147	4617.9
0.0791523	4618.68
0.07929	4619.46
0.0794277	4620.24
0.0795653	4621.02
0.079703	4621.81
0.0798406	4622.59
0.0799783	4623.38
0.0801159	4624.16
0.0802536	4624.95
0.0803912	4625.73
0.0805289	4626.5
0.0806666	4627.27
0.0808042	4628.04
0.0809419	4628.8
0.0810795	4629.56
0.0812172	4630.31
0.0813548	4631.06
0.0814925	4631.79
0.0816302	4632.52
0.0817678	4633.25
0.0819055	4633.96
0.0820431	4634.67
0.0821808	4635.36
0.0823184	4636.05
0.0824561	4636.73
0.0825937	4637.4
0.0827314	4638.06
0.0828691	4638.71
0.0830067	4639.35
0.0831444	4639.98
0.083282	4640.6
0.0834197	4641.21
0.0835573	4641.81
0.083695	4642.4
0.0838327	4642.98
0.0839703	4643.55
0.084108	4644.11
0.0842456	4644.65
0.0843833	4645.19
0.0845209	4645.72
0.0846586	4646.23
0.0847962	4646.73
0.0849339	4647.23
0.0850716	4647.71
0.0852092	4648.18
0.0853469	4648.64
0.0854845	4649.1
0.0856222	4649.54
0.0857598	4649.97
0.0858975	4650.39
0.0860352	4650.8
0.0861728	4651.2
0.0863105	4651.59
0.0864481	4651.97
0.0865858	4652.34
0.0867234	4652.71
0.0868611	4653.06
0.0869987	4653.41
0.0871364	4653.74
0.0872741	4654.07
0.0874117	4654.39
0.0875494	4654.7
0.087687	4655
0.0878247	4655.29
0.0879623	4655.58
0.0881	4655.86
0.0883314	4656.31
0.088563	4656.74
0.0887947	4657.15
0.0890266	4657.54
0.0892586	4657.92
0.0894907	4658.28
0.089723	4658.63
0.0899554	4658.97
0.090188	4659.3
0.0904207	4659.61
0.0906536	4659.92
0.0908866	4660.22
0.0911197	4660.51
0.091353	4660.8
0.0915865	4661.08
0.0918201	4661.36
0.0920538	4661.63
0.0922877	4661.9
0.0925217	4662.17
0.0927559	4662.44
0.0929902	4662.71
0.0932246	4662.98
0.0934592	4663.24
0.093694	4663.51
0.0939289	4663.78
0.0941639	4664.05
0.0943991	4664.31
0.0946344	4664.58
0.0948699	4664.85
0.0951055	4665.12
0.0953413	4665.38
0.0955772	4665.65
0.0958132	4665.91
0.0960494	4666.18
0.0962858	4666.44
0.0965223	4666.69
0.0967589	4666.94
0.0969957	4667.19
0.0972327	4667.43
0.0974697	4667.67
0.097707	4667.9
0.0979444	4668.12
0.0981819	4668.34
0.0984196	4668.54
0.0986574	4668.74
0.0988953	4668.93
0.0991335	4669.1
0.0993717	4669.27
0.0996101	4669.43
0.0998487	4669.57
0.100087	4669.7
0.100326	4669.82
0.100565	4669.93
0.100804	4670.02
0.101044	4670.11
0.101283	4670.17
0.101523	4670.23
0.101762	4670.27
0.102002	4670.3
0.102242	4670.32
0.102483	4670.32
0.102723	4670.31
0.102963	4670.29
0.103204	4670.26
0.103445	4670.22
0.103686	4670.16
0.103927	4670.1
0.104168	4670.03
0.104409	4669.95
0.104651	4669.86
0.104893	4669.77
0.105135	4669.67
0.105376	4669.57
0.105619	4669.47
0.105861	4669.36
0.106103	4669.26
0.106346	4669.16
0.106589	4669.06
0.106832	4668.97
0.107075	4668.89
0.107318	4668.81
0.107561	4668.75
0.107805	4668.69
0.108048	4668.66
0.108292	4668.64
0.108536	4668.64
0.10878	4668.66
0.109024	4668.7
0.109269	4668.77
0.109513	4668.87
0.109758	4669
0.110003	4669.16
0.110248	4669.35
0.110493	4669.58
0.110738	4669.85
0.110984	4670.16
0.111229	4670.51
0.111475	4670.9
0.111721	4671.34
0.111967	4671.82
0.112213	4672.35
0.11246	4672.93
0.112706	4673.55
0.112953	4674.22
0.1132	4674.94
0.113447	4675.71
0.113694	4676.53
0.113941	4677.4
0.114188	4678.31
0.114436	4679.26
0.114684	4680.27
0.114932	4681.31
0.11518	4682.39
0.115428	4683.52
0.115676	4684.68
0.115925	4685.87
0.116173	4687.1
0.116422	4688.36
0.116671	4689.65
0.11692	4690.97
0.11717	4692.3
0.117419	4693.66
0.117669	4695.04
0.117918	4696.43
0.118168	4697.83
0.118418	4699.24
0.118669	4700.66
0.118919	4702.08
0.119169	4703.51
0.11942	4704.93
0.119671	4706.36
0.119922	4707.77
0.120173	4709.19
0.120424	4710.59
0.120676	4711.98
0.120927	4713.36
0.121179	4714.72
0.121431	4716.07
0.121683	4717.4
0.121935	4718.71
0.122188	4720
0.12244	4721.27
0.122693	4722.52
0.122693	4722.52
0.122946	4723.74
0.123199	4724.94
0.123452	4726.11
0.123705	4727.26
0.123959	4728.37
0.124213	4729.46
0.124466	4730.51
0.12472	4731.54
0.124975	4732.53
0.125229	4733.48
0.125483	4734.4
0.125738	4735.29
0.125993	4736.13
0.126247	4736.93
0.126503	4737.69
0.126758	4738.41
0.127013	4739.08
0.127269	4739.71
0.127524	4740.28
0.12778	4740.8
0.128036	4741.26
0.128292	4741.66
0.128549	4741.99
0.128805	4742.26
0.129062	4742.45
0.129319	4742.57
0.129576	4742.59
0.129833	4742.52
0.13009	4742.35
0.130347	4742.07
0.130605	4741.67
0.130863	4741.13
0.131121	4740.45
0.131379	4739.6
0.131637	4738.58
0.131896	4737.35
0.132154	4735.89
0.132413	4734.19
0.132672	4732.2
0.132931	4729.9
0.13319	4727.24
0.133449	4724.19
0.133709	4720.68
0.133969	4716.67
0.134228	4712.09
0.134488	4706.87
0.134749	4700.94
0.135009	4694.21
0.135269	4686.59
0.13553	4677.95
0.135791	4668.23
0.136052	4657.31
0.136313	4645
0.136574	4631.19
0.136836	4615.8
0.137097	4598.75
0.137359	4579.97
0.137621	4559.43
0.137883	4537.17
0.138145	4513.37
0.138408	4488.31
0.13867	4462.37
0.138933	4436.15
0.139196	4410.46
0.139459	4386.31
0.139722	4364.87
0.139986	4347.37
0.140249	4334.98
0.140513	4328.69
0.140777	4329.07
0.141041	4336.2
0.141305	4349.73
0.14157	4368.82
0.141834	4392.25
0.142099	4418.58
0.142364	4446.3
0.142629	4474.02
0.142894	4500.54
0.14316	4524.97
0.143425	4546.94
0.143691	4566.79
0.143957	4582.89
0.144223	4596.06
0.144489	4608.07
0.144755	4617.9
0.145022	4625.79
0.145289	4632
0.145555	4636.8
0.145822	4640.39
0.14609	4642.99
0.146357	4644.81
0.146625	4645.99
0.146892	4646.68
0.14716	4647
0.147428	4647.03
0.147696	4646.87
0.147965	4646.58
0.148233	4646.2
0.148502	4645.77
0.148771	4645.32
0.14904	4644.88
0.149309	4644.47
0.149578	4644.09
0.149848	4643.75
0.150117	4643.46
0.150387	4643.22
0.150657	4643.04
0.150928	4642.91
0.151198	4642.83
0.151468	4642.81
0.151739	4642.83
0.15201	4642.9
0.152281	4643.01
0.152552	4643.16
0.152824	4643.35
0.153095	4643.58
0.153367	4643.83
0.153639	4644.12
0.153911	4644.44
0.154183	4644.78
0.154455	4645.14
0.154728	4645.52
0.155001	4645.92
0.155273	4646.34
0.155546	4646.77
0.15582	4647.22
0.156093	4647.67
0.156367	4648.14
0.15664	4648.61
0.156914	4649.09
0.157188	4649.58
0.157463	4650.07
0.157737	4650.57
0.158012	4651.07
0.158286	4651.57
0.158561	4652.07
0.158836	4652.57
0.159112	4653.08
0.159387	4653.58
0.159663	4654.08
0.159938	4654.59
0.160214	4655.08
0.16049	4655.58
0.160767	4656.07
0.161043	4656.56
0.16132	4657.05
0.161597	4657.53
0.161873	4658.01
0.162151	4658.49
0.162428	4658.95
0.162705	4659.42
0.162983	4659.87
0.163261	4660.32
0.163539	4660.77
0.163817	4661.2
0.164095	4661.63
0.164374	4662.05
0.164653	4662.47
0.164931	4662.87
0.165211	4663.27
0.16549	4663.66
0.165769	4664.04
0.166049	4664.41
0.166328	4664.77
0.166608	4665.12
0.166888	4665.46
0.167169	4665.78
0.167449	4666.1
0.16773	4666.4
0.16801	4666.69
0.168291	4666.97
0.168572	4667.24
0.168854	4667.49
0.169135	4667.72
0.169417	4667.94
0.169699	4668.15
0.169981	4668.33
0.170263	4668.5
0.170545	4668.65
0.170828	4668.79
0.17111	4668.9
0.171393	4668.99
0.171676	4669.06
0.171959	4669.11
0.172243	4669.14
0.172526	4669.14
0.17281	4669.12
0.173094	4669.07
0.173378	4669
0.173662	4668.89
0.173947	4668.76
0.174231	4668.6
0.174516	4668.41
0.174801	4668.19
0.175086	4667.94
0.175372	4667.65
0.175657	4667.33
0.175943	4666.97
0.176229	4666.58
0.176515	4666.15
0.176801	4665.68
0.177087	4665.16
0.177374	4664.61
0.177661	4664.02
0.177948	4663.38
0.178235	4662.7
0.178522	4661.98
0.178809	4661.21
0.179097	4660.39
0.179385	4659.53
0.179673	4658.61
0.179961	4657.65
0.180249	4656.64
0.180538	4655.58
0.180827	4654.47
0.181115	4653.31
0.181405	4652.1
0.181694	4650.84
0.181983	4649.53
0.182273	4648.17
0.182563	4646.76
0.182853	4645.3
0.183143	4643.8
0.183433	4642.25
0.183723	4640.65
0.184014	4639.02
0.184305	4637.34
0.184596	4635.63
0.184887	4633.88
0.185179	4632.09
0.18547	4630.28
0.185762	4628.44
0.186054	4626.57
0.186346	4624.69
0.186638	4622.79
0.186931	4620.89
0.187224	4618.98
0.187516	4617.06
0.187809	4615.16
0.188103	4613.26
0.188396	4611.38
0.188396	4611.38
0.18869	4609.52
0.188983	4607.7
0.189277	4605.91
0.189571	4604.16
0.189866	4602.46
0.19016	4600.81
0.190455	4599.23
0.19075	4597.72
0.191045	4596.28
0.19134	4594.92
0.191635	4593.64
0.191931	4592.46
0.192227	4591.37
0.192523	4590.39
0.192819	4589.5
0.193115	4588.73
0.193412	4588.06
0.193708	4587.51
0.194005	4587.06
0.194302	4586.73
0.194599	4586.51
0.194897	4586.41
0.195194	4586.41
0.195492	4586.51
0.19579	4586.72
0.196088	4587.02
0.196387	4587.42
0.196685	4587.91
0.196984	4588.47
0.197283	4589.12
0.197582	4589.83
0.197881	4590.6
0.198181	4591.44
0.19848	4592.32
0.19878	4593.24
0.19908	4594.2
0.19938	4595.18
0.199681	4596.19
0.199981	4597.22
0.200282	4598.25
0.200583	4599.29
0.200884	4600.33
0.201185	4601.36
0.201487	4602.39
0.201789	4603.4
0.20209	4604.39
0.202392	4605.36
0.202695	4606.31
0.202997	4607.24
0.2033	4608.13
0.203603	4609
0.203906	4609.83
0.204209	4610.63
0.204512	4611.4
0.204816	4612.14
0.205119	4612.84
0.205423	4613.51
0.205727	4614.15
0.206032	4614.75
0.206336	4615.32
0.206641	4615.86
0.206946	4616.36
0.207251	4616.83
0.207556	4617.27
0.207862	4617.69
0.208167	4618.07
0.208473	4618.42
0.208779	4618.75
0.209085	4619.05
0.209392	4619.33
0.209698	4619.58
0.210005	4619.81
0.210312	4620.02
0.210619	4620.21
0.210927	4620.38
0.211234	4620.54
0.211542	4620.67
0.21185	4620.8
0.212158	4620.91
0.212466	4621.01
0.212775	4621.1
0.213083	4621.18
0.213392	4621.26
0.213701	4621.34
0.21401	4621.41
0.21432	4621.48
0.21463	4621.56
0.214939	4621.64
0.215249	4621.73
0.21556	4621.82
0.21587	4621.93
0.216181	4622.05
0.216491	4622.18
0.216802	4622.33
0.217114	4622.5
0.217425	4622.69
0.217736	4622.91
0.218048	4623.14
0.21836	4623.41
0.218672	4623.7
0.218985	4624.01
0.219297	4624.36
0.21961	4624.74
0.219923	4625.14
0.220236	4625.58
0.220549	4626.05
0.220863	4626.55
0.221176	4627.09
0.22149	4627.65
0.221804	4628.25
0.222119	4628.87
0.222433	4629.53
0.222748	4630.21
0.223063	4630.92
0.223378	4631.66
0.223693	4632.42
0.224008	4633.2
0.224324	4634.01
0.22464	4634.83
0.224956	4635.67
0.225272	4636.53
0.225589	4637.41
0.225905	4638.3
0.226222	4639.2
0.226539	4640.11
0.226856	4641.03
0.227174	4641.96
0.227491	4642.9
0.227809	4643.84
0.228127	4644.79
0.228445	4645.74
0.228764	4646.7
0.229082	4647.67
0.229401	4648.63
0.22972	4649.6
0.230039	4650.57
0.230358	4651.54
0.230678	4652.52
0.230998	4653.49
0.231318	4654.46
0.231638	4655.44
0.231958	4656.4
0.232279	4657.37
0.2326	4658.32
0.232921	4659.27
0.233242	4660.21
0.233563	4661.13
0.233885	4662.03
0.234206	4662.92
0.234528	4663.78
0.234851	4664.6
0.235173	4665.4
0.235495	4666.15
0.235818	4666.86
0.236141	4667.52
0.236464	4668.13
0.236788	4668.67
0.237111	4669.14
0.237435	4669.53
0.237759	4669.83
0.238083	4670.05
0.238408	4670.17
0.238732	4670.17
0.239057	4670.07
0.239382	4669.84
0.239707	4669.47
0.240032	4668.97
0.240358	4668.31
0.240684	4667.5
0.24101	4666.52
0.241336	4665.36
0.241662	4664.02
0.241989	4662.48
0.242316	4660.75
0.242643	4658.8
0.24297	4656.64
0.243297	4654.25
0.243625	4651.64
0.243953	4648.79
0.244281	4645.72
0.244609	4642.41
0.244937	4638.88
0.245266	4635.12
0.245595	4631.14
0.245924	4626.94
0.246253	4622.56
0.246582	4617.99
0.246912	4613.28
0.247242	4608.45
0.247572	4603.54
0.247902	4598.59
0.248232	4593.66
0.248563	4588.81
0.248563	4588.81
0.248894	4584.09
0.249225	4579.6
0.249556	4575.39
0.249888	4571.54
0.250219	4568.12
0.250551	4565.21
0.250883	4562.87
0.251216	4561.15
0.251548	4560.09
0.251881	4559.73
0.252214	4560.05
0.252547	4561.06
0.25288	4562.72
0.253214	4564.98
0.253547	4567.79
0.253881	4571.06
0.254216	4574.71
0.25455	4578.65
0.254884	4582.8
0.255219	4587.06
0.255554	4591.36
0.255889	4595.62
0.256225	4599.79
0.25656	4603.81
0.256896	4607.64
0.257232	4611.25
0.257568	4614.62
0.257905	4617.74
0.258242	4620.61
0.258578	4623.22
0.258915	4625.59
0.259253	4627.73
0.25959	4629.65
0.259928	4631.38
0.260266	4632.91
0.260604	4634.27
0.260942	4635.48
0.261281	4636.55
0.261619	4637.5
0.261958	4638.33
0.262298	4639.07
0.262637	4639.71
0.262976	4640.28
0.263316	4640.79
0.263656	4641.23
0.263996	4641.61
0.264337	4641.96
0.264678	4642.26
0.265018	4642.52
0.265359	4642.76
0.265701	4642.97
0.266042	4643.15
0.266384	4643.32
0.266726	4643.47
0.267068	4643.6
0.26741	4643.72
0.267753	4643.83
0.268095	4643.93
0.268438	4644.02
0.268782	4644.1
0.269125	4644.17
0.269469	4644.24
0.269812	4644.3
0.270156	4644.36
0.270501	4644.41
0.270845	4644.46
0.27119	4644.51
0.271535	4644.55
0.27188	4644.59
0.272225	4644.63
0.272571	4644.67
0.272916	4644.7
0.273262	4644.73
0.273608	4644.76
0.273955	4644.78
0.274301	4644.8
0.274648	4644.82
0.274995	4644.84
0.275342	4644.85
0.27569	4644.86
0.276038	4644.87
0.276385	4644.87
0.276733	4644.87
0.277082	4644.87
0.27743	4644.86
0.277779	4644.85
0.278128	4644.84
0.278477	4644.82
0.278827	4644.8
0.279176	4644.77
0.279526	4644.74
0.279876	4644.7
0.280226	4644.66
0.280577	4644.61
0.280927	4644.56
0.281278	4644.5
0.28163	4644.43
0.281981	4644.36
0.282332	4644.29
0.282684	4644.2
0.283036	4644.11
0.283388	4644.01
0.283741	4643.91
0.284093	4643.79
0.284446	4643.67
0.284799	4643.54
0.285153	4643.4
0.285506	4643.26
0.28586	4643.1
0.286214	4642.93
0.286568	4642.76
0.286923	4642.57
0.287277	4642.37
0.287632	4642.16
0.287987	4641.94
0.288342	4641.71
0.288698	4641.46
0.289054	4641.2
0.28941	4640.92
0.289766	4640.63
0.290122	4640.33
0.290479	4640
0.290836	4639.66
0.291193	4639.3
0.29155	4638.93
0.291907	4638.53
0.292265	4638.11
0.292623	4637.67
0.292981	4637.21
0.29334	4636.73
0.293698	4636.22
0.294057	4635.68
0.294416	4635.12
0.294775	4634.53
0.295135	4633.92
0.295494	4633.27
0.295854	4632.6
0.296215	4631.89
0.296575	4631.15
0.296936	4630.38
0.297296	4629.58
0.297657	4628.75
0.298019	4627.88
0.29838	4626.97
0.298742	4626.03
0.299104	4625.05
0.299466	4624.04
0.299828	4622.99
0.300191	4621.9
0.300554	4620.78
0.300917	4619.62
0.30128	4618.43
0.301644	4617.2
0.302008	4615.93
0.302372	4614.63
0.302736	4613.29
0.3031	4611.92
0.303465	4610.52
0.30383	4609.09
0.304195	4607.63
0.30456	4606.15
0.304926	4604.64
0.305291	4603.1
0.305657	4601.54
0.306024	4599.97
0.30639	4598.38
0.306757	4596.77
0.307124	4595.15
0.307491	4593.53
0.307858	4591.9
0.308226	4590.27
0.308594	4588.65
0.308962	4587.03
0.30933	4585.42
0.309699	4583.82
0.310067	4582.24
0.310436	4580.68
0.310805	4579.14
0.311175	4577.63
0.311545	4576.15
0.311914	4574.71
0.312284	4573.31
0.312655	4571.94
0.313025	4570.62
0.313396	4569.35
0.313767	4568.13
0.314139	4566.95
0.31451	4565.83
0.314882	4564.77
0.315254	4563.76
0.315626	4562.8
0.315998	4561.9
0.316371	4561.06
0.316744	4560.28
0.317117	4559.55
0.31749	4558.88
0.317864	4558.26
0.318238	4557.69
0.318612	4557.18
0.318986	4556.71
0.31936	4556.29
0.319735	4555.91
0.32011	4555.58
0.320485	4555.29
0.320861	4555.03
0.321236	4554.81
0.321612	4554.62
0.321988	4554.45
0.322365	4554.32
0.322741	4554.2
0.323118	4554.11
0.323495	4554.04
0.323872	4553.98
0.32425	4553.94
0.324628	4553.91
0.325006	4553.88
0.325384	4553.87
0.325762	4553.86
0.326141	4553.86
0.32652	4553.86
0.326899	4553.87
0.327278	4553.87
0.327658	4553.88
0.328038	4553.88
0.328418	4553.89
0.328798	4553.89
0.329179	4553.89
0.32956	4553.89
0.329941	4553.88
0.330322	4553.88
0.330704	4553.87
0.331085	4553.86
0.331467	4553.85
0.33185	4553.83
0.332232	4553.82
0.332615	4553.81
0.332998	4553.79
0.333381	4553.78
0.333764	4553.76
0.334148	4553.75
0.334532	4553.74
0.334916	4553.73
0.3353	4553.72
0.335685	4553.72
0.33607	4553.71
0.336455	4553.71
0.33684	4553.72
0.337226	4553.72
0.337612	4553.72
0.337998	4553.72
0.338384	4553.72
0.33877	4553.72
0.33877	4553.72
0.339157	4553.72
0.339544	4553.71
0.339931	4553.69
0.340319	4553.67
0.340706	4553.63
0.341094	4553.58
0.341483	4553.52
0.341871	4553.43
0.34226	4553.33
0.342649	4553.2
0.343038	4553.05
0.343427	4552.87
0.343817	4552.65
0.344207	4552.41
0.344597	4552.12
0.344987	4551.8
0.345378	4551.43
0.345769	4551.02
0.34616	4550.57
0.346551	4550.06
0.346943	4549.51
0.347334	4548.9
0.347727	4548.23
0.348119	4547.51
0.348511	4546.74
0.348904	4545.91
0.349297	4545.02
0.34969	4544.07
0.350084	4543.07
0.350478	4542
0.350872	4540.89
0.351266	4539.71
0.35166	4538.49
0.352055	4537.21
0.35245	4535.89
0.352845	4534.51
0.353241	4533.1
0.353637	4531.64
0.354033	4530.15
0.354429	4528.63
0.354825	4527.09
0.355222	4525.52
0.355619	4523.93
0.356016	4522.33
0.356414	4520.73
0.356811	4519.13
0.357209	4517.54
0.357607	4515.97
0.358006	4514.41
0.358404	4512.88
0.358803	4511.39
0.359202	4509.94
0.359602	4508.53
0.360002	4507.18
0.360401	4505.89
0.360802	4504.66
0.361202	4503.5
0.361603	4502.4
0.362004	4501.39
0.362405	4500.45
0.362806	4499.59
0.363208	4498.81
0.36361	4498.11
0.364012	4497.49
0.364414	4496.95
0.364817	4496.48
0.36522	4496.08
0.365623	4495.75
0.366026	4495.49
0.36643	4495.28
0.366834	4495.12
0.367238	4495.01
0.367642	4494.95
0.368047	4494.92
0.368452	4494.91
0.368857	4494.93
0.369262	4494.97
0.369668	4495.03
0.370074	4495.09
0.37048	4495.15
0.370886	4495.21
0.371293	4495.26
0.3717	4495.3
0.372107	4495.33
0.372515	4495.35
0.372922	4495.34
0.37333	4495.31
0.373738	4495.26
0.374147	4495.19
0.374555	4495.08
0.374964	4494.96
0.375374	4494.8
0.375783	4494.61
0.376193	4494.4
0.376603	4494.15
0.377013	4493.88
0.377423	4493.57
0.377834	4493.24
0.378245	4492.88
0.378656	4492.49
0.379068	4492.07
0.379479	4491.63
0.379891	4491.16
0.380304	4490.66
0.380716	4490.14
0.381129	4489.59
0.381542	4489.01
0.381955	4488.42
0.382369	4487.8
0.382782	4487.15
0.383196	4486.49
0.383611	4485.8
0.384025	4485.09
0.38444	4484.37
0.384855	4483.62
0.38527	4482.85
0.385686	4482.07
0.386102	4481.27
0.386518	4480.45
0.386934	4479.61
0.387351	4478.76
0.387767	4477.89
0.388185	4477.01
0.388602	4476.11
0.38902	4475.2
0.389437	4474.27
0.389856	4473.33
0.390274	4472.38
0.390693	4471.42
0.391112	4470.44
0.391531	4469.45
0.39195	4468.45
0.39237	4467.44
0.39279	4466.41
0.39321	4465.38
0.393631	4464.33
0.394051	4463.27
0.394472	4462.21
0.394894	4461.13
0.395315	4460.04
0.395737	4458.95
0.396159	4457.84
0.396581	4456.72
0.397004	4455.6
0.397427	4454.46
0.39785	4453.31
0.398273	4452.16
0.398697	4450.99
0.399121	4449.81
0.399545	4448.63
0.399969	4447.43
0.400394	4446.23
0.400819	4445.01
0.401244	4443.78
0.40167	4442.54
0.402095	4441.29
0.402521	4440.03
0.402948	4438.76
0.403374	4437.48
0.403801	4436.18
0.404228	4434.88
0.404655	4433.55
0.405083	4432.22
0.405511	4430.87
0.405939	4429.51
0.406367	4428.14
0.406796	4426.75
0.407225	4425.35
0.407654	4423.93
0.408083	4422.5
0.408513	4421.05
0.408943	4419.58
0.409373	4418.1
0.409804	4416.6
0.410234	4415.08
0.410665	4413.55
0.411097	4412
0.411528	4410.43
0.41196	4408.85
0.412392	4407.25
0.412825	4405.62
0.413257	4403.98
0.41369	4402.33
0.414123	4400.65
0.414557	4398.96
0.41499	4397.25
0.415424	4395.52
0.415859	4393.77
0.416293	4392.01
0.416728	4390.23
0.417163	4388.43
0.417598	4386.62
0.418034	4384.8
0.41847	4382.95
0.418906	4381.1
0.419342	4379.23
0.419779	4377.35
0.420216	4375.45
0.420653	4373.55
0.421091	4371.64
0.421528	4369.71
0.421967	4367.78
0.422405	4365.85
0.422843	4363.9
0.423282	4361.96
0.423721	4360.01
0.424161	4358.06
0.4246	4356.11
0.42504	4354.16
0.425481	4352.21
0.425921	4350.27
0.426362	4348.33
0.426803	4346.4
0.427244	4344.48
0.427686	4342.57
0.428128	4340.66
0.42857	4338.77
0.429012	4336.9
0.429455	4335.03
0.429898	4333.19
0.430341	4331.36
0.430784	4329.54
0.431228	4327.75
0.431672	4325.98
0.432117	4324.23
0.432561	4322.5
0.433006	4320.79
0.433451	4319.1
0.433897	4317.44
0.434342	4315.8
0.434788	4314.18
0.435234	4312.59
0.435681	4311.01
0.436128	4309.46
0.436575	4307.94
0.437022	4306.43
0.43747	4304.95
0.437918	4303.48
0.438366	4302.04
0.438814	4300.61
0.439263	4299.2
0.439712	4297.8
0.440161	4296.42
0.440611	4295.06
0.441061	4293.71
0.441511	4292.36
0.441961	4291.03
0.442412	4289.71
0.442863	4288.39
0.443314	4287.07
0.443766	4285.76
0.444218	4284.45
0.44467	4283.15
0.445122	4281.84
0.445575	4280.53
0.446028	4279.21
0.446481	4277.89
0.446934	4276.57
0.447388	4275.24
0.447842	4273.9
0.448297	4272.55
0.448751	4271.19
0.449206	4269.82
0.449661	4268.43
0.450117	4267.04
0.450573	4265.63
0.451029	4264.21
0.451485	4262.77
0.451941	4261.32
0.452398	4259.86
0.452855	4258.38
0.453313	4256.88
0.453771	4255.38
0.454229	4253.85
0.454687	4252.31
0.455146	4250.75
0.455604	4249.18
0.456064	4247.6
0.456523	4245.99
0.456983	4244.38
0.457443	4242.75
0.457903	4241.1
0.458364	4239.45
0.458824	4237.77
0.459286	4236.09
0.459747	4234.39
0.460209	4232.68
0.460671	4230.95
0.461133	4229.21
0.461596	4227.46
0.462058	4225.7
0.462522	4223.93
0.462985	4222.15
0.463449	4220.35
0.463913	4218.55
0.464377	4216.73
0.464842	4214.9
0.465306	4213.06
0.465772	4211.22
0.466237	4209.36
0.466703	4207.49
0.467169	4205.61
0.467635	4203.72
0.468102	4201.82
0.468569	4199.91
0.469036	4197.99
0.469503	4196.06
0.469971	4194.12
0.470439	4192.17
0.470907	4190.21
0.471376	4188.23
0.471845	4186.25
0.472314	4184.26
0.472784	4182.25
0.473253	4180.23
0.473724	4178.2
0.474194	4176.16
0.474665	4174.11
0.475136	4172.04
0.475607	4169.96
0.476078	4167.87
0.47655	4165.76
0.477022	4163.64
0.477495	4161.51
0.477967	4159.36
0.47844	4157.2
0.478914	4155.02
0.479387	4152.82
0.479861	4150.61
0.480335	4148.39
0.48081	4146.15
0.481285	4143.89
0.48176	4141.61
0.482235	4139.32
0.482711	4137
0.483187	4134.67
0.483663	4132.33
0.484139	4129.96
0.484139	4129.96
0.484616	4127.57
0.485093	4125.16
0.485571	4122.73
0.486048	4120.28
0.486527	4117.81
0.487005	4115.32
0.487483	4112.81
0.487962	4110.27
0.488442	4107.71
0.488921	4105.13
0.489401	4102.52
0.489881	4099.89
0.490361	4097.23
0.490842	4094.55
0.491323	4091.84
0.491804	4089.11
0.492286	4086.35
0.492768	4083.56
0.49325	4080.75
0.493732	4077.9
0.494215	4075.03
0.494698	4072.13
0.495182	4069.2
0.495665	4066.24
0.496149	4063.25
0.496633	4060.22
0.497118	4057.17
0.497603	4054.08
0.498088	4050.96
0.498574	4047.8
0.499059	4044.61
0.499545	4041.39
0.500032	4038.13
0.500518	4034.83
0.501005	4031.5
0.501493	4028.12
0.50198	4024.72
0.502468	4021.27
0.502956	4017.78
0.503445	4014.25
0.503934	4010.68
0.504423	4007.07
0.504912	4003.42
0.505402	3999.72
0.505892	3995.98
0.506382	3992.19
0.506873	3988.36
0.507364	3984.48
0.507855	3980.56
0.508346	3976.58
0.508838	3972.56
0.50933	3968.48
0.509823	3964.35
0.510316	3960.18
0.510809	3955.94
0.511302	3951.66
0.511796	3947.31
0.51229	3942.92
0.512784	3938.46
0.513278	3933.94
0.513773	3929.37
0.514268	3924.73
0.514764	3920.03
0.51526	3915.27
0.515756	3910.44
0.516252	3905.54
0.516749	3900.58
0.517246	3895.54
0.517743	3890.44
0.518241	3885.26
0.518739	3880.01
0.519237	3874.68
0.519736	3869.27
0.520235	3863.79
0.520734	3858.22
0.521233	3852.57
0.521733	3846.84
0.522233	3841.01
0.522734	3835.1
0.523235	3829.1
0.523736	3823.01
0.524237	3816.81
0.524739	3810.52
0.525241	3804.14
0.525743	3797.64
0.526246	3791.04
0.526748	3784.34
0.527252	3777.52
0.527755	3770.59
0.528259	3763.54
0.528763	3756.37
0.529268	3749.08
0.529773	3741.66
0.530278	3734.11
0.530783	3726.43
0.531289	3718.61
0.531795	3710.65
0.532301	3702.55
0.532808	3694.29
0.533315	3685.89
0.533822	3677.32
0.53433	3668.6
0.534838	3659.71
0.535346	3650.64
0.535854	3641.41
0.536363	3631.99
0.536873	3622.38
0.537382	3612.58
0.537892	3602.59
0.538402	3592.39
0.538912	3581.98
0.539423	3571.36
0.539934	3560.51
0.540446	3549.44
0.540957	3538.13
0.541469	3526.58
0.541982	3514.77
0.542494	3502.72
0.543007	3490.39
0.543521	3477.8
0.544034	3464.92
0.544548	3451.75
0.545063	3438.28
0.545577	3424.51
0.546092	3410.42
0.546607	3396
0.547123	3381.24
0.547639	3366.13
0.548155	3350.66
0.548671	3334.83
0.549188	3318.61
0.549705	3301.99
0.550223	3284.97
0.550741	3267.53
0.551259	3249.66
0.551777	3231.34
0.552296	3212.56
0.552815	3193.3
0.553334	3173.55
0.553854	3153.3
0.554374	3132.52
0.554894	3111.21
0.555415	3089.33
0.555936	3066.89
0.556457	3043.86
0.556979	3020.22
0.557501	2995.95
0.558023	2971.03
0.558546	2945.46
0.559069	2919.2
0.559592	2892.24
0.560116	2864.55
0.560639	2836.13
0.561164	2806.96
0.561688	2777.01
0.562213	2746.26
0.562738	2714.71
0.563264	2682.34
0.56379	2649.13
0.564316	2615.08
0.564842	2580.17
0.564842	2580.17
0.565369	2544.41
0.565896	2507.78
0.566424	2470.29
0.566952	2431.95
0.56748	2392.75
0.568008	2352.73
0.568537	2311.91
0.569066	2270.31
0.569596	2227.98
0.570125	2184.94
0.570656	2141.26
0.571186	2096.99
0.571717	2052.19
0.572248	2006.93
0.572779	1961.29
0.573311	1915.37
0.573843	1869.3
0.574376	1823.27
0.574908	1777.46
0.575441	1732.06
0.575975	1687.3
0.576509	1643.36
0.577043	1600.41
0.577577	1558.54
0.578112	1517.81
0.578647	1478.3
0.579182	1440.04
0.579718	1403.06
0.580254	1367.34
0.58079	1332.86
0.581327	1299.59
0.581864	1267.49
0.582401	1236.53
0.582939	1206.68
0.583477	1177.89
0.584016	1150.12
0.584554	1123.33
0.585093	1097.47
0.585633	1072.52
0.586172	1048.43
0.586713	1025.16
0.587253	1002.68
0.587794	980.955
0.588335	959.953
0.588876	939.642
0.589418	919.994
0.58996	900.979
0.590502	882.57
0.591045	864.744
0.591588	847.473
0.592131	830.737
0.592675	814.513
0.593219	798.78
0.593764	783.518
0.594308	768.709
0.594854	754.333
0.595399	740.375
0.595945	726.818
0.596491	713.646
0.597037	700.845
0.597584	688.401
0.598131	676.3
0.598679	664.529
0.599226	653.077
0.599775	641.931
0.600323	631.081
0.600872	620.517
0.601421	610.227
0.601971	600.202
0.60252	590.434
0.603071	580.912
0.603621	571.63
0.604172	562.578
0.604723	553.749
0.605275	545.136
0.605827	536.731
0.606379	528.528
0.606931	520.521
0.607484	512.702
0.608038	505.066
0.608591	497.607
0.609145	490.321
0.609699	483.2
0.610254	476.241
0.610809	469.438
0.611364	462.787
0.61192	456.283
0.612476	449.922
0.613032	443.7
0.613589	437.612
0.614146	431.655
0.614704	425.824
0.615261	420.118
0.615819	414.531
0.616378	409.06
0.616937	403.703
0.617496	398.456
0.618055	393.316
0.618615	388.28
0.619175	383.346
0.619736	378.511
0.620296	373.771
0.620858	369.126
0.621419	364.571
0.621981	360.105
0.622543	355.726
0.623106	351.431
0.623669	347.218
0.624232	343.085
0.624796	339.03
0.62536	335.051
0.625924	331.147
0.626489	327.315
0.627054	323.553
0.627619	319.86
0.628185	316.235
0.628751	312.675
0.629317	309.179
0.629884	305.746
0.630451	302.374
0.631019	299.061
0.631587	295.807
0.632155	292.61
0.632723	289.468
0.633292	286.38
0.633862	283.346
0.634431	280.363
0.635001	277.431
0.635571	274.549
0.636142	271.715
0.636713	268.928
0.637284	266.188
0.637856	263.493
0.638428	260.843
0.639001	258.235
0.639574	255.67
0.640147	253.147
0.64072	250.664
0.641294	248.221
0.641868	245.817
0.642443	243.451
0.643018	241.122
0.643593	238.83
0.644169	236.573
0.644745	234.352
0.645321	232.164
0.645898	230.01
0.646475	227.889
0.647052	225.801
0.64763	223.744
0.648208	221.717
0.648786	219.721
0.649365	217.755
0.649945	215.818
0.650524	213.909
0.651104	212.028
0.651684	210.175
0.652265	208.349
0.652846	206.548
0.653427	204.774
0.654009	203.025
0.654009	203.025
0.654591	201.301
0.655174	199.601
0.655756	197.925
0.65634	196.273
0.656923	194.644
0.657507	193.037
0.658091	191.452
0.658676	189.889
0.659261	188.347
0.659846	186.827
0.660432	185.327
0.661018	183.847
0.661604	182.387
0.662191	180.946
0.662778	179.525
0.663366	178.122
0.663954	176.737
0.664542	175.371
0.665131	174.023
0.66572	172.692
0.666309	171.378
0.666899	170.081
0.667489	168.801
0.668079	167.536
0.66867	166.288
0.669261	165.056
0.669853	163.839
0.670445	162.637
0.671037	161.451
0.671629	160.279
0.672222	159.121
0.672816	157.977
0.67341	156.848
0.674004	155.732
0.674598	154.63
0.675193	153.541
0.675788	152.465
0.676384	151.402
0.67698	150.352
0.677576	149.314
0.678173	148.289
0.67877	147.275
0.679367	146.274
0.679965	145.284
0.680563	144.305
0.681162	143.338
0.681761	142.382
0.68236	141.438
0.68296	140.503
0.68356	139.58
0.68416	138.667
0.684761	137.764
0.685362	136.872
0.685964	135.989
0.686565	135.117
0.687168	134.254
0.68777	133.401
0.688373	132.557
0.688977	131.722
0.68958	130.897
0.690185	130.081
0.690789	129.273
0.691394	128.475
0.691999	127.685
0.692605	126.903
0.693211	126.13
0.693817	125.365
0.694424	124.608
0.695031	123.86
0.695639	123.119
0.696246	122.386
0.696855	121.661
0.697463	120.943
0.698072	120.233
0.698682	119.53
0.699292	118.835
0.699902	118.147
0.700512	117.465
0.701123	116.791
0.701734	116.124
0.702346	115.463
0.702958	114.809
0.70357	114.162
0.704183	113.521
0.704796	112.886
0.70541	112.258
0.706024	111.636
0.706638	111.02
0.707253	110.41
0.707868	109.806
0.708484	109.208
0.709099	108.616
0.709716	108.029
0.710332	107.448
0.710949	106.873
0.711567	106.303
0.712184	105.738
0.712802	105.179
0.713421	104.625
0.71404	104.076
0.714659	103.532
0.715279	102.993
0.715899	102.458
0.716519	101.929
0.71714	101.404
0.717761	100.884
0.718383	100.369
0.719005	99.8582
0.719627	99.3517
0.72025	98.8496
0.720873	98.3518
0.721497	97.8582
0.722121	97.3687
0.722745	96.8832
0.723369	96.4018
0.723995	95.9243
0.72462	95.4506
0.725246	94.9806
0.725872	94.5144
0.726499	94.0518
0.727126	93.5927
0.727753	93.1371
0.728381	92.685
0.729009	92.2361
0.729638	91.7905
0.730267	91.3481
0.730896	90.9089
0.731526	90.4726
0.732156	90.0394
0.732786	89.6091
0.733417	89.1816
0.734048	88.7569
0.73468	88.3349
0.735312	87.9155
0.735945	87.4987
0.736578	87.0844
0.737211	86.6725
0.737844	86.263
0.738478	85.8558
0.739113	85.4508
0.739748	85.0479
0.740383	84.6472
0.741019	84.2484
0.741655	83.8517
0.742291	83.4568
0.742928	83.0637
0.743565	82.6723
0.744202	82.2827
0.74484	81.8946
0.745479	81.508
0.746118	81.1229
0.746757	80.7392
0.747396	80.3567
0.748036	79.9754
0.748677	79.5952
0.749317	79.216
0.749959	78.8378
0.7506	78.4604
0.751242	78.0837
0.751884	77.7076
0.752527	77.3321
0.75317	76.957
0.753814	76.5822
0.754458	76.2075
0.755102	75.833
0.755747	75.4584
0.756392	75.0836
0.757037	74.7086
0.757683	74.3332
0.75833	73.9573
0.758976	73.5809
0.759623	73.2038
0.760271	72.8259
0.760919	72.4472
0.761567	72.0676
0.762216	71.687
0.762865	71.3055
0.763515	70.9229
0.764165	70.5394
0.764815	70.1548
0.765466	69.7693
0.766117	69.3829
0.766768	68.9957
0.76742	68.6077
0.768073	68.2191
0.768725	67.83
0.769379	67.4405
0.770032	67.0509
0.770686	66.6612
0.771341	66.2717
0.771995	65.8826
0.772651	65.4941
0.773306	65.1063
0.773962	64.7195
0.774619	64.3339
0.775275	63.9496
0.775933	63.567
0.77659	63.186
0.777248	62.807
0.777907	62.4301
0.778566	62.0554
0.779225	61.6831
0.779885	61.3133
0.780545	60.9461
0.781205	60.5816
0.781866	60.2198
0.782527	59.861
0.783189	59.5052
0.783851	59.1525
0.784514	58.8029
0.785177	58.4566
0.78584	58.1136
0.786504	57.7741
0.787168	57.4382
0.787833	57.1059
0.788498	56.7774
0.789163	56.4528
0.789829	56.1322
0.790495	55.8159
0.791162	55.5038
0.791829	55.1961
0.792496	54.893
0.793164	54.5946
0.793833	54.3011
0.794501	54.0127
0.79517	53.7293
0.79584	53.4508
0.79651	53.1765
0.79718	52.9062
0.797851	52.6394
0.798522	52.3758
0.799194	52.1152
0.799866	51.8573
0.800539	51.602
0.801211	51.3491
0.801885	51.0985
0.802558	50.85
0.803233	50.6036
0.803907	50.3591
0.804582	50.1164
0.805257	49.8755
0.805933	49.6363
0.80661	49.3988
0.807286	49.1628
0.807963	48.9284
0.808641	48.6954
0.809319	48.464
0.809997	48.2339
0.810676	48.0054
0.810676	48.0054
0.811355	47.7782
0.812034	47.5523
0.812714	47.3279
0.813395	47.1049
0.814076	46.8832
0.814757	46.6629
0.815439	46.4439
0.816121	46.2264
0.816803	46.0102
0.817486	45.7955
0.81817	45.5821
0.818853	45.3702
0.819538	45.1598
0.820222	44.9507
0.820907	44.7432
0.821593	44.5371
0.822279	44.3326
0.822965	44.1295
0.823652	43.928
0.824339	43.728
0.825027	43.5296
0.825715	43.3328
0.826403	43.1376
0.827092	42.944
0.827782	42.752
0.828471	42.5616
0.829162	42.373
0.829852	42.1859
0.830543	42.0006
0.831235	41.817
0.831927	41.635
0.832619	41.4548
0.833312	41.2763
0.834005	41.0995
0.834698	40.9245
0.835393	40.7513
0.836087	40.5797
0.836782	40.41
0.837477	40.242
0.838173	40.0758
0.838869	39.9114
0.839566	39.7488
0.840263	39.5879
0.84096	39.4289
0.841658	39.2716
0.842357	39.1161
0.843056	38.9625
0.843755	38.8106
0.844454	38.6605
0.845155	38.5122
0.845855	38.3657
0.846556	38.2209
0.847257	38.078
0.847959	37.9368
0.848662	37.7974
0.849364	37.6598
0.850067	37.5239
0.850771	37.3898
0.851475	37.2574
0.852179	37.1268
0.852884	36.9979
0.85359	36.8707
0.854295	36.7452
0.855002	36.6214
0.855708	36.4992
0.856415	36.3788
0.857123	36.26
0.857831	36.1428
0.858539	36.0273
0.859248	35.9134
0.859957	35.8011
0.860667	35.6904
0.861377	35.5812
0.862088	35.4736
0.862799	35.3675
0.86351	35.2629
0.864222	35.1599
0.864934	35.0583
0.865647	34.9581
0.86636	34.8594
0.867074	34.7622
0.867788	34.6663
0.868503	34.5718
0.869218	34.4787
0.869933	34.3869
0.870649	34.2965
0.871365	34.2073
0.872082	34.1195
0.872799	34.0328
0.873517	33.9474
0.874235	33.8632
0.874954	33.7801
0.875673	33.6982
0.876392	33.6174
0.877112	33.5377
0.877832	33.459
0.878553	33.3815
0.879274	33.3051
0.879996	33.2299
0.880718	33.1559
0.881441	33.0832
0.882164	33.0118
0.882887	32.9418
0.883611	32.8732
0.884335	32.8061
0.88506	32.7406
0.885785	32.6766
0.886511	32.6141
0.887237	32.5532
0.887964	32.4937
0.888691	32.4358
0.889418	32.3793
0.890146	32.3243
0.890875	32.2706
0.891604	32.2184
0.892333	32.1676
0.893063	32.1181
0.893793	32.0699
0.894524	32.023
0.895255	31.9774
0.895986	31.9331
0.896718	31.89
0.897451	31.8481
0.898184	31.8074
0.898917	31.7678
0.899651	31.7293
0.900385	31.692
0.90112	31.6557
0.901855	31.6205
0.902591	31.5863
0.903327	31.553
0.904064	31.5207
0.904801	31.4894
0.905538	31.4589
0.906276	31.4293
0.907014	31.4006
0.907753	31.3727
0.908493	31.3456
0.909232	31.3193
0.909973	31.2937
0.910713	31.2688
0.911454	31.2446
0.912196	31.2211
0.912938	31.1983
0.913681	31.1761
0.914424	31.1546
0.915167	31.1336
0.915911	31.1132
0.916655	31.0934
0.9174	31.0742
0.918146	31.0555
0.918891	31.0373
0.919638	31.0196
0.920384	31.0025
0.921131	30.9858
0.921879	30.9697
0.922627	30.954
0.923376	30.9388
0.924125	30.924
0.924874	30.9097
0.925624	30.8958
0.926374	30.8824
0.927125	30.8695
0.927876	30.857
0.928628	30.8449
0.929381	30.8332
0.930133	30.822
0.930886	30.8113
0.93164	30.8009
0.932394	30.791
0.933149	30.7816
0.933904	30.7725
0.934659	30.764
0.935415	30.7558
0.936172	30.7482
0.936929	30.7409
0.937686	30.7342
0.938444	30.7279
0.939202	30.7221
0.939961	30.7168
0.94072	30.712
0.94148	30.7076
0.94224	30.7038
0.943001	30.7005
0.943762	30.6977
0.944524	30.6955
0.945286	30.6937
0.946048	30.6925
0.946812	30.6919
0.947575	30.6918
0.948339	30.6922
0.949104	30.6932
0.949868	30.6947
0.950634	30.6968
0.9514	30.6995
0.952166	30.7028
0.952933	30.7067
0.9537	30.7113
0.954468	30.7167
0.955236	30.7229
0.956005	30.7295
0.957019	30.7393
0.958032	30.7509
0.959046	30.7635
0.960059	30.7831
0.961073	30.8218
0.962086	30.8844
0.9631	30.9632
0.964114	31.0493
0.965127	31.1384
0.966141	31.2281
0.967154	31.3163
0.968168	31.4002
0.969182	31.4794
0.970195	31.542
0.971896	31.6027
0.973598	31.6306
0.974448	31.6381
0.975299	31.6509
0.975724	31.657
0.976149	31.6608
0.976575	31.665
0.977	31.667
)
