(title "Static Temperature")
(labels "Position" "Static Temperature")

((xy/key/label "axis")
-0.023	294.985
-0.0229699	294.985
-0.0229399	294.985
-0.0229098	294.985
-0.0228797	294.985
-0.0228196	294.985
-0.0227595	294.985
-0.0226392	294.985
-0.022519	294.985
-0.0223987	294.984
-0.0222785	294.983
-0.0221582	294.981
-0.022038	294.98
-0.0219177	294.979
-0.0217975	294.977
-0.0216772	294.975
-0.021557	294.973
-0.0214367	294.972
-0.0213165	294.97
-0.0211962	294.968
-0.021076	294.966
-0.0209557	294.964
-0.0208355	294.962
-0.0207152	294.96
-0.020595	294.958
-0.0204747	294.957
-0.0203545	294.955
-0.0202342	294.953
-0.0201139	294.951
-0.0199937	294.95
-0.0198734	294.948
-0.0197532	294.946
-0.0196329	294.945
-0.0195127	294.943
-0.0193924	294.942
-0.0192722	294.94
-0.0191519	294.939
-0.0190317	294.938
-0.0189114	294.937
-0.0187912	294.936
-0.0186709	294.935
-0.0185507	294.934
-0.0184304	294.933
-0.0183102	294.932
-0.0181899	294.931
-0.0180697	294.931
-0.0179494	294.93
-0.0178292	294.93
-0.0177089	294.929
-0.0175887	294.929
-0.0174684	294.928
-0.0173481	294.928
-0.0172279	294.928
-0.0171076	294.928
-0.0169874	294.928
-0.0168671	294.928
-0.0167469	294.928
-0.0166266	294.928
-0.0165064	294.929
-0.0163861	294.929
-0.0162659	294.93
-0.0161456	294.93
-0.0160254	294.931
-0.0159051	294.931
-0.0157849	294.932
-0.0156646	294.933
-0.0155444	294.934
-0.0154241	294.935
-0.0153039	294.936
-0.0151836	294.937
-0.0150634	294.938
-0.0149431	294.939
-0.0148229	294.94
-0.0147026	294.941
-0.0145823	294.943
-0.0144621	294.944
-0.0143418	294.946
-0.0142216	294.947
-0.0141013	294.949
-0.0139811	294.95
-0.0138608	294.952
-0.0137406	294.954
-0.0136203	294.956
-0.0136203	294.956
-0.0135001	294.957
-0.013371	294.959
-0.013242	294.961
-0.013113	294.963
-0.0129839	294.965
-0.0128549	294.967
-0.0127259	294.969
-0.0125968	294.971
-0.0124678	294.973
-0.0123387	294.975
-0.0122097	294.976
-0.0120807	294.978
-0.0119516	294.98
-0.0118226	294.981
-0.0116936	294.982
-0.0115645	294.984
-0.0114355	294.985
-0.0113064	294.985
-0.0111774	294.986
-0.0110484	294.986
-0.0109193	294.987
-0.0107903	294.987
-0.0106613	294.986
-0.0105322	294.985
-0.0104032	294.984
-0.0102741	294.983
-0.0101451	294.981
-0.0100161	294.979
-0.00988703	294.976
-0.00975799	294.973
-0.00962896	294.969
-0.00949992	294.965
-0.00937967	294.96
-0.00925942	294.955
-0.00913916	294.95
-0.00901891	294.943
-0.00889866	294.936
-0.00877841	294.929
-0.00865815	294.921
-0.0085379	294.912
-0.00841765	294.902
-0.0082974	294.891
-0.00817715	294.879
-0.00805689	294.867
-0.00793664	294.854
-0.00781639	294.839
-0.00769614	294.824
-0.00757589	294.807
-0.00745563	294.789
-0.00733538	294.77
-0.00721513	294.749
-0.00709488	294.727
-0.00697462	294.704
-0.00685437	294.679
-0.00673412	294.653
-0.00661387	294.624
-0.00649362	294.594
-0.00637336	294.562
-0.00625311	294.528
-0.00613286	294.491
-0.00601261	294.452
-0.00589236	294.411
-0.0057721	294.367
-0.00565185	294.32
-0.0055316	294.27
-0.00541135	294.216
-0.00529109	294.16
-0.00517084	294.099
-0.00505059	294.035
-0.00493034	293.966
-0.00481009	293.893
-0.00468983	293.815
-0.00456958	293.732
-0.00444933	293.643
-0.00432908	293.548
-0.00420883	293.447
-0.00408857	293.339
-0.00396832	293.224
-0.00384807	293.101
-0.00372782	292.97
-0.00360756	292.829
-0.00348731	292.679
-0.00336706	292.519
-0.00324681	292.348
-0.00312656	292.166
-0.0030063	291.971
-0.00288605	291.762
-0.0027658	291.54
-0.00264555	291.303
-0.0025253	291.05
-0.00240504	290.78
-0.00228479	290.492
-0.00216454	290.185
-0.00204429	289.859
-0.00192403	289.511
-0.00180378	289.142
-0.00168353	288.749
-0.00156328	288.332
-0.00144303	287.89
-0.00132277	287.422
-0.00120252	286.927
-0.00108227	286.403
-0.000962017	285.85
-0.000841765	285.267
-0.000721513	284.652
-0.000601261	284.006
-0.000481008	283.327
-0.000360756	282.615
-0.000240504	281.869
-0.000120252	281.089
1.62761e-10	280.272
0.000137656	279.296
0.000275313	278.273
0.000412969	277.204
0.000550625	276.088
0.000688281	274.925
0.000825938	273.714
0.000963594	272.455
0.00110125	271.148
0.00123891	269.794
0.00137656	268.392
0.00151422	266.941
0.00165188	265.442
0.00178953	263.894
0.00192719	262.297
0.00206484	260.651
0.0022025	258.955
0.00234016	257.208
0.00247781	255.411
0.00261547	253.563
0.00275313	251.663
0.00289078	249.71
0.00302844	247.704
0.00316609	245.646
0.00330375	243.533
0.00344141	241.367
0.00357906	239.146
0.00371672	236.87
0.00385437	234.54
0.00399203	232.155
0.00412969	229.715
0.00426734	227.22
0.004405	224.669
0.00454266	222.063
0.00468031	219.404
0.00481797	216.691
0.00495562	213.927
0.00509328	211.111
0.00523094	208.246
0.00536859	205.333
0.00550625	202.375
0.00564391	199.376
0.00578156	196.338
0.00591922	193.267
0.00605687	190.166
0.00619453	187.042
0.00633219	183.899
0.00646984	180.744
0.0066075	177.582
0.00674516	174.42
0.00688281	171.263
0.00702047	168.118
0.00715812	164.991
0.00729578	161.886
0.00743344	158.809
0.00757109	155.766
0.00770875	152.76
0.00784641	149.795
0.00798406	146.876
0.00812172	144.004
0.00825937	141.185
0.00839703	138.418
0.00853469	135.707
0.00867234	133.054
0.00881	130.459
0.00894766	127.924
0.00908531	125.449
0.00922297	123.035
0.00936062	120.683
0.00949828	118.392
0.00963594	116.163
0.00977359	113.995
0.00991125	111.888
0.0100489	109.843
0.0101866	107.857
0.0103242	105.932
0.0104619	104.067
0.0105995	102.26
0.0107372	100.512
0.0108748	98.8229
0.0110125	97.1915
0.0111502	95.6177
0.0112878	94.1013
0.0114255	92.6423
0.0115631	91.2406
0.0117008	89.8963
0.0118384	88.6098
0.0119761	87.3813
0.0121137	86.2115
0.0122514	85.101
0.0123891	84.0508
0.0125267	83.0618
0.0126644	82.135
0.012802	81.2715
0.0129397	80.4725
0.0130773	79.739
0.013215	79.0716
0.0133527	78.4707
0.0134903	77.9363
0.013628	77.4675
0.0137656	77.0627
0.0139033	76.7192
0.0140409	76.4334
0.0141786	76.2003
0.0143162	76.0139
0.0144539	75.8674
0.0145916	75.7529
0.0147292	75.6624
0.0148669	75.5879
0.0150045	75.5214
0.0151422	75.4561
0.0152798	75.3859
0.0154175	75.3061
0.0155552	75.2133
0.0156928	75.1056
0.0158305	74.9821
0.0159681	74.843
0.0161058	74.6891
0.0162434	74.5218
0.0163811	74.3427
0.0165187	74.1534
0.0166564	73.9553
0.0167941	73.7496
0.0169317	73.5373
0.0170694	73.319
0.017207	73.0949
0.0173447	72.8652
0.0174823	72.6299
0.01762	72.3888
0.0177577	72.1417
0.0178953	71.8885
0.018033	71.6292
0.0181706	71.3637
0.0183083	71.0922
0.0184459	70.8151
0.0185836	70.5328
0.0187212	70.2457
0.0188589	69.9547
0.0188589	69.9547
0.0189966	69.6602
0.0191342	69.363
0.0192719	69.0639
0.0194095	68.7635
0.0195472	68.4624
0.0196848	68.1613
0.0198225	67.8605
0.0199602	67.5605
0.0200978	67.2616
0.0202355	66.9639
0.0203731	66.6676
0.0205108	66.3728
0.0206484	66.0792
0.0207861	65.7869
0.0209237	65.4957
0.0210614	65.2054
0.0211991	64.9156
0.0213367	64.6264
0.0214744	64.3373
0.021612	64.0482
0.0217497	63.759
0.0218873	63.4694
0.022025	63.1794
0.0221627	62.8889
0.0223003	62.5978
0.022438	62.3062
0.0225756	62.0141
0.0227133	61.7216
0.0228509	61.4288
0.0229886	61.1358
0.0231262	60.8429
0.0232639	60.55
0.0234016	60.2575
0.0235392	59.9655
0.0236769	59.6742
0.0238145	59.3838
0.0239522	59.0944
0.0240898	58.8063
0.0242275	58.5196
0.0243652	58.2344
0.0245028	57.9509
0.0246405	57.6693
0.0247781	57.3896
0.0249158	57.112
0.0250534	56.8366
0.0251911	56.5635
0.0253287	56.2928
0.0254664	56.0245
0.0256041	55.7586
0.0257417	55.4954
0.0258794	55.2347
0.026017	54.9766
0.0261547	54.7211
0.0262923	54.4682
0.02643	54.218
0.0265677	53.9703
0.0267053	53.7252
0.026843	53.4827
0.0269806	53.2426
0.0271183	53.0049
0.0272559	52.7696
0.0273936	52.5366
0.0275312	52.3058
0.0276689	52.0772
0.0278066	51.8507
0.0279442	51.6262
0.0280819	51.4036
0.0282195	51.1829
0.0283572	50.9639
0.0284948	50.7467
0.0286325	50.5311
0.0287702	50.3172
0.0289078	50.1047
0.0290455	49.8938
0.0291831	49.6842
0.0293208	49.4761
0.0294584	49.2694
0.0295961	49.0639
0.0297337	48.8598
0.0298714	48.657
0.0300091	48.4554
0.0301467	48.2551
0.0302844	48.056
0.030422	47.8582
0.0305597	47.6617
0.0306973	47.4663
0.030835	47.2723
0.0309727	47.0795
0.0311103	46.888
0.031248	46.6977
0.0313856	46.5088
0.0315233	46.3211
0.0316609	46.1348
0.0317986	45.9498
0.0319362	45.7662
0.0320739	45.584
0.0322116	45.4031
0.0323492	45.2236
0.0324869	45.0456
0.0326245	44.869
0.0327622	44.6939
0.0328998	44.5202
0.0330375	44.348
0.0331752	44.1773
0.0333128	44.0081
0.0334505	43.8404
0.0335881	43.6742
0.0337258	43.5096
0.0338634	43.3465
0.0340011	43.1849
0.0341387	43.0248
0.0342764	42.8663
0.0344141	42.7093
0.0345517	42.5538
0.0346894	42.3998
0.034827	42.2473
0.0349647	42.0964
0.0351023	41.9468
0.03524	41.7988
0.0353777	41.6522
0.0355153	41.507
0.035653	41.3632
0.0357906	41.2208
0.0359283	41.0797
0.0360659	40.9399
0.0362036	40.8015
0.0363412	40.6643
0.0364789	40.5284
0.0366166	40.3937
0.0367542	40.2602
0.0368919	40.1279
0.0370295	39.9967
0.0371672	39.8667
0.0373048	39.7377
0.0374425	39.6098
0.0375802	39.483
0.0377178	39.3571
0.0378555	39.2323
0.0379931	39.1085
0.0381308	38.9857
0.0382684	38.8638
0.0384061	38.7428
0.0385437	38.6228
0.0386814	38.5037
0.0388191	38.3855
0.0389567	38.2682
0.0390944	38.1518
0.039232	38.0362
0.0393697	37.9216
0.0395073	37.8078
0.039645	37.6949
0.0397827	37.5829
0.0399203	37.4718
0.040058	37.3615
0.0401956	37.2521
0.0403333	37.1436
0.0404709	37.036
0.0406086	36.9293
0.0407462	36.8234
0.0408839	36.7185
0.0410216	36.6144
0.0411592	36.5113
0.0412969	36.4091
0.0414345	36.3078
0.0415722	36.2074
0.0417098	36.108
0.0418475	36.0095
0.0419852	35.9119
0.0421228	35.8152
0.0422605	35.7195
0.0423981	35.6247
0.0425358	35.5309
0.0426734	35.438
0.0428111	35.346
0.0429487	35.255
0.0430864	35.1649
0.0432241	35.0758
0.0433617	34.9876
0.0434994	34.9003
0.043637	34.8139
0.0437747	34.7285
0.0439123	34.6439
0.04405	34.5603
0.0441877	34.4776
0.0443253	34.3957
0.044463	34.3147
0.0446006	34.2346
0.0447383	34.1554
0.0448759	34.077
0.0450136	33.9995
0.0451512	33.9227
0.0452889	33.8468
0.0454266	33.7718
0.0455642	33.6975
0.0457019	33.624
0.0458395	33.5512
0.0459772	33.4792
0.0461148	33.408
0.0462525	33.3375
0.0463902	33.2678
0.0465278	33.1987
0.0466655	33.1304
0.0468031	33.0627
0.0469408	32.9958
0.0470784	32.9295
0.0472161	32.8639
0.0473537	32.7989
0.0474914	32.7346
0.0476291	32.6709
0.0477667	32.6078
0.0479044	32.5454
0.048042	32.4835
0.0481797	32.4223
0.0483173	32.3617
0.048455	32.3016
0.0485927	32.2422
0.0487303	32.1833
0.048868	32.125
0.0490056	32.0673
0.0491433	32.0102
0.0492809	31.9536
0.0494186	31.8976
0.0495562	31.8422
0.0496939	31.7873
0.0498316	31.733
0.0499692	31.6792
0.0501069	31.626
0.0502445	31.5733
0.0503822	31.5213
0.0505198	31.4697
0.0505198	31.4697
0.0506575	31.4188
0.0507952	31.3684
0.0509328	31.3186
0.0510705	31.2693
0.0512081	31.2206
0.0513458	31.1725
0.0514834	31.125
0.0516211	31.078
0.0517587	31.0316
0.0518964	30.9858
0.0520341	30.9406
0.0521717	30.896
0.0523094	30.852
0.052447	30.8086
0.0525847	30.7658
0.0527223	30.7236
0.05286	30.682
0.0529977	30.641
0.0531353	30.6006
0.053273	30.5609
0.0534106	30.5218
0.0535483	30.4833
0.0536859	30.4455
0.0538236	30.4083
0.0539612	30.3717
0.0540989	30.3358
0.0542366	30.3005
0.0543742	30.2659
0.0545119	30.2319
0.0546495	30.1986
0.0547872	30.166
0.0549248	30.134
0.0550625	30.1027
0.0552002	30.0721
0.0553378	30.0421
0.0554755	30.0128
0.0556131	29.9842
0.0557508	29.9563
0.0558884	29.9291
0.0560261	29.9025
0.0561637	29.8767
0.0563014	29.8515
0.0564391	29.8271
0.0565767	29.8033
0.0567144	29.7802
0.056852	29.7578
0.0569897	29.7362
0.0571273	29.7152
0.057265	29.6949
0.0574027	29.6754
0.0575403	29.6565
0.057678	29.6383
0.0578156	29.6209
0.0579533	29.6042
0.0580909	29.5882
0.0582286	29.5728
0.0583662	29.5582
0.0585039	29.5444
0.0586416	29.5312
0.0587792	29.5187
0.0589169	29.507
0.0590545	29.496
0.0591922	29.4857
0.0593298	29.4761
0.0594675	29.4672
0.0596052	29.4591
0.0597428	29.4516
0.0598805	29.4449
0.0600181	29.4389
0.0601558	29.4336
0.0602934	29.429
0.0604311	29.4252
0.0605687	29.4221
0.0607064	29.4197
0.0608441	29.418
0.0609817	29.417
0.0611194	29.4167
0.061257	29.4172
0.0613947	29.4184
0.0615323	29.4203
0.06167	29.4229
0.0618077	29.4262
0.0619453	29.4303
0.062083	29.435
0.0622206	29.4405
0.0623583	29.4467
0.0624959	29.4536
0.0626336	29.4613
0.0627712	29.4696
0.0629089	29.4786
0.0630466	29.4884
0.0631842	29.4989
0.0633219	29.5101
0.0634595	29.522
0.0635972	29.5346
0.0637348	29.5479
0.0638725	29.562
0.0640102	29.5767
0.0641478	29.5922
0.0642855	29.6084
0.0644231	29.6252
0.0645608	29.6428
0.0646984	29.6611
0.0648361	29.6801
0.0649737	29.6999
0.0651114	29.7203
0.0652491	29.7414
0.0653867	29.7633
0.0655244	29.7859
0.065662	29.8091
0.0657997	29.8331
0.0659373	29.8578
0.066075	29.8832
0.0662127	29.9093
0.0663503	29.9362
0.066488	29.9637
0.0666256	29.992
0.0667633	30.0209
0.0669009	30.0506
0.0670386	30.081
0.0671762	30.1121
0.0673139	30.1439
0.0674516	30.1765
0.0675892	30.2097
0.0677269	30.2437
0.0678645	30.2784
0.0680022	30.3138
0.0681398	30.3499
0.0682775	30.3867
0.0684152	30.4242
0.0685528	30.4624
0.0686905	30.5014
0.0688281	30.541
0.0689658	30.5813
0.0691034	30.6224
0.0692411	30.6641
0.0693787	30.7066
0.0695164	30.7497
0.0696541	30.7935
0.0697917	30.838
0.0699294	30.8832
0.070067	30.929
0.0702047	30.9755
0.0703423	31.0227
0.0703423	31.0227
0.07048	31.0705
0.0706177	31.119
0.0707553	31.168
0.070893	31.2177
0.0710306	31.2681
0.0711683	31.319
0.0713059	31.3705
0.0714436	31.4226
0.0715812	31.4752
0.0717189	31.5285
0.0718566	31.5822
0.0719942	31.6365
0.0721319	31.6912
0.0722695	31.7465
0.0724072	31.8022
0.0725448	31.8584
0.0726825	31.915
0.0728201	31.972
0.0729578	32.0294
0.0730955	32.0872
0.0732331	32.1454
0.0733708	32.2039
0.0735084	32.2626
0.0736461	32.3217
0.0737837	32.381
0.0739214	32.4406
0.0740591	32.5004
0.0741967	32.5604
0.0743344	32.6205
0.074472	32.6808
0.0746097	32.7411
0.0747473	32.8016
0.074885	32.8621
0.0750227	32.9227
0.0751603	32.9832
0.075298	33.0438
0.0754356	33.1043
0.0755733	33.1647
0.0757109	33.2251
0.0758486	33.2853
0.0759862	33.3454
0.0761239	33.4053
0.0762616	33.465
0.0763992	33.5245
0.0765369	33.5838
0.0766745	33.6428
0.0768122	33.7015
0.0769498	33.7599
0.0770875	33.818
0.0772251	33.8757
0.0773628	33.9331
0.0775005	33.9901
0.0776381	34.0466
0.0777758	34.1028
0.0779134	34.1585
0.0780511	34.2138
0.0781887	34.2686
0.0783264	34.3229
0.0784641	34.3767
0.0786017	34.43
0.0787394	34.4828
0.078877	34.5351
0.0790147	34.5868
0.0791523	34.638
0.07929	34.6886
0.0794277	34.7386
0.0795653	34.7881
0.079703	34.837
0.0798406	34.8853
0.0799783	34.933
0.0801159	34.9801
0.0802536	35.0267
0.0803912	35.0726
0.0805289	35.1179
0.0806666	35.1627
0.0808042	35.2068
0.0809419	35.2503
0.0810795	35.2933
0.0812172	35.3356
0.0813548	35.3774
0.0814925	35.4185
0.0816302	35.4591
0.0817678	35.499
0.0819055	35.5384
0.0820431	35.5772
0.0821808	35.6154
0.0823184	35.6531
0.0824561	35.6902
0.0825937	35.7267
0.0827314	35.7627
0.0828691	35.7981
0.0830067	35.833
0.0831444	35.8674
0.083282	35.9012
0.0834197	35.9345
0.0835573	35.9673
0.083695	35.9996
0.0838327	36.0314
0.0839703	36.0627
0.084108	36.0936
0.0842456	36.1239
0.0843833	36.1539
0.0845209	36.1833
0.0846586	36.2123
0.0847962	36.2409
0.0849339	36.2691
0.0850716	36.2969
0.0852092	36.3242
0.0853469	36.3511
0.0854845	36.3777
0.0856222	36.4039
0.0857598	36.4297
0.0858975	36.4552
0.0860352	36.4803
0.0861728	36.505
0.0863105	36.5295
0.0864481	36.5536
0.0865858	36.5774
0.0867234	36.6009
0.0868611	36.6241
0.0869987	36.647
0.0871364	36.6696
0.0872741	36.692
0.0874117	36.7141
0.0875494	36.7359
0.087687	36.7575
0.0878247	36.7789
0.0879623	36.8
0.0881	36.8209
0.0883314	36.8555
0.088563	36.8896
0.0887947	36.9231
0.0890266	36.9562
0.0892586	36.9888
0.0894907	37.021
0.089723	37.0527
0.0899554	37.084
0.090188	37.1149
0.0904207	37.1455
0.0906536	37.1757
0.0908866	37.2055
0.0911197	37.235
0.091353	37.2641
0.0915865	37.293
0.0918201	37.3215
0.0920538	37.3496
0.0922877	37.3775
0.0925217	37.405
0.0927559	37.4322
0.0929902	37.4591
0.0932246	37.4857
0.0934592	37.5119
0.093694	37.5378
0.0939289	37.5634
0.0941639	37.5886
0.0943991	37.6134
0.0946344	37.638
0.0948699	37.6621
0.0951055	37.6859
0.0953413	37.7094
0.0955772	37.7325
0.0958132	37.7552
0.0960494	37.7776
0.0962858	37.7997
0.0965223	37.8214
0.0967589	37.8428
0.0969957	37.8639
0.0972327	37.8846
0.0974697	37.9051
0.097707	37.9253
0.0979444	37.9452
0.0981819	37.9648
0.0984196	37.9843
0.0986574	38.0035
0.0988953	38.0225
0.0991335	38.0414
0.0993717	38.0601
0.0996101	38.0787
0.0998487	38.0972
0.100087	38.1157
0.100326	38.1341
0.100565	38.1525
0.100804	38.1709
0.101044	38.1894
0.101283	38.208
0.101523	38.2268
0.101762	38.2456
0.102002	38.2647
0.102242	38.284
0.102483	38.3035
0.102723	38.3233
0.102963	38.3434
0.103204	38.3638
0.103445	38.3847
0.103686	38.4058
0.103927	38.4274
0.104168	38.4495
0.104409	38.472
0.104651	38.4949
0.104893	38.5184
0.105135	38.5423
0.105376	38.5668
0.105619	38.5917
0.105861	38.6172
0.106103	38.6432
0.106346	38.6697
0.106589	38.6967
0.106832	38.7242
0.107075	38.7521
0.107318	38.7805
0.107561	38.8093
0.107805	38.8385
0.108048	38.868
0.108292	38.8978
0.108536	38.9278
0.10878	38.958
0.109024	38.9883
0.109269	39.0186
0.109513	39.0489
0.109758	39.0791
0.110003	39.1091
0.110248	39.1387
0.110493	39.168
0.110738	39.1967
0.110984	39.2247
0.111229	39.252
0.111475	39.2785
0.111721	39.3039
0.111967	39.3281
0.112213	39.3511
0.11246	39.3727
0.112706	39.3926
0.112953	39.4109
0.1132	39.4273
0.113447	39.4417
0.113694	39.454
0.113941	39.464
0.114188	39.4716
0.114436	39.4766
0.114684	39.479
0.114932	39.4786
0.11518	39.4752
0.115428	39.4688
0.115676	39.4593
0.115925	39.4466
0.116173	39.4305
0.116422	39.4111
0.116671	39.3882
0.11692	39.3618
0.11717	39.3319
0.117419	39.2983
0.117669	39.2611
0.117918	39.2203
0.118168	39.1758
0.118418	39.1276
0.118669	39.0758
0.118919	39.0204
0.119169	38.9614
0.11942	38.8988
0.119671	38.8327
0.119922	38.7632
0.120173	38.6903
0.120424	38.614
0.120676	38.5345
0.120927	38.4519
0.121179	38.3661
0.121431	38.2774
0.121683	38.1857
0.121935	38.0913
0.122188	37.9942
0.12244	37.8944
0.122693	37.7922
0.122693	37.7922
0.122946	37.6876
0.123199	37.5807
0.123452	37.4717
0.123705	37.3607
0.123959	37.2477
0.124213	37.1329
0.124466	37.0164
0.12472	36.8983
0.124975	36.7788
0.125229	36.6579
0.125483	36.5358
0.125738	36.4127
0.125993	36.2885
0.126247	36.1635
0.126503	36.0378
0.126758	35.9114
0.127013	35.7846
0.127269	35.6574
0.127524	35.53
0.12778	35.4025
0.128036	35.275
0.128292	35.1477
0.128549	35.0207
0.128805	34.8941
0.129062	34.7682
0.129319	34.643
0.129576	34.5188
0.129833	34.3956
0.13009	34.2738
0.130347	34.1534
0.130605	34.0348
0.130863	33.9181
0.131121	33.8035
0.131379	33.6914
0.131637	33.5821
0.131896	33.4758
0.132154	33.373
0.132413	33.274
0.132672	33.1793
0.132931	33.0893
0.13319	33.0047
0.133449	32.9261
0.133709	32.8542
0.133969	32.7898
0.134228	32.7338
0.134488	32.6872
0.134749	32.6512
0.135009	32.6272
0.135269	32.6165
0.13553	32.621
0.135791	32.6425
0.136052	32.6833
0.136313	32.7457
0.136574	32.833
0.136836	32.9482
0.137097	33.0945
0.137359	33.2757
0.137621	33.4961
0.137883	33.7603
0.138145	34.0729
0.138408	34.4384
0.13867	34.8616
0.138933	35.3466
0.139196	35.8966
0.139459	36.5129
0.139722	37.1946
0.139986	37.937
0.140249	38.7317
0.140513	39.5655
0.140777	40.4211
0.141041	41.2778
0.141305	42.1113
0.14157	42.897
0.141834	43.6118
0.142099	44.2363
0.142364	44.7571
0.142629	45.1674
0.142894	45.4678
0.14316	45.664
0.143425	45.7666
0.143691	45.7872
0.143957	45.7369
0.144223	45.6318
0.144489	45.483
0.144755	45.2992
0.145022	45.0901
0.145289	44.8633
0.145555	44.6256
0.145822	44.3824
0.14609	44.138
0.146357	43.8955
0.146625	43.6571
0.146892	43.4245
0.14716	43.1987
0.147428	42.9803
0.147696	42.7695
0.147965	42.5665
0.148233	42.3711
0.148502	42.1831
0.148771	42.0021
0.14904	41.8279
0.149309	41.66
0.149578	41.498
0.149848	41.3415
0.150117	41.1901
0.150387	41.0434
0.150657	40.9011
0.150928	40.7629
0.151198	40.6283
0.151468	40.4972
0.151739	40.3692
0.15201	40.244
0.152281	40.1215
0.152552	40.0014
0.152824	39.8835
0.153095	39.7676
0.153367	39.6535
0.153639	39.5411
0.153911	39.4303
0.154183	39.3208
0.154455	39.2127
0.154728	39.1057
0.155001	38.9999
0.155273	38.895
0.155546	38.791
0.15582	38.6879
0.156093	38.5855
0.156367	38.4838
0.15664	38.3828
0.156914	38.2824
0.157188	38.1826
0.157463	38.0832
0.157737	37.9844
0.158012	37.886
0.158286	37.788
0.158561	37.6905
0.158836	37.5933
0.159112	37.4964
0.159387	37.3999
0.159663	37.3037
0.159938	37.2078
0.160214	37.1122
0.16049	37.0169
0.160767	36.9219
0.161043	36.8271
0.16132	36.7326
0.161597	36.6384
0.161873	36.5444
0.162151	36.4507
0.162428	36.3572
0.162705	36.264
0.162983	36.171
0.163261	36.0783
0.163539	35.9859
0.163817	35.8938
0.164095	35.8019
0.164374	35.7103
0.164653	35.619
0.164931	35.528
0.165211	35.4373
0.16549	35.3469
0.165769	35.2568
0.166049	35.1671
0.166328	35.0777
0.166608	34.9887
0.166888	34.9001
0.167169	34.8118
0.167449	34.724
0.16773	34.6365
0.16801	34.5495
0.168291	34.463
0.168572	34.3769
0.168854	34.2913
0.169135	34.2062
0.169417	34.1216
0.169699	34.0375
0.169981	33.9541
0.170263	33.8712
0.170545	33.7889
0.170828	33.7072
0.17111	33.6263
0.171393	33.546
0.171676	33.4664
0.171959	33.3876
0.172243	33.3095
0.172526	33.2322
0.17281	33.1558
0.173094	33.0802
0.173378	33.0055
0.173662	32.9318
0.173947	32.859
0.174231	32.7873
0.174516	32.7165
0.174801	32.6469
0.175086	32.5783
0.175372	32.5109
0.175657	32.4448
0.175943	32.3798
0.176229	32.3162
0.176515	32.2538
0.176801	32.1929
0.177087	32.1333
0.177374	32.0753
0.177661	32.0187
0.177948	31.9638
0.178235	31.9104
0.178522	31.8587
0.178809	31.8087
0.179097	31.7605
0.179385	31.7142
0.179673	31.6697
0.179961	31.6272
0.180249	31.5866
0.180538	31.5481
0.180827	31.5118
0.181115	31.4776
0.181405	31.4456
0.181694	31.4159
0.181983	31.3886
0.182273	31.3637
0.182563	31.3412
0.182853	31.3212
0.183143	31.3038
0.183433	31.2891
0.183723	31.277
0.184014	31.2677
0.184305	31.2611
0.184596	31.2574
0.184887	31.2566
0.185179	31.2586
0.18547	31.2637
0.185762	31.2717
0.186054	31.2828
0.186346	31.297
0.186638	31.3142
0.186931	31.3346
0.187224	31.3581
0.187516	31.3847
0.187809	31.4144
0.188103	31.4473
0.188396	31.4834
0.188396	31.4834
0.18869	31.5225
0.188983	31.5648
0.189277	31.61
0.189571	31.6583
0.189866	31.7096
0.19016	31.7638
0.190455	31.8208
0.19075	31.8805
0.191045	31.943
0.19134	32.008
0.191635	32.0754
0.191931	32.1452
0.192227	32.2173
0.192523	32.2914
0.192819	32.3674
0.193115	32.4453
0.193412	32.5248
0.193708	32.6058
0.194005	32.6881
0.194302	32.7715
0.194599	32.8559
0.194897	32.9411
0.195194	33.0269
0.195492	33.1132
0.19579	33.1998
0.196088	33.2864
0.196387	33.373
0.196685	33.4593
0.196984	33.5453
0.197283	33.6308
0.197582	33.7156
0.197881	33.7996
0.198181	33.8828
0.19848	33.9649
0.19878	34.0459
0.19908	34.1257
0.19938	34.2043
0.199681	34.2815
0.199981	34.3573
0.200282	34.4317
0.200583	34.5047
0.200884	34.5762
0.201185	34.6462
0.201487	34.7147
0.201789	34.7817
0.20209	34.8473
0.202392	34.9114
0.202695	34.9741
0.202997	35.0355
0.2033	35.0955
0.203603	35.1542
0.203906	35.2116
0.204209	35.2679
0.204512	35.323
0.204816	35.3771
0.205119	35.4301
0.205423	35.4822
0.205727	35.5334
0.206032	35.5837
0.206336	35.6333
0.206641	35.6822
0.206946	35.7304
0.207251	35.778
0.207556	35.8251
0.207862	35.8718
0.208167	35.9181
0.208473	35.964
0.208779	36.0096
0.209085	36.055
0.209392	36.1003
0.209698	36.1454
0.210005	36.1904
0.210312	36.2354
0.210619	36.2804
0.210927	36.3255
0.211234	36.3706
0.211542	36.4159
0.21185	36.4613
0.212158	36.507
0.212466	36.5528
0.212775	36.5989
0.213083	36.6452
0.213392	36.6917
0.213701	36.7385
0.21401	36.7856
0.21432	36.8329
0.21463	36.8804
0.214939	36.9282
0.215249	36.9761
0.21556	37.0242
0.21587	37.0725
0.216181	37.1208
0.216491	37.1692
0.216802	37.2176
0.217114	37.2658
0.217425	37.314
0.217736	37.3619
0.218048	37.4095
0.21836	37.4568
0.218672	37.5035
0.218985	37.5498
0.219297	37.5953
0.21961	37.6401
0.219923	37.6841
0.220236	37.727
0.220549	37.7689
0.220863	37.8096
0.221176	37.849
0.22149	37.887
0.221804	37.9234
0.222119	37.9583
0.222433	37.9914
0.222748	38.0227
0.223063	38.052
0.223378	38.0793
0.223693	38.1045
0.224008	38.1275
0.224324	38.1482
0.22464	38.1666
0.224956	38.1825
0.225272	38.1959
0.225589	38.2067
0.225905	38.215
0.226222	38.2206
0.226539	38.2234
0.226856	38.2236
0.227174	38.2209
0.227491	38.2155
0.227809	38.2072
0.228127	38.1961
0.228445	38.1821
0.228764	38.1652
0.229082	38.1455
0.229401	38.1228
0.22972	38.0973
0.230039	38.0688
0.230358	38.0374
0.230678	38.0032
0.230998	37.966
0.231318	37.926
0.231638	37.8831
0.231958	37.8374
0.232279	37.789
0.2326	37.7377
0.232921	37.6838
0.233242	37.6272
0.233563	37.5681
0.233885	37.5064
0.234206	37.4424
0.234528	37.376
0.234851	37.3075
0.235173	37.2369
0.235495	37.1645
0.235818	37.0902
0.236141	37.0144
0.236464	36.9373
0.236788	36.8589
0.237111	36.7797
0.237435	36.6997
0.237759	36.6193
0.238083	36.5387
0.238408	36.4582
0.238732	36.3782
0.239057	36.299
0.239382	36.2208
0.239707	36.1441
0.240032	36.0693
0.240358	35.9966
0.240684	35.9266
0.24101	35.8597
0.241336	35.7962
0.241662	35.7367
0.241989	35.6816
0.242316	35.6314
0.242643	35.5867
0.24297	35.5479
0.243297	35.5156
0.243625	35.4903
0.243953	35.4727
0.244281	35.4632
0.244609	35.4625
0.244937	35.4712
0.245266	35.4898
0.245595	35.519
0.245924	35.5593
0.246253	35.6114
0.246582	35.6758
0.246912	35.7529
0.247242	35.8434
0.247572	35.9476
0.247902	36.0657
0.248232	36.198
0.248563	36.3447
0.248563	36.3447
0.248894	36.5055
0.249225	36.6803
0.249556	36.8684
0.249888	37.0693
0.250219	37.282
0.250551	37.5052
0.250883	37.7376
0.251216	37.9775
0.251548	38.2228
0.251881	38.4714
0.252214	38.721
0.252547	38.9693
0.25288	39.2138
0.253214	39.452
0.253547	39.6818
0.253881	39.9011
0.254216	40.1079
0.25455	40.3007
0.254884	40.4784
0.255219	40.64
0.255554	40.785
0.255889	40.9132
0.256225	41.0247
0.25656	41.1197
0.256896	41.1989
0.257232	41.2631
0.257568	41.3131
0.257905	41.3499
0.258242	41.3746
0.258578	41.3881
0.258915	41.3916
0.259253	41.386
0.25959	41.3722
0.259928	41.3511
0.260266	41.3236
0.260604	41.2904
0.260942	41.2521
0.261281	41.2094
0.261619	41.1628
0.261958	41.1127
0.262298	41.0597
0.262637	41.0041
0.262976	40.9462
0.263316	40.8863
0.263656	40.8247
0.263996	40.7616
0.264337	40.6972
0.264678	40.6316
0.265018	40.565
0.265359	40.4975
0.265701	40.4292
0.266042	40.3602
0.266384	40.2906
0.266726	40.2204
0.267068	40.1497
0.26741	40.0785
0.267753	40.007
0.268095	39.935
0.268438	39.8626
0.268782	39.79
0.269125	39.717
0.269469	39.6437
0.269812	39.5701
0.270156	39.4962
0.270501	39.4221
0.270845	39.3477
0.27119	39.2731
0.271535	39.1982
0.27188	39.1231
0.272225	39.0477
0.272571	38.9721
0.272916	38.8963
0.273262	38.8203
0.273608	38.7441
0.273955	38.6677
0.274301	38.591
0.274648	38.5142
0.274995	38.4372
0.275342	38.3599
0.27569	38.2825
0.276038	38.205
0.276385	38.1272
0.276733	38.0493
0.277082	37.9713
0.27743	37.8931
0.277779	37.8148
0.278128	37.7363
0.278477	37.6577
0.278827	37.5791
0.279176	37.5003
0.279526	37.4215
0.279876	37.3426
0.280226	37.2636
0.280577	37.1846
0.280927	37.1055
0.281278	37.0265
0.28163	36.9474
0.281981	36.8684
0.282332	36.7893
0.282684	36.7104
0.283036	36.6314
0.283388	36.5526
0.283741	36.4738
0.284093	36.3952
0.284446	36.3166
0.284799	36.2383
0.285153	36.16
0.285506	36.082
0.28586	36.0042
0.286214	35.9266
0.286568	35.8492
0.286923	35.7722
0.287277	35.6954
0.287632	35.6189
0.287987	35.5428
0.288342	35.4671
0.288698	35.3917
0.289054	35.3168
0.28941	35.2424
0.289766	35.1684
0.290122	35.095
0.290479	35.0221
0.290836	34.9498
0.291193	34.8782
0.29155	34.8072
0.291907	34.737
0.292265	34.6674
0.292623	34.5987
0.292981	34.5308
0.29334	34.4638
0.293698	34.3977
0.294057	34.3326
0.294416	34.2686
0.294775	34.2056
0.295135	34.1437
0.295494	34.0831
0.295854	34.0237
0.296215	33.9656
0.296575	33.9088
0.296936	33.8535
0.297296	33.7996
0.297657	33.7473
0.298019	33.6966
0.29838	33.6476
0.298742	33.6003
0.299104	33.5548
0.299466	33.5111
0.299828	33.4694
0.300191	33.4297
0.300554	33.392
0.300917	33.3564
0.30128	33.323
0.301644	33.2919
0.302008	33.2631
0.302372	33.2366
0.302736	33.2126
0.3031	33.191
0.303465	33.172
0.30383	33.1556
0.304195	33.1418
0.30456	33.1308
0.304926	33.1224
0.305291	33.1169
0.305657	33.1141
0.306024	33.1142
0.30639	33.1172
0.306757	33.1231
0.307124	33.132
0.307491	33.1438
0.307858	33.1585
0.308226	33.1763
0.308594	33.1969
0.308962	33.2206
0.30933	33.2471
0.309699	33.2766
0.310067	33.309
0.310436	33.3443
0.310805	33.3823
0.311175	33.4232
0.311545	33.4667
0.311914	33.5129
0.312284	33.5616
0.312655	33.6129
0.313025	33.6665
0.313396	33.7225
0.313767	33.7807
0.314139	33.8411
0.31451	33.9034
0.314882	33.9677
0.315254	34.0337
0.315626	34.1014
0.315998	34.1706
0.316371	34.2412
0.316744	34.3131
0.317117	34.3861
0.31749	34.4601
0.317864	34.535
0.318238	34.6107
0.318612	34.687
0.318986	34.7638
0.31936	34.8409
0.319735	34.9183
0.32011	34.9958
0.320485	35.0733
0.320861	35.1507
0.321236	35.2279
0.321612	35.3049
0.321988	35.3814
0.322365	35.4574
0.322741	35.5329
0.323118	35.6077
0.323495	35.6817
0.323872	35.755
0.32425	35.8275
0.324628	35.899
0.325006	35.9696
0.325384	36.0391
0.325762	36.1076
0.326141	36.175
0.32652	36.2412
0.326899	36.3063
0.327278	36.3702
0.327658	36.4328
0.328038	36.4942
0.328418	36.5543
0.328798	36.6131
0.329179	36.6706
0.32956	36.7267
0.329941	36.7815
0.330322	36.8349
0.330704	36.8868
0.331085	36.9374
0.331467	36.9865
0.33185	37.0341
0.332232	37.0802
0.332615	37.1248
0.332998	37.1679
0.333381	37.2094
0.333764	37.2492
0.334148	37.2875
0.334532	37.324
0.334916	37.3589
0.3353	37.392
0.335685	37.4234
0.33607	37.453
0.336455	37.4807
0.33684	37.5066
0.337226	37.5306
0.337612	37.5527
0.337998	37.5728
0.338384	37.591
0.33877	37.6073
0.33877	37.6073
0.339157	37.6216
0.339544	37.6339
0.339931	37.6442
0.340319	37.6527
0.340706	37.6592
0.341094	37.6638
0.341483	37.6666
0.341871	37.6677
0.34226	37.667
0.342649	37.6647
0.343038	37.6608
0.343427	37.6555
0.343817	37.6488
0.344207	37.6409
0.344597	37.6319
0.344987	37.622
0.345378	37.6112
0.345769	37.5998
0.34616	37.5878
0.346551	37.5756
0.346943	37.5632
0.347334	37.5509
0.347727	37.5388
0.348119	37.5271
0.348511	37.5161
0.348904	37.5058
0.349297	37.4967
0.34969	37.4887
0.350084	37.4822
0.350478	37.4773
0.350872	37.4742
0.351266	37.4732
0.35166	37.4743
0.352055	37.4779
0.35245	37.4839
0.352845	37.4927
0.353241	37.5044
0.353637	37.519
0.354033	37.5368
0.354429	37.5578
0.354825	37.5822
0.355222	37.61
0.355619	37.6412
0.356016	37.676
0.356414	37.7144
0.356811	37.7563
0.357209	37.8018
0.357607	37.8507
0.358006	37.9031
0.358404	37.9588
0.358803	38.0178
0.359202	38.0798
0.359602	38.1447
0.360002	38.2123
0.360401	38.2823
0.360802	38.3546
0.361202	38.4289
0.361603	38.5049
0.362004	38.5822
0.362405	38.6606
0.362806	38.7397
0.363208	38.8192
0.36361	38.8986
0.364012	38.9778
0.364414	39.0562
0.364817	39.1335
0.36522	39.2095
0.365623	39.2837
0.366026	39.3559
0.36643	39.4257
0.366834	39.4929
0.367238	39.5571
0.367642	39.6182
0.368047	39.6759
0.368452	39.7301
0.368857	39.7806
0.369262	39.8272
0.369668	39.8698
0.370074	39.9084
0.37048	39.943
0.370886	39.9734
0.371293	39.9996
0.3717	40.0217
0.372107	40.0398
0.372515	40.0538
0.372922	40.0638
0.37333	40.0699
0.373738	40.0721
0.374147	40.0707
0.374555	40.0657
0.374964	40.0571
0.375374	40.0452
0.375783	40.03
0.376193	40.0117
0.376603	39.9905
0.377013	39.9663
0.377423	39.9395
0.377834	39.91
0.378245	39.8781
0.378656	39.8439
0.379068	39.8074
0.379479	39.7689
0.379891	39.7284
0.380304	39.6861
0.380716	39.642
0.381129	39.5963
0.381542	39.5491
0.381955	39.5006
0.382369	39.4507
0.382782	39.3996
0.383196	39.3474
0.383611	39.2942
0.384025	39.2401
0.38444	39.1851
0.384855	39.1293
0.38527	39.0729
0.385686	39.0158
0.386102	38.9582
0.386518	38.9001
0.386934	38.8415
0.387351	38.7826
0.387767	38.7233
0.388185	38.6638
0.388602	38.6041
0.38902	38.5443
0.389437	38.4843
0.389856	38.4242
0.390274	38.3641
0.390693	38.304
0.391112	38.2439
0.391531	38.1839
0.39195	38.124
0.39237	38.0642
0.39279	38.0046
0.39321	37.9452
0.393631	37.8861
0.394051	37.8271
0.394472	37.7684
0.394894	37.7101
0.395315	37.652
0.395737	37.5943
0.396159	37.5369
0.396581	37.4799
0.397004	37.4233
0.397427	37.3671
0.39785	37.3114
0.398273	37.2561
0.398697	37.2013
0.399121	37.147
0.399545	37.0932
0.399969	37.0399
0.400394	36.9871
0.400819	36.935
0.401244	36.8834
0.40167	36.8325
0.402095	36.7821
0.402521	36.7325
0.402948	36.6835
0.403374	36.6352
0.403801	36.5876
0.404228	36.5408
0.404655	36.4947
0.405083	36.4495
0.405511	36.405
0.405939	36.3615
0.406367	36.3188
0.406796	36.277
0.407225	36.2362
0.407654	36.1964
0.408083	36.1575
0.408513	36.1198
0.408943	36.0831
0.409373	36.0475
0.409804	36.0131
0.410234	35.9799
0.410665	35.9479
0.411097	35.9172
0.411528	35.8878
0.41196	35.8598
0.412392	35.8331
0.412825	35.8079
0.413257	35.7842
0.41369	35.762
0.414123	35.7413
0.414557	35.7223
0.41499	35.7049
0.415424	35.6892
0.415859	35.6752
0.416293	35.663
0.416728	35.6526
0.417163	35.644
0.417598	35.6373
0.418034	35.6325
0.41847	35.6297
0.418906	35.6288
0.419342	35.6299
0.419779	35.6331
0.420216	35.6383
0.420653	35.6457
0.421091	35.6551
0.421528	35.6667
0.421967	35.6804
0.422405	35.6962
0.422843	35.7142
0.423282	35.7344
0.423721	35.7567
0.424161	35.7813
0.4246	35.8079
0.42504	35.8368
0.425481	35.8677
0.425921	35.9008
0.426362	35.936
0.426803	35.9732
0.427244	36.0125
0.427686	36.0537
0.428128	36.097
0.42857	36.1421
0.429012	36.1891
0.429455	36.2379
0.429898	36.2884
0.430341	36.3406
0.430784	36.3944
0.431228	36.4498
0.431672	36.5065
0.432117	36.5647
0.432561	36.6241
0.433006	36.6847
0.433451	36.7464
0.433897	36.8091
0.434342	36.8727
0.434788	36.9371
0.435234	37.0022
0.435681	37.0678
0.436128	37.1339
0.436575	37.2004
0.437022	37.2671
0.43747	37.334
0.437918	37.4009
0.438366	37.4677
0.438814	37.5344
0.439263	37.6008
0.439712	37.6668
0.440161	37.7324
0.440611	37.7974
0.441061	37.8618
0.441511	37.9255
0.441961	37.9884
0.442412	38.0504
0.442863	38.1114
0.443314	38.1715
0.443766	38.2305
0.444218	38.2884
0.44467	38.3451
0.445122	38.4007
0.445575	38.455
0.446028	38.508
0.446481	38.5599
0.446934	38.6104
0.447388	38.6596
0.447842	38.7075
0.448297	38.7541
0.448751	38.7994
0.449206	38.8435
0.449661	38.8862
0.450117	38.9277
0.450573	38.9679
0.451029	39.0069
0.451485	39.0447
0.451941	39.0814
0.452398	39.1169
0.452855	39.1513
0.453313	39.1846
0.453771	39.2168
0.454229	39.2481
0.454687	39.2783
0.455146	39.3076
0.455604	39.336
0.456064	39.3634
0.456523	39.3901
0.456983	39.4159
0.457443	39.4408
0.457903	39.4651
0.458364	39.4885
0.458824	39.5113
0.459286	39.5333
0.459747	39.5547
0.460209	39.5754
0.460671	39.5954
0.461133	39.6149
0.461596	39.6337
0.462058	39.6519
0.462522	39.6696
0.462985	39.6866
0.463449	39.7031
0.463913	39.719
0.464377	39.7344
0.464842	39.7492
0.465306	39.7635
0.465772	39.7772
0.466237	39.7903
0.466703	39.8029
0.467169	39.815
0.467635	39.8265
0.468102	39.8374
0.468569	39.8478
0.469036	39.8576
0.469503	39.8668
0.469971	39.8755
0.470439	39.8836
0.470907	39.8911
0.471376	39.8981
0.471845	39.9044
0.472314	39.9102
0.472784	39.9154
0.473253	39.92
0.473724	39.924
0.474194	39.9275
0.474665	39.9303
0.475136	39.9325
0.475607	39.9342
0.476078	39.9352
0.47655	39.9357
0.477022	39.9356
0.477495	39.9348
0.477967	39.9336
0.47844	39.9317
0.478914	39.9292
0.479387	39.9262
0.479861	39.9227
0.480335	39.9186
0.48081	39.914
0.481285	39.9088
0.48176	39.9031
0.482235	39.897
0.482711	39.8903
0.483187	39.8832
0.483663	39.8756
0.484139	39.8676
0.484139	39.8676
0.484616	39.8591
0.485093	39.8502
0.485571	39.841
0.486048	39.8314
0.486527	39.8214
0.487005	39.811
0.487483	39.8004
0.487962	39.7895
0.488442	39.7783
0.488921	39.7668
0.489401	39.7551
0.489881	39.7432
0.490361	39.7312
0.490842	39.7189
0.491323	39.7066
0.491804	39.6941
0.492286	39.6816
0.492768	39.669
0.49325	39.6563
0.493732	39.6437
0.494215	39.6311
0.494698	39.6186
0.495182	39.6061
0.495665	39.5938
0.496149	39.5816
0.496633	39.5695
0.497118	39.5577
0.497603	39.5461
0.498088	39.5347
0.498574	39.5236
0.499059	39.5129
0.499545	39.5025
0.500032	39.4924
0.500518	39.4828
0.501005	39.4736
0.501493	39.4648
0.50198	39.4566
0.502468	39.4489
0.502956	39.4417
0.503445	39.4351
0.503934	39.4291
0.504423	39.4237
0.504912	39.419
0.505402	39.415
0.505892	39.4116
0.506382	39.4091
0.506873	39.4073
0.507364	39.4063
0.507855	39.4061
0.508346	39.4068
0.508838	39.4084
0.50933	39.4108
0.509823	39.4142
0.510316	39.4185
0.510809	39.4238
0.511302	39.4301
0.511796	39.4374
0.51229	39.4458
0.512784	39.4552
0.513278	39.4657
0.513773	39.4774
0.514268	39.4901
0.514764	39.504
0.51526	39.519
0.515756	39.5353
0.516252	39.5527
0.516749	39.5714
0.517246	39.5912
0.517743	39.6124
0.518241	39.6348
0.518739	39.6584
0.519237	39.6834
0.519736	39.7096
0.520235	39.7372
0.520734	39.7661
0.521233	39.7963
0.521733	39.8278
0.522233	39.8607
0.522734	39.8949
0.523235	39.9305
0.523736	39.9675
0.524237	40.0059
0.524739	40.0456
0.525241	40.0867
0.525743	40.1291
0.526246	40.173
0.526748	40.2182
0.527252	40.2648
0.527755	40.3128
0.528259	40.3622
0.528763	40.413
0.529268	40.4652
0.529773	40.5187
0.530278	40.5737
0.530783	40.63
0.531289	40.6878
0.531795	40.7469
0.532301	40.8074
0.532808	40.8694
0.533315	40.9327
0.533822	40.9974
0.53433	41.0635
0.534838	41.1311
0.535346	41.2
0.535854	41.2704
0.536363	41.3423
0.536873	41.4156
0.537382	41.4903
0.537892	41.5666
0.538402	41.6443
0.538912	41.7236
0.539423	41.8044
0.539934	41.8868
0.540446	41.9708
0.540957	42.0564
0.541469	42.1437
0.541982	42.2328
0.542494	42.3235
0.543007	42.4161
0.543521	42.5105
0.544034	42.6068
0.544548	42.7051
0.545063	42.8054
0.545577	42.9079
0.546092	43.0125
0.546607	43.1193
0.547123	43.2285
0.547639	43.3402
0.548155	43.4544
0.548671	43.5712
0.549188	43.6909
0.549705	43.8134
0.550223	43.9389
0.550741	44.0677
0.551259	44.1997
0.551777	44.3352
0.552296	44.4744
0.552815	44.6174
0.553334	44.7645
0.553854	44.9157
0.554374	45.0715
0.554894	45.2319
0.555415	45.3973
0.555936	45.5679
0.556457	45.7441
0.556979	45.926
0.557501	46.114
0.558023	46.3085
0.558546	46.5098
0.559069	46.7184
0.559592	46.9346
0.560116	47.1588
0.560639	47.3916
0.561164	47.6334
0.561688	47.8848
0.562213	48.1462
0.562738	48.4183
0.563264	48.7017
0.56379	48.997
0.564316	49.3048
0.564842	49.6259
0.564842	49.6259
0.565369	49.9611
0.565896	50.3109
0.566424	50.6763
0.566952	51.0579
0.56748	51.4565
0.568008	51.8728
0.568537	52.3074
0.569066	52.7606
0.569596	53.2332
0.570125	53.7255
0.570656	54.2377
0.571186	54.7694
0.571717	55.3201
0.572248	55.8891
0.572779	56.4755
0.573311	57.0781
0.573843	57.6953
0.574376	58.3252
0.574908	58.9658
0.575441	59.6153
0.575975	60.2712
0.576509	60.9311
0.577043	61.5936
0.577577	62.2579
0.578112	62.9233
0.578647	63.5882
0.579182	64.2515
0.579718	64.9123
0.580254	65.5701
0.58079	66.2248
0.581327	66.8761
0.581864	67.5242
0.582401	68.1685
0.582939	68.8087
0.583477	69.4447
0.584016	70.0764
0.584554	70.704
0.585093	71.3275
0.585633	71.9469
0.586172	72.5621
0.586713	73.1732
0.587253	73.7802
0.587794	74.3833
0.588335	74.9823
0.588876	75.5774
0.589418	76.1687
0.58996	76.7562
0.590502	77.3401
0.591045	77.9203
0.591588	78.4969
0.592131	79.0701
0.592675	79.6398
0.593219	80.2062
0.593764	80.7692
0.594308	81.3291
0.594854	81.8858
0.595399	82.4394
0.595945	82.9901
0.596491	83.5377
0.597037	84.0825
0.597584	84.6244
0.598131	85.1636
0.598679	85.7
0.599226	86.2338
0.599775	86.765
0.600323	87.2937
0.600872	87.8199
0.601421	88.3436
0.601971	88.8649
0.60252	89.3839
0.603071	89.9006
0.603621	90.415
0.604172	90.9273
0.604723	91.4373
0.605275	91.9453
0.605827	92.4511
0.606379	92.9549
0.606931	93.4566
0.607484	93.9564
0.608038	94.4542
0.608591	94.9501
0.609145	95.4441
0.609699	95.9363
0.610254	96.4265
0.610809	96.915
0.611364	97.4016
0.61192	97.8865
0.612476	98.3696
0.613032	98.851
0.613589	99.3306
0.614146	99.8085
0.614704	100.285
0.615261	100.759
0.615819	101.232
0.616378	101.703
0.616937	102.173
0.617496	102.641
0.618055	103.107
0.618615	103.572
0.619175	104.035
0.619736	104.496
0.620296	104.956
0.620858	105.414
0.621419	105.87
0.621981	106.325
0.622543	106.778
0.623106	107.23
0.623669	107.68
0.624232	108.128
0.624796	108.575
0.62536	109.02
0.625924	109.463
0.626489	109.905
0.627054	110.345
0.627619	110.784
0.628185	111.22
0.628751	111.655
0.629317	112.089
0.629884	112.52
0.630451	112.95
0.631019	113.379
0.631587	113.805
0.632155	114.23
0.632723	114.653
0.633292	115.074
0.633862	115.494
0.634431	115.911
0.635001	116.327
0.635571	116.742
0.636142	117.154
0.636713	117.565
0.637284	117.974
0.637856	118.381
0.638428	118.786
0.639001	119.189
0.639574	119.591
0.640147	119.99
0.64072	120.388
0.641294	120.784
0.641868	121.179
0.642443	121.571
0.643018	121.961
0.643593	122.35
0.644169	122.737
0.644745	123.122
0.645321	123.505
0.645898	123.886
0.646475	124.266
0.647052	124.643
0.64763	125.019
0.648208	125.393
0.648786	125.765
0.649365	126.135
0.649945	126.503
0.650524	126.87
0.651104	127.234
0.651684	127.597
0.652265	127.958
0.652846	128.317
0.653427	128.675
0.654009	129.03
0.654009	129.03
0.654591	129.384
0.655174	129.736
0.655756	130.086
0.65634	130.435
0.656923	130.782
0.657507	131.127
0.658091	131.47
0.658676	131.812
0.659261	132.152
0.659846	132.49
0.660432	132.827
0.661018	133.162
0.661604	133.495
0.662191	133.827
0.662778	134.157
0.663366	134.486
0.663954	134.812
0.664542	135.138
0.665131	135.462
0.66572	135.784
0.666309	136.105
0.666899	136.424
0.667489	136.742
0.668079	137.058
0.66867	137.373
0.669261	137.687
0.669853	137.999
0.670445	138.309
0.671037	138.619
0.671629	138.927
0.672222	139.233
0.672816	139.538
0.67341	139.842
0.674004	140.145
0.674598	140.446
0.675193	140.746
0.675788	141.045
0.676384	141.343
0.67698	141.639
0.677576	141.934
0.678173	142.228
0.67877	142.521
0.679367	142.812
0.679965	143.103
0.680563	143.392
0.681162	143.68
0.681761	143.967
0.68236	144.253
0.68296	144.538
0.68356	144.821
0.68416	145.104
0.684761	145.386
0.685362	145.666
0.685964	145.946
0.686565	146.224
0.687168	146.501
0.68777	146.778
0.688373	147.053
0.688977	147.328
0.68958	147.601
0.690185	147.873
0.690789	148.145
0.691394	148.415
0.691999	148.685
0.692605	148.953
0.693211	149.221
0.693817	149.487
0.694424	149.753
0.695031	150.018
0.695639	150.282
0.696246	150.545
0.696855	150.807
0.697463	151.068
0.698072	151.328
0.698682	151.587
0.699292	151.846
0.699902	152.103
0.700512	152.36
0.701123	152.615
0.701734	152.87
0.702346	153.124
0.702958	153.377
0.70357	153.63
0.704183	153.881
0.704796	154.132
0.70541	154.382
0.706024	154.631
0.706638	154.879
0.707253	155.126
0.707868	155.373
0.708484	155.619
0.709099	155.864
0.709716	156.108
0.710332	156.352
0.710949	156.595
0.711567	156.837
0.712184	157.079
0.712802	157.32
0.713421	157.561
0.71404	157.8
0.714659	158.04
0.715279	158.278
0.715899	158.517
0.716519	158.754
0.71714	158.991
0.717761	159.228
0.718383	159.465
0.719005	159.701
0.719627	159.936
0.72025	160.172
0.720873	160.407
0.721497	160.642
0.722121	160.877
0.722745	161.112
0.723369	161.346
0.723995	161.581
0.72462	161.815
0.725246	162.05
0.725872	162.285
0.726499	162.52
0.727126	162.755
0.727753	162.991
0.728381	163.227
0.729009	163.463
0.729638	163.7
0.730267	163.938
0.730896	164.176
0.731526	164.414
0.732156	164.654
0.732786	164.894
0.733417	165.135
0.734048	165.376
0.73468	165.619
0.735312	165.863
0.735945	166.108
0.736578	166.354
0.737211	166.601
0.737844	166.849
0.738478	167.099
0.739113	167.349
0.739748	167.602
0.740383	167.855
0.741019	168.109
0.741655	168.365
0.742291	168.623
0.742928	168.881
0.743565	169.141
0.744202	169.403
0.74484	169.665
0.745479	169.929
0.746118	170.194
0.746757	170.46
0.747396	170.727
0.748036	170.995
0.748677	171.264
0.749317	171.534
0.749959	171.805
0.7506	172.077
0.751242	172.348
0.751884	172.621
0.752527	172.894
0.75317	173.166
0.753814	173.439
0.754458	173.712
0.755102	173.985
0.755747	174.257
0.756392	174.529
0.757037	174.8
0.757683	175.071
0.75833	175.34
0.758976	175.608
0.759623	175.875
0.760271	176.14
0.760919	176.404
0.761567	176.666
0.762216	176.926
0.762865	177.184
0.763515	177.44
0.764165	177.693
0.764815	177.944
0.765466	178.193
0.766117	178.438
0.766768	178.681
0.76742	178.92
0.768073	179.157
0.768725	179.39
0.769379	179.621
0.770032	179.848
0.770686	180.072
0.771341	180.292
0.771995	180.51
0.772651	180.724
0.773306	180.935
0.773962	181.143
0.774619	181.349
0.775275	181.551
0.775933	181.751
0.77659	181.948
0.777248	182.142
0.777907	182.335
0.778566	182.525
0.779225	182.713
0.779885	182.899
0.780545	183.083
0.781205	183.266
0.781866	183.447
0.782527	183.627
0.783189	183.806
0.783851	183.983
0.784514	184.16
0.785177	184.335
0.78584	184.51
0.786504	184.684
0.787168	184.858
0.787833	185.03
0.788498	185.203
0.789163	185.374
0.789829	185.546
0.790495	185.716
0.791162	185.887
0.791829	186.057
0.792496	186.226
0.793164	186.395
0.793833	186.564
0.794501	186.732
0.79517	186.901
0.79584	187.07
0.79651	187.239
0.79718	187.407
0.797851	187.573
0.798522	187.738
0.799194	187.902
0.799866	188.064
0.800539	188.224
0.801211	188.383
0.801885	188.54
0.802558	188.696
0.803233	188.851
0.803907	189.004
0.804582	189.156
0.805257	189.306
0.805933	189.456
0.80661	189.604
0.807286	189.751
0.807963	189.896
0.808641	190.041
0.809319	190.184
0.809997	190.326
0.810676	190.467
0.810676	190.467
0.811355	190.607
0.812034	190.746
0.812714	190.884
0.813395	191.021
0.814076	191.156
0.814757	191.29
0.815439	191.424
0.816121	191.556
0.816803	191.687
0.817486	191.817
0.81817	191.945
0.818853	192.073
0.819538	192.199
0.820222	192.324
0.820907	192.448
0.821593	192.571
0.822279	192.693
0.822965	192.813
0.823652	192.932
0.824339	193.05
0.825027	193.167
0.825715	193.282
0.826403	193.397
0.827092	193.51
0.827782	193.621
0.828471	193.732
0.829162	193.841
0.829852	193.949
0.830543	194.056
0.831235	194.161
0.831927	194.265
0.832619	194.368
0.833312	194.47
0.834005	194.57
0.834698	194.67
0.835393	194.768
0.836087	194.864
0.836782	194.96
0.837477	195.054
0.838173	195.147
0.838869	195.239
0.839566	195.329
0.840263	195.419
0.84096	195.507
0.841658	195.594
0.842357	195.68
0.843056	195.765
0.843755	195.849
0.844454	195.932
0.845155	196.013
0.845855	196.094
0.846556	196.173
0.847257	196.252
0.847959	196.329
0.848662	196.406
0.849364	196.481
0.850067	196.556
0.850771	196.63
0.851475	196.703
0.852179	196.775
0.852884	196.846
0.85359	196.916
0.854295	196.986
0.855002	197.055
0.855708	197.123
0.856415	197.19
0.857123	197.257
0.857831	197.323
0.858539	197.388
0.859248	197.453
0.859957	197.517
0.860667	197.581
0.861377	197.644
0.862088	197.707
0.862799	197.769
0.86351	197.831
0.864222	197.893
0.864934	197.954
0.865647	198.015
0.86636	198.076
0.867074	198.136
0.867788	198.197
0.868503	198.257
0.869218	198.317
0.869933	198.377
0.870649	198.437
0.871365	198.497
0.872082	198.557
0.872799	198.618
0.873517	198.679
0.874235	198.74
0.874954	198.801
0.875673	198.863
0.876392	198.926
0.877112	198.99
0.877832	199.055
0.878553	199.12
0.879274	199.188
0.879996	199.256
0.880718	199.327
0.881441	199.399
0.882164	199.474
0.882887	199.55
0.883611	199.628
0.884335	199.709
0.88506	199.792
0.885785	199.878
0.886511	199.965
0.887237	200.055
0.887964	200.147
0.888691	200.241
0.889418	200.337
0.890146	200.436
0.890875	200.536
0.891604	200.638
0.892333	200.743
0.893063	200.849
0.893793	200.957
0.894524	201.067
0.895255	201.179
0.895986	201.292
0.896718	201.408
0.897451	201.524
0.898184	201.642
0.898917	201.762
0.899651	201.883
0.900385	202.006
0.90112	202.129
0.901855	202.254
0.902591	202.38
0.903327	202.507
0.904064	202.635
0.904801	202.764
0.905538	202.893
0.906276	203.024
0.907014	203.155
0.907753	203.287
0.908493	203.419
0.909232	203.551
0.909973	203.684
0.910713	203.818
0.911454	203.951
0.912196	204.085
0.912938	204.218
0.913681	204.352
0.914424	204.485
0.915167	204.618
0.915911	204.751
0.916655	204.884
0.9174	205.016
0.918146	205.147
0.918891	205.278
0.919638	205.408
0.920384	205.537
0.921131	205.665
0.921879	205.793
0.922627	205.919
0.923376	206.044
0.924125	206.167
0.924874	206.29
0.925624	206.41
0.926374	206.53
0.927125	206.647
0.927876	206.763
0.928628	206.877
0.929381	206.989
0.930133	207.1
0.930886	207.208
0.93164	207.314
0.932394	207.417
0.933149	207.519
0.933904	207.618
0.934659	207.715
0.935415	207.809
0.936172	207.901
0.936929	207.99
0.937686	208.076
0.938444	208.16
0.939202	208.24
0.939961	208.318
0.94072	208.393
0.94148	208.466
0.94224	208.535
0.943001	208.601
0.943762	208.664
0.944524	208.725
0.945286	208.782
0.946048	208.836
0.946812	208.888
0.947575	208.936
0.948339	208.982
0.949104	209.024
0.949868	209.065
0.950634	209.102
0.9514	209.137
0.952166	209.169
0.952933	209.199
0.9537	209.227
0.954468	209.253
0.955236	209.278
0.956005	209.3
0.957019	209.327
0.958032	209.352
0.959046	209.376
0.960059	209.398
0.961073	209.419
0.962086	209.436
0.9631	209.447
0.964114	209.449
0.965127	209.443
0.966141	209.425
0.967154	209.393
0.968168	209.343
0.969182	209.269
0.970195	209.154
0.971896	208.852
0.973598	208.436
0.974448	208.205
0.975299	207.985
0.975724	207.887
0.976149	207.808
0.976575	207.753
0.977	207.732
)
