(title "Mach Number")
(labels "Position" "Mach Number")

((xy/key/label "axis")
-0.023	6.03537e-06
-0.0229699	1.92864e-05
-0.0229399	5.8547e-05
-0.0229098	0.000121986
-0.0228797	0.0002116
-0.0228196	0.000452432
-0.0227595	0.000765882
-0.0226392	0.00155424
-0.022519	0.00246926
-0.0223987	0.00345527
-0.0222785	0.00446989
-0.0221582	0.00548081
-0.022038	0.00647067
-0.0219177	0.00743097
-0.0217975	0.00835802
-0.0216772	0.00925058
-0.021557	0.0101087
-0.0214367	0.0109329
-0.0213165	0.011724
-0.0211962	0.0124826
-0.021076	0.0132097
-0.0209557	0.0139059
-0.0208355	0.0145721
-0.0207152	0.0152091
-0.020595	0.0158175
-0.0204747	0.0163983
-0.0203545	0.016952
-0.0202342	0.0174794
-0.0201139	0.0179812
-0.0199937	0.0184582
-0.0198734	0.0189108
-0.0197532	0.0193399
-0.0196329	0.019746
-0.0195127	0.0201297
-0.0193924	0.0204917
-0.0192722	0.0208324
-0.0191519	0.0211523
-0.0190317	0.0214521
-0.0189114	0.0217321
-0.0187912	0.0219928
-0.0186709	0.0222346
-0.0185507	0.0224579
-0.0184304	0.0226631
-0.0183102	0.0228506
-0.0181899	0.0230206
-0.0180697	0.0231735
-0.0179494	0.0233096
-0.0178292	0.0234291
-0.0177089	0.0235322
-0.0175887	0.0236191
-0.0174684	0.02369
-0.0173481	0.0237451
-0.0172279	0.0237845
-0.0171076	0.0238083
-0.0169874	0.0238165
-0.0168671	0.0238092
-0.0167469	0.0237864
-0.0166266	0.0237482
-0.0165064	0.0236945
-0.0163861	0.0236253
-0.0162659	0.0235404
-0.0161456	0.0234399
-0.0160254	0.0233235
-0.0159051	0.0231912
-0.0157849	0.0230428
-0.0156646	0.0228781
-0.0155444	0.0226969
-0.0154241	0.022499
-0.0153039	0.0222841
-0.0151836	0.0220521
-0.0150634	0.0218025
-0.0149431	0.0215352
-0.0148229	0.0212498
-0.0147026	0.0209461
-0.0145823	0.0206235
-0.0144621	0.0202819
-0.0143418	0.0199209
-0.0142216	0.01954
-0.0141013	0.0191389
-0.0139811	0.0187172
-0.0138608	0.0182745
-0.0137406	0.0178104
-0.0136203	0.0173245
-0.0136203	0.0173245
-0.0135001	0.0168161
-0.013371	0.0162453
-0.013242	0.0156483
-0.013113	0.0150242
-0.0129839	0.0143725
-0.0128549	0.0136928
-0.0127259	0.0129845
-0.0125968	0.0122471
-0.0124678	0.0114801
-0.0123387	0.0106832
-0.0122097	0.00985572
-0.0120807	0.00899735
-0.0119516	0.00810764
-0.0118226	0.00718618
-0.0116936	0.00623258
-0.0115645	0.00524647
-0.0114355	0.00422752
-0.0113064	0.0031755
-0.0111774	0.00209041
-0.0110484	0.000975661
-0.0109193	0.000594967
-0.0107903	0.00137925
-0.0106613	0.00260018
-0.0105322	0.00385791
-0.0104032	0.00515135
-0.0102741	0.00648055
-0.0101451	0.00784573
-0.0100161	0.00924715
-0.00988703	0.0106851
-0.00975799	0.0121598
-0.00962896	0.0136715
-0.00949992	0.0152203
-0.00937967	0.0166977
-0.00925942	0.0182088
-0.00913916	0.0197533
-0.00901891	0.0213319
-0.00889866	0.0229447
-0.00877841	0.0245923
-0.00865815	0.0262753
-0.0085379	0.0279941
-0.00841765	0.0297493
-0.0082974	0.0315417
-0.00817715	0.0333719
-0.00805689	0.0352408
-0.00793664	0.0371492
-0.00781639	0.0390982
-0.00769614	0.0410886
-0.00757589	0.0431218
-0.00745563	0.0451988
-0.00733538	0.047321
-0.00721513	0.0494899
-0.00709488	0.051707
-0.00697462	0.0539739
-0.00685437	0.0562924
-0.00673412	0.0586644
-0.00661387	0.061092
-0.00649362	0.0635774
-0.00637336	0.0661228
-0.00625311	0.0687307
-0.00613286	0.0714038
-0.00601261	0.0741448
-0.00589236	0.0769567
-0.0057721	0.0798426
-0.00565185	0.0828058
-0.0055316	0.0858496
-0.00541135	0.0889779
-0.00529109	0.0921943
-0.00517084	0.0955029
-0.00505059	0.0989079
-0.00493034	0.102414
-0.00481009	0.106025
-0.00468983	0.109746
-0.00456958	0.113582
-0.00444933	0.117538
-0.00432908	0.12162
-0.00420883	0.125832
-0.00408857	0.130181
-0.00396832	0.134672
-0.00384807	0.139312
-0.00372782	0.144105
-0.00360756	0.149059
-0.00348731	0.154179
-0.00336706	0.159472
-0.00324681	0.164944
-0.00312656	0.170601
-0.0030063	0.17645
-0.00288605	0.182496
-0.0027658	0.188746
-0.00264555	0.195205
-0.0025253	0.201879
-0.00240504	0.208774
-0.00228479	0.215895
-0.00216454	0.223247
-0.00204429	0.230833
-0.00192403	0.238659
-0.00180378	0.246727
-0.00168353	0.255041
-0.00156328	0.263602
-0.00144303	0.272413
-0.00132277	0.281475
-0.00120252	0.290788
-0.00108227	0.300352
-0.000962017	0.310166
-0.000841765	0.320229
-0.000721513	0.330539
-0.000601261	0.341092
-0.000481008	0.351886
-0.000360756	0.362916
-0.000240504	0.37418
-0.000120252	0.385678
1.62761e-10	0.397403
0.000137656	0.411082
0.000275313	0.425028
0.000412969	0.439241
0.000550625	0.453719
0.000688281	0.468453
0.000825938	0.483439
0.000963594	0.498672
0.00110125	0.514149
0.00123891	0.529867
0.00137656	0.545824
0.00151422	0.562022
0.00165188	0.578462
0.00178953	0.595147
0.00192719	0.612081
0.00206484	0.62927
0.0022025	0.64672
0.00234016	0.66444
0.00247781	0.682437
0.00261547	0.700721
0.00275313	0.719302
0.00289078	0.738191
0.00302844	0.757399
0.00316609	0.776937
0.00330375	0.796817
0.00344141	0.817051
0.00357906	0.837653
0.00371672	0.858634
0.00385437	0.880008
0.00399203	0.901785
0.00412969	0.92398
0.00426734	0.94662
0.004405	0.96972
0.00454266	0.993286
0.00468031	1.01733
0.00481797	1.04187
0.00495562	1.06692
0.00509328	1.0925
0.00523094	1.11861
0.00536859	1.14526
0.00550625	1.17246
0.00564391	1.20021
0.00578156	1.22851
0.00591922	1.25735
0.00605687	1.28671
0.00619453	1.31659
0.00633219	1.34697
0.00646984	1.37783
0.0066075	1.40913
0.00674516	1.44085
0.00688281	1.47297
0.00702047	1.50544
0.00715812	1.53825
0.00729578	1.57135
0.00743344	1.60471
0.00757109	1.63831
0.00770875	1.6721
0.00784641	1.70606
0.00798406	1.74015
0.00812172	1.77435
0.00825937	1.80862
0.00839703	1.84295
0.00853469	1.87729
0.00867234	1.91163
0.00881	1.94594
0.00894766	1.9802
0.00908531	2.01438
0.00922297	2.04846
0.00936062	2.08241
0.00949828	2.11622
0.00963594	2.14987
0.00977359	2.18332
0.00991125	2.21655
0.0100489	2.24955
0.0101866	2.28229
0.0103242	2.31475
0.0104619	2.3469
0.0105995	2.37871
0.0107372	2.41015
0.0108748	2.4412
0.0110125	2.47182
0.0111502	2.50198
0.0112878	2.53164
0.0114255	2.56075
0.0115631	2.58928
0.0117008	2.61718
0.0118384	2.64438
0.0119761	2.67085
0.0121137	2.6965
0.0122514	2.72128
0.0123891	2.74511
0.0125267	2.76792
0.0126644	2.78963
0.012802	2.81015
0.0129397	2.82941
0.0130773	2.84732
0.013215	2.86382
0.0133527	2.87885
0.0134903	2.89236
0.013628	2.90433
0.0137656	2.91475
0.0139033	2.92366
0.0140409	2.93114
0.0141786	2.93727
0.0143162	2.94219
0.0144539	2.94609
0.0145916	2.94913
0.0147292	2.95154
0.0148669	2.95352
0.0150045	2.95528
0.0151422	2.95699
0.0152798	2.95883
0.0154175	2.96091
0.0155552	2.96333
0.0156928	2.96615
0.0158305	2.96939
0.0159681	2.97306
0.0161058	2.97712
0.0162434	2.98156
0.0163811	2.98634
0.0165187	2.99141
0.0166564	2.99673
0.0167941	3.00228
0.0169317	3.00804
0.0170694	3.01398
0.017207	3.0201
0.0173447	3.0264
0.0174823	3.03289
0.01762	3.03957
0.0177577	3.04644
0.0178953	3.05351
0.018033	3.06079
0.0181706	3.06828
0.0183083	3.07598
0.0184459	3.08388
0.0185836	3.09197
0.0187212	3.10024
0.0188589	3.10868
0.0188589	3.10868
0.0189966	3.11726
0.0191342	3.12598
0.0192719	3.1348
0.0194095	3.14372
0.0195472	3.15271
0.0196848	3.16176
0.0198225	3.17085
0.0199602	3.17998
0.0200978	3.18912
0.0202355	3.19828
0.0203731	3.20746
0.0205108	3.21665
0.0206484	3.22585
0.0207861	3.23506
0.0209237	3.2443
0.0210614	3.25357
0.0211991	3.26287
0.0213367	3.27221
0.0214744	3.2816
0.021612	3.29105
0.0217497	3.30056
0.0218873	3.31014
0.022025	3.3198
0.0221627	3.32953
0.0223003	3.33934
0.022438	3.34923
0.0225756	3.35921
0.0227133	3.36926
0.0228509	3.37938
0.0229886	3.38958
0.0231262	3.39985
0.0232639	3.41018
0.0234016	3.42057
0.0235392	3.43101
0.0236769	3.4415
0.0238145	3.45203
0.0239522	3.46258
0.0240898	3.47317
0.0242275	3.48377
0.0243652	3.49439
0.0245028	3.50502
0.0246405	3.51565
0.0247781	3.52628
0.0249158	3.5369
0.0250534	3.54751
0.0251911	3.5581
0.0253287	3.56867
0.0254664	3.57922
0.0256041	3.58973
0.0257417	3.60022
0.0258794	3.61067
0.026017	3.62108
0.0261547	3.63146
0.0262923	3.64179
0.02643	3.65209
0.0265677	3.66234
0.0267053	3.67256
0.026843	3.68273
0.0269806	3.69286
0.0271183	3.70295
0.0272559	3.713
0.0273936	3.72302
0.0275312	3.733
0.0276689	3.74295
0.0278066	3.75286
0.0279442	3.76275
0.0280819	3.77261
0.0282195	3.78245
0.0283572	3.79227
0.0284948	3.80207
0.0286325	3.81185
0.0287702	3.82162
0.0289078	3.83137
0.0290455	3.84111
0.0291831	3.85085
0.0293208	3.86057
0.0294584	3.87029
0.0295961	3.88001
0.0297337	3.88971
0.0298714	3.89942
0.0300091	3.90911
0.0301467	3.91881
0.0302844	3.9285
0.030422	3.93818
0.0305597	3.94786
0.0306973	3.95753
0.030835	3.9672
0.0309727	3.97686
0.0311103	3.98651
0.031248	3.99615
0.0313856	4.00578
0.0315233	4.0154
0.0316609	4.02501
0.0317986	4.0346
0.0319362	4.04418
0.0320739	4.05374
0.0322116	4.06327
0.0323492	4.07279
0.0324869	4.08229
0.0326245	4.09176
0.0327622	4.1012
0.0328998	4.11062
0.0330375	4.12002
0.0331752	4.12938
0.0333128	4.1387
0.0334505	4.148
0.0335881	4.15726
0.0337258	4.16649
0.0338634	4.17568
0.0340011	4.18483
0.0341387	4.19395
0.0342764	4.20302
0.0344141	4.21206
0.0345517	4.22105
0.0346894	4.23
0.034827	4.23891
0.0349647	4.24778
0.0351023	4.25661
0.03524	4.26539
0.0353777	4.27414
0.0355153	4.28284
0.035653	4.2915
0.0357906	4.30012
0.0359283	4.3087
0.0360659	4.31725
0.0362036	4.32575
0.0363412	4.33421
0.0364789	4.34264
0.0366166	4.35103
0.0367542	4.35939
0.0368919	4.36771
0.0370295	4.376
0.0371672	4.38425
0.0373048	4.39247
0.0374425	4.40067
0.0375802	4.40883
0.0377178	4.41696
0.0378555	4.42507
0.0379931	4.43314
0.0381308	4.44119
0.0382684	4.44921
0.0384061	4.45721
0.0385437	4.46518
0.0386814	4.47312
0.0388191	4.48104
0.0389567	4.48893
0.0390944	4.4968
0.039232	4.50464
0.0393697	4.51245
0.0395073	4.52024
0.039645	4.52801
0.0397827	4.53574
0.0399203	4.54345
0.040058	4.55113
0.0401956	4.55877
0.0403333	4.56639
0.0404709	4.57398
0.0406086	4.58154
0.0407462	4.58907
0.0408839	4.59656
0.0410216	4.60402
0.0411592	4.61144
0.0412969	4.61883
0.0414345	4.62618
0.0415722	4.6335
0.0417098	4.64078
0.0418475	4.64801
0.0419852	4.65521
0.0421228	4.66236
0.0422605	4.66948
0.0423981	4.67655
0.0425358	4.68358
0.0426734	4.69056
0.0428111	4.6975
0.0429487	4.7044
0.0430864	4.71125
0.0432241	4.71805
0.0433617	4.72481
0.0434994	4.73152
0.043637	4.73818
0.0437747	4.7448
0.0439123	4.75137
0.04405	4.75789
0.0441877	4.76437
0.0443253	4.77079
0.044463	4.77717
0.0446006	4.7835
0.0447383	4.78979
0.0448759	4.79603
0.0450136	4.80222
0.0451512	4.80837
0.0452889	4.81447
0.0454266	4.82052
0.0455642	4.82653
0.0457019	4.8325
0.0458395	4.83842
0.0459772	4.8443
0.0461148	4.85013
0.0462525	4.85592
0.0463902	4.86167
0.0465278	4.86738
0.0466655	4.87304
0.0468031	4.87867
0.0469408	4.88425
0.0470784	4.8898
0.0472161	4.8953
0.0473537	4.90077
0.0474914	4.90619
0.0476291	4.91158
0.0477667	4.91693
0.0479044	4.92224
0.048042	4.92751
0.0481797	4.93275
0.0483173	4.93795
0.048455	4.94311
0.0485927	4.94824
0.0487303	4.95333
0.048868	4.95838
0.0490056	4.9634
0.0491433	4.96838
0.0492809	4.97332
0.0494186	4.97822
0.0495562	4.98309
0.0496939	4.98792
0.0498316	4.99272
0.0499692	4.99747
0.0501069	5.00219
0.0502445	5.00687
0.0503822	5.01152
0.0505198	5.01612
0.0505198	5.01612
0.0506575	5.02068
0.0507952	5.02521
0.0509328	5.02969
0.0510705	5.03413
0.0512081	5.03854
0.0513458	5.0429
0.0514834	5.04721
0.0516211	5.05149
0.0517587	5.05572
0.0518964	5.05991
0.0520341	5.06405
0.0521717	5.06815
0.0523094	5.0722
0.052447	5.07621
0.0525847	5.08017
0.0527223	5.08408
0.05286	5.08794
0.0529977	5.09175
0.0531353	5.09551
0.053273	5.09923
0.0534106	5.10289
0.0535483	5.1065
0.0536859	5.11005
0.0538236	5.11356
0.0539612	5.11701
0.0540989	5.1204
0.0542366	5.12374
0.0543742	5.12703
0.0545119	5.13026
0.0546495	5.13343
0.0547872	5.13654
0.0549248	5.1396
0.0550625	5.14259
0.0552002	5.14553
0.0553378	5.14841
0.0554755	5.15123
0.0556131	5.15398
0.0557508	5.15668
0.0558884	5.15931
0.0560261	5.16189
0.0561637	5.16439
0.0563014	5.16684
0.0564391	5.16922
0.0565767	5.17154
0.0567144	5.17379
0.056852	5.17598
0.0569897	5.1781
0.0571273	5.18016
0.057265	5.18215
0.0574027	5.18408
0.0575403	5.18594
0.057678	5.18773
0.0578156	5.18945
0.0579533	5.19111
0.0580909	5.1927
0.0582286	5.19422
0.0583662	5.19567
0.0585039	5.19705
0.0586416	5.19837
0.0587792	5.19961
0.0589169	5.20079
0.0590545	5.2019
0.0591922	5.20294
0.0593298	5.2039
0.0594675	5.2048
0.0596052	5.20563
0.0597428	5.20639
0.0598805	5.20708
0.0600181	5.2077
0.0601558	5.20825
0.0602934	5.20872
0.0604311	5.20913
0.0605687	5.20947
0.0607064	5.20973
0.0608441	5.20993
0.0609817	5.21005
0.0611194	5.21011
0.061257	5.21009
0.0613947	5.21
0.0615323	5.20985
0.06167	5.20962
0.0618077	5.20932
0.0619453	5.20895
0.062083	5.20851
0.0622206	5.208
0.0623583	5.20742
0.0624959	5.20677
0.0626336	5.20605
0.0627712	5.20526
0.0629089	5.2044
0.0630466	5.20348
0.0631842	5.20248
0.0633219	5.20141
0.0634595	5.20027
0.0635972	5.19907
0.0637348	5.19779
0.0638725	5.19645
0.0640102	5.19504
0.0641478	5.19356
0.0642855	5.19201
0.0644231	5.19039
0.0645608	5.18871
0.0646984	5.18696
0.0648361	5.18514
0.0649737	5.18325
0.0651114	5.1813
0.0652491	5.17928
0.0653867	5.17719
0.0655244	5.17503
0.065662	5.17281
0.0657997	5.17053
0.0659373	5.16817
0.066075	5.16576
0.0662127	5.16327
0.0663503	5.16072
0.066488	5.15811
0.0666256	5.15543
0.0667633	5.15269
0.0669009	5.14988
0.0670386	5.14701
0.0671762	5.14407
0.0673139	5.14107
0.0674516	5.13801
0.0675892	5.13489
0.0677269	5.1317
0.0678645	5.12845
0.0680022	5.12514
0.0681398	5.12176
0.0682775	5.11833
0.0684152	5.11483
0.0685528	5.11128
0.0686905	5.10766
0.0688281	5.10399
0.0689658	5.10025
0.0691034	5.09646
0.0692411	5.09261
0.0693787	5.08871
0.0695164	5.08474
0.0696541	5.08072
0.0697917	5.07665
0.0699294	5.07253
0.070067	5.06835
0.0702047	5.06411
0.0703423	5.05983
0.0703423	5.05983
0.07048	5.0555
0.0706177	5.05112
0.0707553	5.04669
0.070893	5.04221
0.0710306	5.03769
0.0711683	5.03312
0.0713059	5.02851
0.0714436	5.02386
0.0715812	5.01917
0.0717189	5.01445
0.0718566	5.00968
0.0719942	5.00488
0.0721319	5.00005
0.0722695	4.99518
0.0724072	4.99029
0.0725448	4.98536
0.0726825	4.98041
0.0728201	4.97544
0.0729578	4.97044
0.0730955	4.96543
0.0732331	4.96039
0.0733708	4.95534
0.0735084	4.95028
0.0736461	4.9452
0.0737837	4.94011
0.0739214	4.93502
0.0740591	4.92992
0.0741967	4.92481
0.0743344	4.91971
0.074472	4.9146
0.0746097	4.9095
0.0747473	4.90441
0.074885	4.89932
0.0750227	4.89424
0.0751603	4.88918
0.075298	4.88413
0.0754356	4.87909
0.0755733	4.87407
0.0757109	4.86907
0.0758486	4.8641
0.0759862	4.85915
0.0761239	4.85422
0.0762616	4.84933
0.0763992	4.84446
0.0765369	4.83962
0.0766745	4.83482
0.0768122	4.83005
0.0769498	4.82531
0.0770875	4.82062
0.0772251	4.81596
0.0773628	4.81135
0.0775005	4.80677
0.0776381	4.80224
0.0777758	4.79775
0.0779134	4.79331
0.0780511	4.78891
0.0781887	4.78456
0.0783264	4.78026
0.0784641	4.776
0.0786017	4.7718
0.0787394	4.76764
0.078877	4.76354
0.0790147	4.75948
0.0791523	4.75548
0.07929	4.75153
0.0794277	4.74763
0.0795653	4.74378
0.079703	4.73999
0.0798406	4.73624
0.0799783	4.73255
0.0801159	4.72892
0.0802536	4.72533
0.0803912	4.7218
0.0805289	4.71832
0.0806666	4.71489
0.0808042	4.71152
0.0809419	4.7082
0.0810795	4.70492
0.0812172	4.7017
0.0813548	4.69853
0.0814925	4.69541
0.0816302	4.69234
0.0817678	4.68932
0.0819055	4.68635
0.0820431	4.68343
0.0821808	4.68055
0.0823184	4.67772
0.0824561	4.67494
0.0825937	4.6722
0.0827314	4.66951
0.0828691	4.66687
0.0830067	4.66426
0.0831444	4.6617
0.083282	4.65919
0.0834197	4.65671
0.0835573	4.65428
0.083695	4.65189
0.0838327	4.64953
0.0839703	4.64722
0.084108	4.64494
0.0842456	4.6427
0.0843833	4.6405
0.0845209	4.63833
0.0846586	4.6362
0.0847962	4.63411
0.0849339	4.63204
0.0850716	4.63001
0.0852092	4.62801
0.0853469	4.62604
0.0854845	4.6241
0.0856222	4.6222
0.0857598	4.62032
0.0858975	4.61847
0.0860352	4.61664
0.0861728	4.61485
0.0863105	4.61307
0.0864481	4.61133
0.0865858	4.60961
0.0867234	4.60791
0.0868611	4.60623
0.0869987	4.60458
0.0871364	4.60295
0.0872741	4.60134
0.0874117	4.59975
0.0875494	4.59818
0.087687	4.59663
0.0878247	4.5951
0.0879623	4.59358
0.0881	4.59209
0.0883314	4.58961
0.088563	4.58718
0.0887947	4.58478
0.0890266	4.58243
0.0892586	4.58011
0.0894907	4.57783
0.089723	4.57558
0.0899554	4.57336
0.090188	4.57117
0.0904207	4.56901
0.0906536	4.56688
0.0908866	4.56478
0.0911197	4.56271
0.091353	4.56066
0.0915865	4.55863
0.0918201	4.55663
0.0920538	4.55466
0.0922877	4.55271
0.0925217	4.55078
0.0927559	4.54888
0.0929902	4.547
0.0932246	4.54515
0.0934592	4.54332
0.093694	4.54152
0.0939289	4.53974
0.0941639	4.53799
0.0943991	4.53626
0.0946344	4.53456
0.0948699	4.53289
0.0951055	4.53124
0.0953413	4.52962
0.0955772	4.52802
0.0958132	4.52645
0.0960494	4.52491
0.0962858	4.52338
0.0965223	4.52189
0.0967589	4.52042
0.0969957	4.51897
0.0972327	4.51754
0.0974697	4.51614
0.097707	4.51475
0.0979444	4.51339
0.0981819	4.51204
0.0984196	4.51071
0.0986574	4.5094
0.0988953	4.5081
0.0991335	4.50681
0.0993717	4.50553
0.0996101	4.50427
0.0998487	4.50301
0.100087	4.50175
0.100326	4.5005
0.100565	4.49925
0.100804	4.498
0.101044	4.49674
0.101283	4.49548
0.101523	4.49422
0.101762	4.49294
0.102002	4.49166
0.102242	4.49036
0.102483	4.48904
0.102723	4.48771
0.102963	4.48636
0.103204	4.48499
0.103445	4.48359
0.103686	4.48217
0.103927	4.48072
0.104168	4.47925
0.104409	4.47775
0.104651	4.47621
0.104893	4.47465
0.105135	4.47305
0.105376	4.47142
0.105619	4.46976
0.105861	4.46807
0.106103	4.46634
0.106346	4.46458
0.106589	4.46279
0.106832	4.46097
0.107075	4.45912
0.107318	4.45725
0.107561	4.45534
0.107805	4.45342
0.108048	4.45147
0.108292	4.44951
0.108536	4.44754
0.10878	4.44555
0.109024	4.44356
0.109269	4.44156
0.109513	4.43957
0.109758	4.4376
0.110003	4.43563
0.110248	4.43369
0.110493	4.43178
0.110738	4.4299
0.110984	4.42806
0.111229	4.42627
0.111475	4.42455
0.111721	4.42288
0.111967	4.4213
0.112213	4.41979
0.11246	4.41838
0.112706	4.41707
0.112953	4.41587
0.1132	4.41479
0.113447	4.41384
0.113694	4.41303
0.113941	4.41236
0.114188	4.41185
0.114436	4.4115
0.114684	4.41132
0.114932	4.41132
0.11518	4.41151
0.115428	4.41189
0.115676	4.41247
0.115925	4.41326
0.116173	4.41426
0.116422	4.41549
0.116671	4.41693
0.11692	4.41861
0.11717	4.42051
0.117419	4.42265
0.117669	4.42503
0.117918	4.42766
0.118168	4.43052
0.118418	4.43362
0.118669	4.43697
0.118919	4.44057
0.119169	4.4444
0.11942	4.44848
0.119671	4.4528
0.119922	4.45736
0.120173	4.46216
0.120424	4.46719
0.120676	4.47245
0.120927	4.47794
0.121179	4.48366
0.121431	4.48959
0.121683	4.49574
0.121935	4.50211
0.122188	4.50868
0.12244	4.51545
0.122693	4.52242
0.122693	4.52242
0.122946	4.52958
0.123199	4.53693
0.123452	4.54445
0.123705	4.55215
0.123959	4.56002
0.124213	4.56806
0.124466	4.57625
0.12472	4.58458
0.124975	4.59306
0.125229	4.60168
0.125483	4.61043
0.125738	4.6193
0.125993	4.62828
0.126247	4.63737
0.126503	4.64657
0.126758	4.65585
0.127013	4.66522
0.127269	4.67466
0.127524	4.68417
0.12778	4.69374
0.128036	4.70336
0.128292	4.71301
0.128549	4.7227
0.128805	4.7324
0.129062	4.7421
0.129319	4.7518
0.129576	4.76148
0.129833	4.77112
0.13009	4.78072
0.130347	4.79025
0.130605	4.79969
0.130863	4.80903
0.131121	4.81824
0.131379	4.82731
0.131637	4.8362
0.131896	4.84488
0.132154	4.85333
0.132413	4.86151
0.132672	4.86937
0.132931	4.87688
0.13319	4.88398
0.133449	4.89062
0.133709	4.89673
0.133969	4.90224
0.134228	4.90707
0.134488	4.91113
0.134749	4.91432
0.135009	4.91652
0.135269	4.91761
0.13553	4.91745
0.135791	4.91587
0.136052	4.9127
0.136313	4.90774
0.136574	4.90075
0.136836	4.8915
0.137097	4.87976
0.137359	4.86526
0.137621	4.84773
0.137883	4.82687
0.138145	4.80244
0.138408	4.77422
0.13867	4.74202
0.138933	4.70571
0.139196	4.66529
0.139459	4.62093
0.139722	4.57296
0.139986	4.52197
0.140249	4.46877
0.140513	4.41441
0.140777	4.36009
0.141041	4.30711
0.141305	4.25684
0.14157	4.21053
0.141834	4.16925
0.142099	4.13378
0.142364	4.10457
0.142629	4.08173
0.142894	4.06502
0.14316	4.05399
0.143425	4.048
0.143691	4.0464
0.143957	4.04858
0.144223	4.05372
0.144489	4.06124
0.144755	4.07071
0.145022	4.08164
0.145289	4.09363
0.145555	4.10634
0.145822	4.11948
0.14609	4.13281
0.146357	4.14617
0.146625	4.15941
0.146892	4.17245
0.14716	4.1852
0.147428	4.19764
0.147696	4.20973
0.147965	4.22146
0.148233	4.23283
0.148502	4.24384
0.148771	4.2545
0.14904	4.26483
0.149309	4.27485
0.149578	4.28456
0.149848	4.294
0.150117	4.30317
0.150387	4.3121
0.150657	4.32081
0.150928	4.32931
0.151198	4.33762
0.151468	4.34576
0.151739	4.35374
0.15201	4.36157
0.152281	4.36927
0.152552	4.37685
0.152824	4.38433
0.153095	4.3917
0.153367	4.39899
0.153639	4.4062
0.153911	4.41334
0.154183	4.42041
0.154455	4.42743
0.154728	4.4344
0.155001	4.44132
0.155273	4.44821
0.155546	4.45506
0.15582	4.46188
0.156093	4.46868
0.156367	4.47545
0.15664	4.48221
0.156914	4.48895
0.157188	4.49568
0.157463	4.50239
0.157737	4.5091
0.158012	4.51581
0.158286	4.52251
0.158561	4.5292
0.158836	4.5359
0.159112	4.5426
0.159387	4.5493
0.159663	4.556
0.159938	4.5627
0.160214	4.56941
0.16049	4.57612
0.160767	4.58284
0.161043	4.58956
0.16132	4.59629
0.161597	4.60303
0.161873	4.60977
0.162151	4.61652
0.162428	4.62328
0.162705	4.63004
0.162983	4.63681
0.163261	4.64358
0.163539	4.65036
0.163817	4.65715
0.164095	4.66394
0.164374	4.67073
0.164653	4.67753
0.164931	4.68433
0.165211	4.69113
0.16549	4.69793
0.165769	4.70474
0.166049	4.71154
0.166328	4.71834
0.166608	4.72514
0.166888	4.73194
0.167169	4.73873
0.167449	4.74552
0.16773	4.7523
0.16801	4.75907
0.168291	4.76583
0.168572	4.77257
0.168854	4.77931
0.169135	4.78603
0.169417	4.79273
0.169699	4.79941
0.169981	4.80607
0.170263	4.81271
0.170545	4.81932
0.170828	4.82591
0.17111	4.83246
0.171393	4.83899
0.171676	4.84547
0.171959	4.85192
0.172243	4.85833
0.172526	4.8647
0.17281	4.87101
0.173094	4.87728
0.173378	4.88349
0.173662	4.88965
0.173947	4.89575
0.174231	4.90178
0.174516	4.90774
0.174801	4.91364
0.175086	4.91945
0.175372	4.92519
0.175657	4.93084
0.175943	4.9364
0.176229	4.94187
0.176515	4.94724
0.176801	4.95251
0.177087	4.95767
0.177374	4.96272
0.177661	4.96765
0.177948	4.97246
0.178235	4.97714
0.178522	4.98168
0.178809	4.98609
0.179097	4.99035
0.179385	4.99446
0.179673	4.99841
0.179961	5.0022
0.180249	5.00582
0.180538	5.00926
0.180827	5.01253
0.181115	5.01561
0.181405	5.01849
0.181694	5.02117
0.181983	5.02365
0.182273	5.02592
0.182563	5.02797
0.182853	5.0298
0.183143	5.0314
0.183433	5.03277
0.183723	5.0339
0.184014	5.03478
0.184305	5.03541
0.184596	5.03579
0.184887	5.03591
0.185179	5.03577
0.18547	5.03536
0.185762	5.03468
0.186054	5.03373
0.186346	5.0325
0.186638	5.031
0.186931	5.02922
0.187224	5.02716
0.187516	5.02482
0.187809	5.0222
0.188103	5.01931
0.188396	5.01614
0.188396	5.01614
0.18869	5.0127
0.188983	5.00899
0.189277	5.00502
0.189571	5.00078
0.189866	4.99629
0.19016	4.99156
0.190455	4.98659
0.19075	4.98139
0.191045	4.97596
0.19134	4.97033
0.191635	4.9645
0.191931	4.95848
0.192227	4.95228
0.192523	4.94592
0.192819	4.93941
0.193115	4.93277
0.193412	4.92601
0.193708	4.91915
0.194005	4.9122
0.194302	4.90517
0.194599	4.89808
0.194897	4.89095
0.195194	4.8838
0.195492	4.87663
0.19579	4.86946
0.196088	4.86231
0.196387	4.85518
0.196685	4.8481
0.196984	4.84108
0.197283	4.83412
0.197582	4.82724
0.197881	4.82044
0.198181	4.81374
0.19848	4.80714
0.19878	4.80065
0.19908	4.79428
0.19938	4.78803
0.199681	4.7819
0.199981	4.7759
0.200282	4.77003
0.200583	4.7643
0.200884	4.75869
0.201185	4.75322
0.201487	4.74788
0.201789	4.74267
0.20209	4.73759
0.202392	4.73263
0.202695	4.72779
0.202997	4.72307
0.2033	4.71847
0.203603	4.71398
0.203906	4.70959
0.204209	4.7053
0.204512	4.70111
0.204816	4.69702
0.205119	4.693
0.205423	4.68907
0.205727	4.68522
0.206032	4.68144
0.206336	4.67772
0.206641	4.67407
0.206946	4.67047
0.207251	4.66692
0.207556	4.66341
0.207862	4.65995
0.208167	4.65653
0.208473	4.65314
0.208779	4.64977
0.209085	4.64643
0.209392	4.64311
0.209698	4.6398
0.210005	4.63651
0.210312	4.63322
0.210619	4.62994
0.210927	4.62667
0.211234	4.62339
0.211542	4.62011
0.21185	4.61682
0.212158	4.61353
0.212466	4.61023
0.212775	4.60691
0.213083	4.60359
0.213392	4.60026
0.213701	4.59691
0.21401	4.59355
0.21432	4.59018
0.21463	4.5868
0.214939	4.58341
0.215249	4.58001
0.21556	4.5766
0.21587	4.5732
0.216181	4.56979
0.216491	4.56639
0.216802	4.56299
0.217114	4.5596
0.217425	4.55623
0.217736	4.55288
0.218048	4.54956
0.21836	4.54627
0.218672	4.54302
0.218985	4.53981
0.219297	4.53665
0.21961	4.53354
0.219923	4.5305
0.220236	4.52754
0.220549	4.52465
0.220863	4.52184
0.221176	4.51913
0.22149	4.51652
0.221804	4.51401
0.222119	4.51162
0.222433	4.50935
0.222748	4.50721
0.223063	4.50519
0.223378	4.50332
0.223693	4.50159
0.224008	4.50002
0.224324	4.4986
0.22464	4.49734
0.224956	4.49624
0.225272	4.49531
0.225589	4.49456
0.225905	4.49398
0.226222	4.49358
0.226539	4.49337
0.226856	4.49334
0.227174	4.49349
0.227491	4.49384
0.227809	4.49438
0.228127	4.4951
0.228445	4.49603
0.228764	4.49715
0.229082	4.49846
0.229401	4.49997
0.22972	4.50168
0.230039	4.50359
0.230358	4.5057
0.230678	4.50801
0.230998	4.51052
0.231318	4.51323
0.231638	4.51613
0.231958	4.51924
0.232279	4.52254
0.2326	4.52603
0.232921	4.52972
0.233242	4.53361
0.233563	4.53767
0.233885	4.54192
0.234206	4.54635
0.234528	4.55095
0.234851	4.55571
0.235173	4.56064
0.235495	4.56571
0.235818	4.57091
0.236141	4.57625
0.236464	4.5817
0.236788	4.58725
0.237111	4.59289
0.237435	4.59859
0.237759	4.60435
0.238083	4.61014
0.238408	4.61594
0.238732	4.62173
0.239057	4.62749
0.239382	4.63319
0.239707	4.6388
0.240032	4.6443
0.240358	4.64965
0.240684	4.65483
0.24101	4.6598
0.241336	4.66454
0.241662	4.66899
0.241989	4.67313
0.242316	4.67692
0.242643	4.68032
0.24297	4.68328
0.243297	4.68576
0.243625	4.68772
0.243953	4.68912
0.244281	4.68992
0.244609	4.69006
0.244937	4.6895
0.245266	4.6882
0.245595	4.68611
0.245924	4.6832
0.246253	4.67942
0.246582	4.67474
0.246912	4.66912
0.247242	4.66254
0.247572	4.65497
0.247902	4.64641
0.248232	4.63686
0.248563	4.62631
0.248563	4.62631
0.248894	4.6148
0.249225	4.60236
0.249556	4.58904
0.249888	4.57491
0.250219	4.56006
0.250551	4.54457
0.250883	4.52858
0.251216	4.5122
0.251548	4.49558
0.251881	4.47887
0.252214	4.46223
0.252547	4.44581
0.25288	4.42977
0.253214	4.41426
0.253547	4.39941
0.253881	4.38533
0.254216	4.37214
0.25455	4.35991
0.254884	4.34871
0.255219	4.33856
0.255554	4.32949
0.255889	4.3215
0.256225	4.31457
0.25656	4.30867
0.256896	4.30376
0.257232	4.29977
0.257568	4.29666
0.257905	4.29436
0.258242	4.29279
0.258578	4.29191
0.258915	4.29164
0.259253	4.29192
0.25959	4.29271
0.259928	4.29394
0.260266	4.29556
0.260604	4.29754
0.260942	4.29983
0.261281	4.30239
0.261619	4.3052
0.261958	4.30822
0.262298	4.31144
0.262637	4.31482
0.262976	4.31835
0.263316	4.322
0.263656	4.32578
0.263996	4.32966
0.264337	4.33362
0.264678	4.33767
0.265018	4.3418
0.265359	4.34599
0.265701	4.35024
0.266042	4.35454
0.266384	4.3589
0.266726	4.3633
0.267068	4.36774
0.26741	4.37223
0.267753	4.37675
0.268095	4.38131
0.268438	4.38591
0.268782	4.39054
0.269125	4.3952
0.269469	4.39989
0.269812	4.40462
0.270156	4.40937
0.270501	4.41416
0.270845	4.41897
0.27119	4.42381
0.271535	4.42869
0.27188	4.43359
0.272225	4.43852
0.272571	4.44348
0.272916	4.44846
0.273262	4.45348
0.273608	4.45852
0.273955	4.4636
0.274301	4.4687
0.274648	4.47382
0.274995	4.47898
0.275342	4.48416
0.27569	4.48937
0.276038	4.49461
0.276385	4.49987
0.276733	4.50516
0.277082	4.51047
0.27743	4.51582
0.277779	4.52118
0.278128	4.52657
0.278477	4.53199
0.278827	4.53742
0.279176	4.54288
0.279526	4.54837
0.279876	4.55387
0.280226	4.55939
0.280577	4.56494
0.280927	4.5705
0.281278	4.57609
0.28163	4.58169
0.281981	4.5873
0.282332	4.59293
0.282684	4.59858
0.283036	4.60424
0.283388	4.60991
0.283741	4.61559
0.284093	4.62129
0.284446	4.62699
0.284799	4.6327
0.285153	4.63841
0.285506	4.64413
0.28586	4.64985
0.286214	4.65557
0.286568	4.6613
0.286923	4.66702
0.287277	4.67273
0.287632	4.67844
0.287987	4.68414
0.288342	4.68984
0.288698	4.69552
0.289054	4.70118
0.28941	4.70683
0.289766	4.71245
0.290122	4.71806
0.290479	4.72364
0.290836	4.72919
0.291193	4.73471
0.29155	4.74019
0.291907	4.74564
0.292265	4.75104
0.292623	4.7564
0.292981	4.7617
0.29334	4.76696
0.293698	4.77216
0.294057	4.77729
0.294416	4.78236
0.294775	4.78735
0.295135	4.79228
0.295494	4.79711
0.295854	4.80187
0.296215	4.80653
0.296575	4.81109
0.296936	4.81556
0.297296	4.81991
0.297657	4.82415
0.298019	4.82827
0.29838	4.83227
0.298742	4.83613
0.299104	4.83986
0.299466	4.84344
0.299828	4.84687
0.300191	4.85015
0.300554	4.85327
0.300917	4.85622
0.30128	4.85899
0.301644	4.86159
0.302008	4.86399
0.302372	4.86621
0.302736	4.86823
0.3031	4.87005
0.303465	4.87166
0.30383	4.87306
0.304195	4.87424
0.30456	4.8752
0.304926	4.87593
0.305291	4.87643
0.305657	4.8767
0.306024	4.87673
0.30639	4.87653
0.306757	4.87608
0.307124	4.87539
0.307491	4.87446
0.307858	4.87328
0.308226	4.87186
0.308594	4.87019
0.308962	4.86828
0.30933	4.86613
0.309699	4.86375
0.310067	4.86112
0.310436	4.85827
0.310805	4.85519
0.311175	4.85189
0.311545	4.84837
0.311914	4.84464
0.312284	4.84071
0.312655	4.83658
0.313025	4.83226
0.313396	4.82777
0.313767	4.82311
0.314139	4.81828
0.31451	4.81331
0.314882	4.8082
0.315254	4.80295
0.315626	4.79759
0.315998	4.79212
0.316371	4.78656
0.316744	4.7809
0.317117	4.77518
0.31749	4.76939
0.317864	4.76355
0.318238	4.75767
0.318612	4.75176
0.318986	4.74582
0.31936	4.73988
0.319735	4.73394
0.32011	4.728
0.320485	4.72208
0.320861	4.71619
0.321236	4.71033
0.321612	4.70451
0.321988	4.69873
0.322365	4.69302
0.322741	4.68736
0.323118	4.68176
0.323495	4.67624
0.323872	4.67079
0.32425	4.66542
0.324628	4.66014
0.325006	4.65494
0.325384	4.64982
0.325762	4.6448
0.326141	4.63988
0.32652	4.63505
0.326899	4.63031
0.327278	4.62568
0.327658	4.62115
0.328038	4.61672
0.328418	4.61239
0.328798	4.60817
0.329179	4.60405
0.32956	4.60003
0.329941	4.59612
0.330322	4.59232
0.330704	4.58863
0.331085	4.58505
0.331467	4.58157
0.33185	4.57821
0.332232	4.57496
0.332615	4.57182
0.332998	4.5688
0.333381	4.56589
0.333764	4.5631
0.334148	4.56042
0.334532	4.55787
0.334916	4.55544
0.3353	4.55314
0.335685	4.55096
0.33607	4.54891
0.336455	4.54698
0.33684	4.54519
0.337226	4.54353
0.337612	4.54201
0.337998	4.54062
0.338384	4.53936
0.33877	4.53824
0.33877	4.53824
0.339157	4.53726
0.339544	4.53642
0.339931	4.53571
0.340319	4.53513
0.340706	4.53469
0.341094	4.53438
0.341483	4.53419
0.341871	4.53413
0.34226	4.53418
0.342649	4.53435
0.343038	4.53463
0.343427	4.535
0.343817	4.53548
0.344207	4.53603
0.344597	4.53667
0.344987	4.53737
0.345378	4.53813
0.345769	4.53894
0.34616	4.53978
0.346551	4.54065
0.346943	4.54153
0.347334	4.54241
0.347727	4.54327
0.348119	4.5441
0.348511	4.54489
0.348904	4.54563
0.349297	4.5463
0.34969	4.54688
0.350084	4.54737
0.350478	4.54774
0.350872	4.54799
0.351266	4.5481
0.35166	4.54806
0.352055	4.54786
0.35245	4.54747
0.352845	4.54691
0.353241	4.54614
0.353637	4.54517
0.354033	4.54398
0.354429	4.54257
0.354825	4.54093
0.355222	4.53906
0.355619	4.53695
0.356016	4.53459
0.356414	4.532
0.356811	4.52916
0.357209	4.52609
0.357607	4.52278
0.358006	4.51924
0.358404	4.51548
0.358803	4.51151
0.359202	4.50734
0.359602	4.50298
0.360002	4.49845
0.360401	4.49376
0.360802	4.48893
0.361202	4.48398
0.361603	4.47893
0.362004	4.4738
0.362405	4.46862
0.362806	4.46339
0.363208	4.45816
0.36361	4.45294
0.364012	4.44776
0.364414	4.44263
0.364817	4.43759
0.36522	4.43265
0.365623	4.42783
0.366026	4.42316
0.36643	4.41865
0.366834	4.41433
0.367238	4.4102
0.367642	4.40628
0.368047	4.40259
0.368452	4.39912
0.368857	4.39591
0.369262	4.39294
0.369668	4.39023
0.370074	4.38778
0.37048	4.38559
0.370886	4.38367
0.371293	4.38201
0.3717	4.38062
0.372107	4.37948
0.372515	4.3786
0.372922	4.37798
0.37333	4.3776
0.373738	4.37747
0.374147	4.37757
0.374555	4.3779
0.374964	4.37845
0.375374	4.37922
0.375783	4.38019
0.376193	4.38136
0.376603	4.38272
0.377013	4.38427
0.377423	4.38599
0.377834	4.38788
0.378245	4.38992
0.378656	4.39212
0.379068	4.39446
0.379479	4.39694
0.379891	4.39955
0.380304	4.40229
0.380716	4.40513
0.381129	4.40809
0.381542	4.41115
0.381955	4.4143
0.382369	4.41755
0.382782	4.42088
0.383196	4.42428
0.383611	4.42776
0.384025	4.43131
0.38444	4.43492
0.384855	4.43859
0.38527	4.44232
0.385686	4.44609
0.386102	4.44991
0.386518	4.45376
0.386934	4.45766
0.387351	4.46159
0.387767	4.46554
0.388185	4.46953
0.388602	4.47354
0.38902	4.47756
0.389437	4.48161
0.389856	4.48567
0.390274	4.48974
0.390693	4.49382
0.391112	4.49791
0.391531	4.502
0.39195	4.50609
0.39237	4.51019
0.39279	4.51428
0.39321	4.51837
0.393631	4.52246
0.394051	4.52653
0.394472	4.5306
0.394894	4.53465
0.395315	4.5387
0.395737	4.54273
0.396159	4.54674
0.396581	4.55074
0.397004	4.55472
0.397427	4.55867
0.39785	4.56261
0.398273	4.56652
0.398697	4.57041
0.399121	4.57427
0.399545	4.5781
0.399969	4.58191
0.400394	4.58568
0.400819	4.58942
0.401244	4.59313
0.40167	4.5968
0.402095	4.60043
0.402521	4.60402
0.402948	4.60758
0.403374	4.61108
0.403801	4.61455
0.404228	4.61797
0.404655	4.62133
0.405083	4.62465
0.405511	4.62791
0.405939	4.63112
0.406367	4.63426
0.406796	4.63735
0.407225	4.64037
0.407654	4.64333
0.408083	4.64622
0.408513	4.64903
0.408943	4.65177
0.409373	4.65443
0.409804	4.65701
0.410234	4.65951
0.410665	4.66192
0.411097	4.66424
0.411528	4.66646
0.41196	4.66859
0.412392	4.67062
0.412825	4.67254
0.413257	4.67436
0.41369	4.67606
0.414123	4.67765
0.414557	4.67912
0.41499	4.68047
0.415424	4.6817
0.415859	4.6828
0.416293	4.68377
0.416728	4.68461
0.417163	4.6853
0.417598	4.68586
0.418034	4.68628
0.41847	4.68655
0.418906	4.68668
0.419342	4.68665
0.419779	4.68648
0.420216	4.68615
0.420653	4.68566
0.421091	4.68502
0.421528	4.68422
0.421967	4.68326
0.422405	4.68214
0.422843	4.68086
0.423282	4.67942
0.423721	4.67782
0.424161	4.67606
0.4246	4.67414
0.42504	4.67206
0.425481	4.66983
0.425921	4.66745
0.426362	4.66491
0.426803	4.66223
0.427244	4.6594
0.427686	4.65642
0.428128	4.65331
0.42857	4.65006
0.429012	4.64668
0.429455	4.64318
0.429898	4.63956
0.430341	4.63582
0.430784	4.63197
0.431228	4.62802
0.431672	4.62398
0.432117	4.61984
0.432561	4.61562
0.433006	4.61133
0.433451	4.60697
0.433897	4.60254
0.434342	4.59807
0.434788	4.59354
0.435234	4.58898
0.435681	4.58439
0.436128	4.57978
0.436575	4.57516
0.437022	4.57053
0.43747	4.5659
0.437918	4.56127
0.438366	4.55667
0.438814	4.55208
0.439263	4.54753
0.439712	4.54301
0.440161	4.53854
0.440611	4.53411
0.441061	4.52974
0.441511	4.52543
0.441961	4.52119
0.442412	4.51701
0.442863	4.51291
0.443314	4.50888
0.443766	4.50494
0.444218	4.50108
0.44467	4.4973
0.445122	4.49361
0.445575	4.49002
0.446028	4.48651
0.446481	4.4831
0.446934	4.47977
0.447388	4.47655
0.447842	4.47341
0.448297	4.47037
0.448751	4.46742
0.449206	4.46455
0.449661	4.46178
0.450117	4.4591
0.450573	4.4565
0.451029	4.45399
0.451485	4.45156
0.451941	4.44922
0.452398	4.44695
0.452855	4.44475
0.453313	4.44263
0.453771	4.44059
0.454229	4.43861
0.454687	4.4367
0.455146	4.43485
0.455604	4.43307
0.456064	4.43135
0.456523	4.42968
0.456983	4.42807
0.457443	4.42651
0.457903	4.42501
0.458364	4.42356
0.458824	4.42215
0.459286	4.4208
0.459747	4.41948
0.460209	4.41821
0.460671	4.41699
0.461133	4.4158
0.461596	4.41466
0.462058	4.41356
0.462522	4.41249
0.462985	4.41146
0.463449	4.41048
0.463913	4.40952
0.464377	4.40861
0.464842	4.40773
0.465306	4.40689
0.465772	4.40608
0.466237	4.40531
0.466703	4.40458
0.467169	4.40388
0.467635	4.40322
0.468102	4.4026
0.468569	4.40201
0.469036	4.40145
0.469503	4.40094
0.469971	4.40046
0.470439	4.40002
0.470907	4.39961
0.471376	4.39925
0.471845	4.39892
0.472314	4.39863
0.472784	4.39837
0.473253	4.39816
0.473724	4.39798
0.474194	4.39784
0.474665	4.39774
0.475136	4.39768
0.475607	4.39766
0.476078	4.39767
0.47655	4.39772
0.477022	4.39781
0.477495	4.39794
0.477967	4.3981
0.47844	4.39831
0.478914	4.39855
0.479387	4.39882
0.479861	4.39913
0.480335	4.39948
0.48081	4.39986
0.481285	4.40028
0.48176	4.40073
0.482235	4.40121
0.482711	4.40172
0.483187	4.40227
0.483663	4.40284
0.484139	4.40345
0.484139	4.40345
0.484616	4.40408
0.485093	4.40474
0.485571	4.40542
0.486048	4.40613
0.486527	4.40687
0.487005	4.40762
0.487483	4.4084
0.487962	4.4092
0.488442	4.41002
0.488921	4.41085
0.489401	4.4117
0.489881	4.41256
0.490361	4.41344
0.490842	4.41433
0.491323	4.41523
0.491804	4.41613
0.492286	4.41705
0.492768	4.41796
0.49325	4.41888
0.493732	4.41981
0.494215	4.42073
0.494698	4.42165
0.495182	4.42256
0.495665	4.42348
0.496149	4.42438
0.496633	4.42527
0.497118	4.42616
0.497603	4.42702
0.498088	4.42788
0.498574	4.42872
0.499059	4.42954
0.499545	4.43034
0.500032	4.43111
0.500518	4.43186
0.501005	4.43259
0.501493	4.43329
0.50198	4.43395
0.502468	4.43459
0.502956	4.43519
0.503445	4.43576
0.503934	4.43629
0.504423	4.43678
0.504912	4.43723
0.505402	4.43763
0.505892	4.43799
0.506382	4.43831
0.506873	4.43857
0.507364	4.43879
0.507855	4.43896
0.508346	4.43907
0.508838	4.43913
0.50933	4.43913
0.509823	4.43907
0.510316	4.43896
0.510809	4.43878
0.511302	4.43854
0.511796	4.43824
0.51229	4.43787
0.512784	4.43743
0.513278	4.43693
0.513773	4.43636
0.514268	4.43572
0.514764	4.43501
0.51526	4.43423
0.515756	4.43337
0.516252	4.43244
0.516749	4.43144
0.517246	4.43035
0.517743	4.4292
0.518241	4.42796
0.518739	4.42665
0.519237	4.42526
0.519736	4.42379
0.520235	4.42225
0.520734	4.42062
0.521233	4.41891
0.521733	4.41713
0.522233	4.41526
0.522734	4.41332
0.523235	4.41129
0.523736	4.40919
0.524237	4.40701
0.524739	4.40474
0.525241	4.4024
0.525743	4.39998
0.526246	4.39748
0.526748	4.3949
0.527252	4.39225
0.527755	4.38951
0.528259	4.3867
0.528763	4.38382
0.529268	4.38086
0.529773	4.37782
0.530278	4.37471
0.530783	4.37153
0.531289	4.36828
0.531795	4.36495
0.532301	4.36155
0.532808	4.35808
0.533315	4.35454
0.533822	4.35093
0.53433	4.34725
0.534838	4.3435
0.535346	4.33968
0.535854	4.3358
0.536363	4.33184
0.536873	4.32782
0.537382	4.32373
0.537892	4.31958
0.538402	4.31535
0.538912	4.31106
0.539423	4.3067
0.539934	4.30227
0.540446	4.29777
0.540957	4.2932
0.541469	4.28856
0.541982	4.28385
0.542494	4.27906
0.543007	4.2742
0.543521	4.26926
0.544034	4.26425
0.544548	4.25915
0.545063	4.25398
0.545577	4.24872
0.546092	4.24337
0.546607	4.23793
0.547123	4.2324
0.547639	4.22677
0.548155	4.22105
0.548671	4.21522
0.549188	4.20928
0.549705	4.20323
0.550223	4.19707
0.550741	4.19078
0.551259	4.18437
0.551777	4.17782
0.552296	4.17114
0.552815	4.16431
0.553334	4.15733
0.553854	4.15019
0.554374	4.14289
0.554894	4.13542
0.555415	4.12776
0.555936	4.11991
0.556457	4.11186
0.556979	4.10361
0.557501	4.09513
0.558023	4.08643
0.558546	4.07748
0.559069	4.06829
0.559592	4.05883
0.560116	4.04909
0.560639	4.03906
0.561164	4.02873
0.561688	4.01808
0.562213	4.0071
0.562738	3.99577
0.563264	3.98408
0.56379	3.97201
0.564316	3.95955
0.564842	3.94668
0.564842	3.94668
0.565369	3.93338
0.565896	3.91965
0.566424	3.90545
0.566952	3.89079
0.56748	3.87563
0.568008	3.85998
0.568537	3.84381
0.569066	3.82714
0.569596	3.80992
0.570125	3.79216
0.570656	3.77384
0.571186	3.75497
0.571717	3.73554
0.572248	3.71557
0.572779	3.69505
0.573311	3.67401
0.573843	3.65248
0.574376	3.63052
0.574908	3.60822
0.575441	3.58564
0.575975	3.56292
0.576509	3.54015
0.577043	3.51742
0.577577	3.49479
0.578112	3.47229
0.578647	3.44999
0.579182	3.42795
0.579718	3.4062
0.580254	3.38476
0.58079	3.36364
0.581327	3.34283
0.581864	3.32234
0.582401	3.30217
0.582939	3.28233
0.583477	3.26282
0.584016	3.24363
0.584554	3.22476
0.585093	3.20619
0.585633	3.18792
0.586172	3.16994
0.586713	3.15225
0.587253	3.13484
0.587794	3.1177
0.588335	3.10083
0.588876	3.08422
0.589418	3.06785
0.58996	3.05173
0.590502	3.03585
0.591045	3.02019
0.591588	3.00476
0.592131	2.98954
0.592675	2.97454
0.593219	2.95974
0.593764	2.94514
0.594308	2.93074
0.594854	2.91652
0.595399	2.90248
0.595945	2.88863
0.596491	2.87494
0.597037	2.86143
0.597584	2.84808
0.598131	2.83489
0.598679	2.82186
0.599226	2.80897
0.599775	2.79624
0.600323	2.78364
0.600872	2.77119
0.601421	2.75888
0.601971	2.7467
0.60252	2.73465
0.603071	2.72272
0.603621	2.71092
0.604172	2.69924
0.604723	2.68768
0.605275	2.67624
0.605827	2.6649
0.606379	2.65368
0.606931	2.64257
0.607484	2.63156
0.608038	2.62066
0.608591	2.60985
0.609145	2.59915
0.609699	2.58854
0.610254	2.57803
0.610809	2.56762
0.611364	2.55729
0.61192	2.54706
0.612476	2.53691
0.613032	2.52685
0.613589	2.51688
0.614146	2.50699
0.614704	2.49718
0.615261	2.48746
0.615819	2.47781
0.616378	2.46824
0.616937	2.45875
0.617496	2.44934
0.618055	2.44
0.618615	2.43074
0.619175	2.42155
0.619736	2.41243
0.620296	2.40338
0.620858	2.3944
0.621419	2.38549
0.621981	2.37665
0.622543	2.36788
0.623106	2.35918
0.623669	2.35054
0.624232	2.34196
0.624796	2.33345
0.62536	2.32501
0.625924	2.31663
0.626489	2.30831
0.627054	2.30005
0.627619	2.29185
0.628185	2.28372
0.628751	2.27564
0.629317	2.26763
0.629884	2.25967
0.630451	2.25177
0.631019	2.24393
0.631587	2.23615
0.632155	2.22842
0.632723	2.22075
0.633292	2.21314
0.633862	2.20558
0.634431	2.19808
0.635001	2.19063
0.635571	2.18323
0.636142	2.17589
0.636713	2.1686
0.637284	2.16137
0.637856	2.15418
0.638428	2.14705
0.639001	2.13997
0.639574	2.13294
0.640147	2.12596
0.64072	2.11903
0.641294	2.11215
0.641868	2.10532
0.642443	2.09854
0.643018	2.0918
0.643593	2.08512
0.644169	2.07848
0.644745	2.07189
0.645321	2.06534
0.645898	2.05884
0.646475	2.05239
0.647052	2.04598
0.64763	2.03961
0.648208	2.03329
0.648786	2.02702
0.649365	2.02078
0.649945	2.01459
0.650524	2.00845
0.651104	2.00234
0.651684	1.99628
0.652265	1.99025
0.652846	1.98427
0.653427	1.97833
0.654009	1.97243
0.654009	1.97243
0.654591	1.96656
0.655174	1.96074
0.655756	1.95495
0.65634	1.94921
0.656923	1.9435
0.657507	1.93782
0.658091	1.93219
0.658676	1.92659
0.659261	1.92102
0.659846	1.91549
0.660432	1.91
0.661018	1.90453
0.661604	1.89911
0.662191	1.89371
0.662778	1.88835
0.663366	1.88303
0.663954	1.87773
0.664542	1.87246
0.665131	1.86723
0.66572	1.86203
0.666309	1.85686
0.666899	1.85171
0.667489	1.8466
0.668079	1.84152
0.66867	1.83646
0.669261	1.83144
0.669853	1.82644
0.670445	1.82147
0.671037	1.81652
0.671629	1.8116
0.672222	1.80671
0.672816	1.80185
0.67341	1.79701
0.674004	1.79219
0.674598	1.7874
0.675193	1.78264
0.675788	1.77789
0.676384	1.77318
0.67698	1.76848
0.677576	1.76381
0.678173	1.75916
0.67877	1.75454
0.679367	1.74993
0.679965	1.74535
0.680563	1.74079
0.681162	1.73625
0.681761	1.73173
0.68236	1.72723
0.68296	1.72276
0.68356	1.7183
0.68416	1.71386
0.684761	1.70945
0.685362	1.70505
0.685964	1.70067
0.686565	1.69631
0.687168	1.69197
0.68777	1.68765
0.688373	1.68334
0.688977	1.67906
0.68958	1.67479
0.690185	1.67054
0.690789	1.66631
0.691394	1.66209
0.691999	1.65789
0.692605	1.65371
0.693211	1.64955
0.693817	1.6454
0.694424	1.64127
0.695031	1.63715
0.695639	1.63305
0.696246	1.62897
0.696855	1.62491
0.697463	1.62085
0.698072	1.61682
0.698682	1.6128
0.699292	1.60879
0.699902	1.6048
0.700512	1.60083
0.701123	1.59687
0.701734	1.59292
0.702346	1.58899
0.702958	1.58507
0.70357	1.58117
0.704183	1.57728
0.704796	1.5734
0.70541	1.56954
0.706024	1.56569
0.706638	1.56185
0.707253	1.55803
0.707868	1.55422
0.708484	1.55042
0.709099	1.54663
0.709716	1.54286
0.710332	1.5391
0.710949	1.53534
0.711567	1.5316
0.712184	1.52787
0.712802	1.52415
0.713421	1.52044
0.71404	1.51675
0.714659	1.51305
0.715279	1.50937
0.715899	1.5057
0.716519	1.50204
0.71714	1.49838
0.717761	1.49473
0.718383	1.49109
0.719005	1.48745
0.719627	1.48382
0.72025	1.48019
0.720873	1.47657
0.721497	1.47296
0.722121	1.46934
0.722745	1.46573
0.723369	1.46213
0.723995	1.45852
0.72462	1.45492
0.725246	1.45131
0.725872	1.4477
0.726499	1.4441
0.727126	1.44049
0.727753	1.43688
0.728381	1.43326
0.729009	1.42964
0.729638	1.42602
0.730267	1.42239
0.730896	1.41875
0.731526	1.4151
0.732156	1.41145
0.732786	1.40778
0.733417	1.40411
0.734048	1.40042
0.73468	1.39672
0.735312	1.39301
0.735945	1.38928
0.736578	1.38554
0.737211	1.38178
0.737844	1.37801
0.738478	1.37422
0.739113	1.37041
0.739748	1.36658
0.740383	1.36273
0.741019	1.35886
0.741655	1.35497
0.742291	1.35106
0.742928	1.34712
0.743565	1.34317
0.744202	1.33919
0.74484	1.33519
0.745479	1.33116
0.746118	1.32711
0.746757	1.32303
0.747396	1.31894
0.748036	1.31481
0.748677	1.31066
0.749317	1.30649
0.749959	1.30229
0.7506	1.29807
0.751242	1.29382
0.751884	1.28955
0.752527	1.28526
0.75317	1.28094
0.753814	1.27659
0.754458	1.27222
0.755102	1.26783
0.755747	1.26341
0.756392	1.25897
0.757037	1.25451
0.757683	1.25003
0.75833	1.24552
0.758976	1.24099
0.759623	1.23644
0.760271	1.23187
0.760919	1.22727
0.761567	1.22266
0.762216	1.21803
0.762865	1.21338
0.763515	1.20871
0.764165	1.20403
0.764815	1.19934
0.765466	1.19463
0.766117	1.18991
0.766768	1.18518
0.76742	1.18045
0.768073	1.17571
0.768725	1.17097
0.769379	1.16624
0.770032	1.1615
0.770686	1.15677
0.771341	1.15205
0.771995	1.14734
0.772651	1.14265
0.773306	1.13797
0.773962	1.13331
0.774619	1.12867
0.775275	1.12405
0.775933	1.11946
0.77659	1.1149
0.777248	1.11036
0.777907	1.10585
0.778566	1.10138
0.779225	1.09693
0.779885	1.09252
0.780545	1.08813
0.781205	1.08378
0.781866	1.07945
0.782527	1.07516
0.783189	1.07089
0.783851	1.06666
0.784514	1.06245
0.785177	1.05827
0.78584	1.05411
0.786504	1.04998
0.787168	1.04587
0.787833	1.04179
0.788498	1.03773
0.789163	1.0337
0.789829	1.02969
0.790495	1.0257
0.791162	1.02173
0.791829	1.01778
0.792496	1.01386
0.793164	1.00995
0.793833	1.00607
0.794501	1.0022
0.79517	0.99832
0.79584	0.994404
0.79651	0.990462
0.79718	0.986509
0.797851	0.982555
0.798522	0.978605
0.799194	0.974663
0.799866	0.97073
0.800539	0.966806
0.801211	0.962891
0.801885	0.958984
0.802558	0.955084
0.803233	0.951192
0.803907	0.947305
0.804582	0.943424
0.805257	0.939547
0.805933	0.935674
0.80661	0.931804
0.807286	0.927937
0.807963	0.924073
0.808641	0.920211
0.809319	0.91635
0.809997	0.912491
0.810676	0.908633
0.810676	0.908633
0.811355	0.904776
0.812034	0.90092
0.812714	0.897064
0.813395	0.893209
0.814076	0.889354
0.814757	0.8855
0.815439	0.881646
0.816121	0.877793
0.816803	0.873941
0.817486	0.870089
0.81817	0.866238
0.818853	0.862389
0.819538	0.85854
0.820222	0.854692
0.820907	0.850846
0.821593	0.847002
0.822279	0.84316
0.822965	0.83932
0.823652	0.835482
0.824339	0.831646
0.825027	0.827814
0.825715	0.823984
0.826403	0.820158
0.827092	0.816335
0.827782	0.812516
0.828471	0.808701
0.829162	0.80489
0.829852	0.801083
0.830543	0.797281
0.831235	0.793484
0.831927	0.789693
0.832619	0.785906
0.833312	0.782125
0.834005	0.77835
0.834698	0.774581
0.835393	0.770818
0.836087	0.767061
0.836782	0.763311
0.837477	0.759568
0.838173	0.755831
0.838869	0.752101
0.839566	0.748379
0.840263	0.744664
0.84096	0.740957
0.841658	0.737257
0.842357	0.733565
0.843056	0.72988
0.843755	0.726204
0.844454	0.722536
0.845155	0.718875
0.845855	0.715224
0.846556	0.71158
0.847257	0.707945
0.847959	0.704318
0.848662	0.7007
0.849364	0.697091
0.850067	0.69349
0.850771	0.689899
0.851475	0.686315
0.852179	0.682741
0.852884	0.679176
0.85359	0.675619
0.854295	0.672072
0.855002	0.668533
0.855708	0.665004
0.856415	0.661483
0.857123	0.657972
0.857831	0.654469
0.858539	0.650975
0.859248	0.647491
0.859957	0.644015
0.860667	0.640548
0.861377	0.637089
0.862088	0.63364
0.862799	0.630199
0.86351	0.626767
0.864222	0.623344
0.864934	0.619929
0.865647	0.616523
0.86636	0.613125
0.867074	0.609735
0.867788	0.606353
0.868503	0.60298
0.869218	0.599615
0.869933	0.596258
0.870649	0.592909
0.871365	0.589568
0.872082	0.586235
0.872799	0.582912
0.873517	0.579597
0.874235	0.576292
0.874954	0.572996
0.875673	0.56971
0.876392	0.566433
0.877112	0.563165
0.877832	0.559904
0.878553	0.556649
0.879274	0.553397
0.879996	0.550146
0.880718	0.546892
0.881441	0.543632
0.882164	0.540361
0.882887	0.537077
0.883611	0.533777
0.884335	0.530456
0.88506	0.527115
0.885785	0.52375
0.886511	0.520362
0.887237	0.516949
0.887964	0.513511
0.888691	0.510048
0.889418	0.50656
0.890146	0.503047
0.890875	0.499509
0.891604	0.495946
0.892333	0.492357
0.893063	0.488743
0.893793	0.485103
0.894524	0.481437
0.895255	0.477747
0.895986	0.474031
0.896718	0.470289
0.897451	0.466522
0.898184	0.462731
0.898917	0.458914
0.899651	0.455072
0.900385	0.451205
0.90112	0.447314
0.901855	0.443399
0.902591	0.439458
0.903327	0.435494
0.904064	0.431506
0.904801	0.427493
0.905538	0.423457
0.906276	0.419396
0.907014	0.415312
0.907753	0.411205
0.908493	0.407074
0.909232	0.40292
0.909973	0.398742
0.910713	0.394542
0.911454	0.390319
0.912196	0.386073
0.912938	0.381804
0.913681	0.377513
0.914424	0.3732
0.915167	0.368865
0.915911	0.364508
0.916655	0.36013
0.9174	0.355729
0.918146	0.351308
0.918891	0.346866
0.919638	0.342403
0.920384	0.33792
0.921131	0.333417
0.921879	0.328894
0.922627	0.324351
0.923376	0.319789
0.924125	0.315208
0.924874	0.310608
0.925624	0.30599
0.926374	0.301354
0.927125	0.2967
0.927876	0.292029
0.928628	0.287341
0.929381	0.282636
0.930133	0.277915
0.930886	0.273178
0.93164	0.268425
0.932394	0.263657
0.933149	0.258874
0.933904	0.254077
0.934659	0.249265
0.935415	0.24444
0.936172	0.239602
0.936929	0.234751
0.937686	0.229888
0.938444	0.225013
0.939202	0.220128
0.939961	0.215232
0.94072	0.210326
0.94148	0.205412
0.94224	0.20049
0.943001	0.195561
0.943762	0.190626
0.944524	0.185687
0.945286	0.180744
0.946048	0.1758
0.946812	0.170855
0.947575	0.165911
0.948339	0.16097
0.949104	0.156033
0.949868	0.151101
0.950634	0.146177
0.9514	0.141261
0.952166	0.136355
0.952933	0.131459
0.9537	0.126575
0.954468	0.121704
0.955236	0.116846
0.956005	0.111999
0.957019	0.105634
0.958032	0.0992904
0.959046	0.0929561
0.960059	0.0866454
0.961073	0.0803401
0.962086	0.073984
0.9631	0.0675942
0.964114	0.0612293
0.965127	0.054915
0.966141	0.048664
0.967154	0.0424912
0.968168	0.0364146
0.969182	0.0305137
0.970195	0.024772
0.971896	0.0157156
0.973598	0.00787667
0.974448	0.00469238
0.975299	0.00216188
0.975724	0.00121122
0.976149	0.000564012
0.976575	0.000179444
0.977	5.70909e-05
)
