(title "Static Temperature")
(labels "Position" "Static Temperature")

((xy/key/label "axis")
-0.023	294.991
-0.0229699	294.991
-0.0229399	294.991
-0.0229098	294.991
-0.0228797	294.991
-0.0228196	294.991
-0.0227595	294.991
-0.0226392	294.991
-0.022519	294.991
-0.0223987	294.99
-0.0222785	294.989
-0.0221582	294.988
-0.022038	294.987
-0.0219177	294.986
-0.0217975	294.985
-0.0216772	294.984
-0.021557	294.983
-0.0214367	294.982
-0.0213165	294.98
-0.0211962	294.979
-0.021076	294.978
-0.0209557	294.976
-0.0208355	294.975
-0.0207152	294.974
-0.020595	294.973
-0.0204747	294.971
-0.0203545	294.97
-0.0202342	294.969
-0.0201139	294.968
-0.0199937	294.967
-0.0198734	294.965
-0.0197532	294.964
-0.0196329	294.963
-0.0195127	294.962
-0.0193924	294.961
-0.0192722	294.96
-0.0191519	294.96
-0.0190317	294.959
-0.0189114	294.958
-0.0187912	294.957
-0.0186709	294.957
-0.0185507	294.956
-0.0184304	294.955
-0.0183102	294.955
-0.0181899	294.954
-0.0180697	294.954
-0.0179494	294.954
-0.0178292	294.953
-0.0177089	294.953
-0.0175887	294.953
-0.0174684	294.952
-0.0173481	294.952
-0.0172279	294.952
-0.0171076	294.952
-0.0169874	294.952
-0.0168671	294.952
-0.0167469	294.952
-0.0166266	294.952
-0.0165064	294.953
-0.0163861	294.953
-0.0162659	294.953
-0.0161456	294.953
-0.0160254	294.954
-0.0159051	294.954
-0.0157849	294.955
-0.0156646	294.955
-0.0155444	294.956
-0.0154241	294.956
-0.0153039	294.957
-0.0151836	294.957
-0.0150634	294.958
-0.0149431	294.959
-0.0148229	294.96
-0.0147026	294.961
-0.0145823	294.961
-0.0144621	294.962
-0.0143418	294.963
-0.0142216	294.964
-0.0141013	294.965
-0.0139811	294.966
-0.0138608	294.968
-0.0137406	294.969
-0.0136203	294.97
-0.0135001	294.971
-0.013371	294.972
-0.013242	294.974
-0.013113	294.975
-0.0129839	294.976
-0.0128549	294.978
-0.0127259	294.979
-0.0127259	294.979
-0.0125968	294.98
-0.0124678	294.981
-0.0123387	294.983
-0.0122097	294.984
-0.0120807	294.985
-0.0119516	294.986
-0.0118226	294.987
-0.0116936	294.988
-0.0115645	294.989
-0.0114355	294.99
-0.0113064	294.991
-0.0111774	294.991
-0.0110484	294.992
-0.0109193	294.992
-0.0107903	294.992
-0.0106613	294.992
-0.0105322	294.992
-0.0104032	294.991
-0.0102741	294.99
-0.0101451	294.989
-0.0100161	294.988
-0.00988703	294.986
-0.00975799	294.984
-0.00962896	294.982
-0.00949992	294.98
-0.00937967	294.977
-0.00925942	294.974
-0.00913916	294.97
-0.00901891	294.966
-0.00889866	294.962
-0.00877841	294.957
-0.00865815	294.952
-0.0085379	294.946
-0.00841765	294.94
-0.0082974	294.933
-0.00817715	294.926
-0.00805689	294.918
-0.00793664	294.909
-0.00781639	294.9
-0.00769614	294.89
-0.00757589	294.879
-0.00745563	294.867
-0.00733538	294.855
-0.00721513	294.842
-0.00709488	294.828
-0.00697462	294.813
-0.00685437	294.796
-0.00673412	294.779
-0.00661387	294.761
-0.00649362	294.741
-0.00637336	294.721
-0.00625311	294.698
-0.00613286	294.675
-0.00601261	294.65
-0.00589236	294.623
-0.0057721	294.594
-0.00565185	294.564
-0.0055316	294.532
-0.00541135	294.497
-0.00529109	294.46
-0.00517084	294.421
-0.00505059	294.38
-0.00493034	294.335
-0.00481009	294.288
-0.00468983	294.237
-0.00456958	294.183
-0.00444933	294.126
-0.00432908	294.065
-0.00420883	293.999
-0.00408857	293.929
-0.00396832	293.855
-0.00384807	293.775
-0.00372782	293.69
-0.00360756	293.599
-0.00348731	293.502
-0.00336706	293.399
-0.00324681	293.288
-0.00312656	293.17
-0.0030063	293.044
-0.00288605	292.909
-0.0027658	292.765
-0.00264555	292.611
-0.0025253	292.447
-0.00240504	292.272
-0.00228479	292.085
-0.00216454	291.886
-0.00204429	291.674
-0.00192403	291.448
-0.00180378	291.208
-0.00168353	290.953
-0.00156328	290.682
-0.00144303	290.395
-0.00132277	290.091
-0.00120252	289.768
-0.00108227	289.427
-0.000962017	289.066
-0.000841765	288.686
-0.000721513	288.285
-0.000601261	287.864
-0.000481008	287.42
-0.000360756	286.955
-0.000240504	286.467
-0.000120252	285.956
1.62761e-10	285.421
0.000137656	284.78
0.000275313	284.109
0.000412969	283.406
0.000550625	282.672
0.000688281	281.905
0.000825938	281.106
0.000963594	280.274
0.00110125	279.41
0.00123891	278.512
0.00137656	277.581
0.00151422	276.617
0.00165188	275.618
0.00178953	274.585
0.00192719	273.516
0.00206484	272.413
0.0022025	271.273
0.00234016	270.096
0.00247781	268.882
0.00261547	267.63
0.00275313	266.34
0.00289078	265.009
0.00302844	263.639
0.00316609	262.227
0.00330375	260.774
0.00344141	259.278
0.00357906	257.739
0.00371672	256.156
0.00385437	254.528
0.00399203	252.856
0.00412969	251.137
0.00426734	249.372
0.004405	247.558
0.00454266	245.696
0.00468031	243.785
0.00481797	241.826
0.00495562	239.817
0.00509328	237.758
0.00523094	235.651
0.00536859	233.494
0.00550625	231.289
0.00564391	229.038
0.00578156	226.742
0.00591922	224.403
0.00605687	222.025
0.00619453	219.611
0.00633219	217.165
0.00646984	214.691
0.0066075	212.194
0.00674516	209.678
0.00688281	207.149
0.00702047	204.611
0.00715812	202.069
0.00729578	199.529
0.00743344	196.993
0.00757109	194.468
0.00770875	191.957
0.00784641	189.464
0.00798406	186.992
0.00812172	184.546
0.00825937	182.127
0.00839703	179.74
0.00853469	177.385
0.00867234	175.066
0.00881	172.785
0.00894766	170.543
0.00908531	168.341
0.00922297	166.182
0.00936062	164.066
0.00949828	161.995
0.00963594	159.969
0.00977359	157.99
0.00991125	156.058
0.0100489	154.175
0.0101866	152.34
0.0103242	150.556
0.0104619	148.822
0.0105995	147.14
0.0107372	145.512
0.0108748	143.938
0.0110125	142.421
0.0111502	140.961
0.0112878	139.562
0.0114255	138.226
0.0115631	136.957
0.0117008	135.757
0.0118384	134.632
0.0119761	133.586
0.0121137	132.624
0.0122514	131.753
0.0123891	130.979
0.0125267	130.307
0.0126644	129.743
0.012802	129.291
0.0129397	128.954
0.0130773	128.728
0.013215	128.612
0.0133527	128.591
0.0134903	128.645
0.013628	128.763
0.0137656	128.921
0.0139033	129.095
0.0140409	129.261
0.0141786	129.399
0.0143162	129.492
0.0144539	129.535
0.0145916	129.526
0.0147292	129.467
0.0148669	129.361
0.0150045	129.215
0.0151422	129.036
0.0152798	128.831
0.0154175	128.607
0.0155552	128.368
0.0156928	128.116
0.0158305	127.852
0.0159681	127.577
0.0161058	127.29
0.0162434	126.99
0.0163811	126.678
0.0165187	126.352
0.0166564	126.012
0.0167941	125.659
0.0167941	125.659
0.0169317	125.294
0.0170694	124.918
0.017207	124.533
0.0173447	124.139
0.0174823	123.74
0.01762	123.338
0.0177577	122.933
0.0178953	122.527
0.018033	122.122
0.0181706	121.719
0.0183083	121.319
0.0184459	120.922
0.0185836	120.528
0.0187212	120.137
0.0188589	119.749
0.0189966	119.363
0.0191342	118.978
0.0192719	118.595
0.0194095	118.211
0.0195472	117.827
0.0196848	117.441
0.0198225	117.054
0.0199602	116.664
0.0200978	116.272
0.0202355	115.877
0.0203731	115.48
0.0205108	115.08
0.0206484	114.677
0.0207861	114.273
0.0209237	113.868
0.0210614	113.461
0.0211991	113.054
0.0213367	112.647
0.0214744	112.24
0.021612	111.834
0.0217497	111.429
0.0218873	111.026
0.022025	110.624
0.0221627	110.225
0.0223003	109.828
0.022438	109.433
0.0225756	109.041
0.0227133	108.653
0.0228509	108.267
0.0229886	107.884
0.0231262	107.506
0.0232639	107.13
0.0234016	106.759
0.0235392	106.391
0.0236769	106.027
0.0238145	105.667
0.0239522	105.312
0.0240898	104.96
0.0242275	104.612
0.0243652	104.268
0.0245028	103.928
0.0246405	103.592
0.0247781	103.259
0.0249158	102.929
0.0250534	102.602
0.0251911	102.277
0.0253287	101.956
0.0254664	101.636
0.0256041	101.319
0.0257417	101.003
0.0258794	100.689
0.026017	100.377
0.0261547	100.065
0.0262923	99.7557
0.02643	99.4472
0.0265677	99.1399
0.0267053	98.8338
0.026843	98.5289
0.0269806	98.2253
0.0271183	97.9229
0.0272559	97.6218
0.0273936	97.3221
0.0275312	97.0238
0.0276689	96.7269
0.0278066	96.4315
0.0279442	96.1377
0.0280819	95.8455
0.0282195	95.5549
0.0283572	95.266
0.0284948	94.9788
0.0286325	94.6933
0.0287702	94.4097
0.0289078	94.1279
0.0290455	93.848
0.0291831	93.5701
0.0293208	93.2941
0.0294584	93.0203
0.0295961	92.7485
0.0297337	92.479
0.0298714	92.2117
0.0300091	91.9468
0.0301467	91.6843
0.0302844	91.4242
0.030422	91.1667
0.0305597	90.9117
0.0306973	90.6594
0.030835	90.4097
0.0309727	90.1627
0.0311103	89.9184
0.031248	89.6767
0.0313856	89.4377
0.0315233	89.2013
0.0316609	88.9676
0.0317986	88.7363
0.0319362	88.5075
0.0320739	88.2811
0.0322116	88.0569
0.0323492	87.835
0.0324869	87.6151
0.0326245	87.3972
0.0327622	87.1813
0.0328998	86.967
0.0330375	86.7545
0.0331752	86.5435
0.0333128	86.334
0.0334505	86.1258
0.0335881	85.9189
0.0337258	85.7133
0.0338634	85.5088
0.0340011	85.3054
0.0341387	85.103
0.0342764	84.9016
0.0344141	84.7012
0.0345517	84.5018
0.0346894	84.3033
0.034827	84.1058
0.0349647	83.9093
0.0351023	83.7138
0.03524	83.5193
0.0353777	83.3258
0.0355153	83.1334
0.035653	82.9422
0.0357906	82.7522
0.0359283	82.5634
0.0360659	82.3759
0.0362036	82.1898
0.0363412	82.0051
0.0364789	81.8218
0.0366166	81.6401
0.0367542	81.4599
0.0368919	81.2814
0.0370295	81.1045
0.0371672	80.9294
0.0373048	80.756
0.0374425	80.5844
0.0375802	80.4146
0.0377178	80.2467
0.0378555	80.0806
0.0379931	79.9165
0.0381308	79.7542
0.0382684	79.5938
0.0384061	79.4353
0.0385437	79.2787
0.0386814	79.124
0.0388191	78.9711
0.0389567	78.8201
0.0390944	78.6709
0.039232	78.5235
0.0393697	78.3778
0.0395073	78.2338
0.039645	78.0914
0.0397827	77.9507
0.0399203	77.8116
0.040058	77.6739
0.0401956	77.5377
0.0403333	77.403
0.0404709	77.2696
0.0406086	77.1375
0.0407462	77.0066
0.0408839	76.877
0.0410216	76.7486
0.0411592	76.6212
0.0412969	76.4949
0.0414345	76.3696
0.0415722	76.2453
0.0417098	76.122
0.0418475	75.9995
0.0419852	75.8779
0.0421228	75.7572
0.0422605	75.6373
0.0423981	75.5182
0.0425358	75.3999
0.0426734	75.2824
0.0428111	75.1656
0.0429487	75.0495
0.0430864	74.9342
0.0432241	74.8197
0.0433617	74.7059
0.0434994	74.5928
0.043637	74.4805
0.0437747	74.3689
0.0439123	74.2581
0.04405	74.1481
0.0441877	74.0389
0.0443253	73.9304
0.044463	73.8228
0.0446006	73.7161
0.0447383	73.6101
0.0448759	73.5051
0.0450136	73.4009
0.0451512	73.2977
0.0452889	73.1953
0.0454266	73.0939
0.0455642	72.9934
0.0457019	72.894
0.0458395	72.7955
0.0459772	72.698
0.0461148	72.6015
0.0462525	72.5061
0.0463902	72.4117
0.0465278	72.3185
0.0466655	72.2262
0.0468031	72.1351
0.0469408	72.0451
0.0470784	71.9562
0.0472161	71.8685
0.0473537	71.7819
0.0474914	71.6965
0.0476291	71.6122
0.0477667	71.5291
0.0479044	71.4472
0.048042	71.3664
0.0481797	71.2869
0.0483173	71.2085
0.048455	71.1314
0.0485927	71.0554
0.0487303	70.9807
0.048868	70.9071
0.0490056	70.8348
0.0491433	70.7637
0.0492809	70.6937
0.0494186	70.625
0.0495562	70.5574
0.0496939	70.491
0.0498316	70.4258
0.0499692	70.3618
0.0501069	70.2989
0.0502445	70.2372
0.0503822	70.1766
0.0505198	70.1172
0.0506575	70.0589
0.0507952	70.0017
0.0509328	69.9456
0.0510705	69.8907
0.0512081	69.8368
0.0512081	69.8368
0.0513458	69.784
0.0514834	69.7323
0.0516211	69.6817
0.0517587	69.6321
0.0518964	69.5836
0.0520341	69.5362
0.0521717	69.4898
0.0523094	69.4445
0.052447	69.4002
0.0525847	69.357
0.0527223	69.3148
0.05286	69.2736
0.0529977	69.2335
0.0531353	69.1944
0.053273	69.1564
0.0534106	69.1194
0.0535483	69.0835
0.0536859	69.0486
0.0538236	69.0147
0.0539612	68.9818
0.0540989	68.9501
0.0542366	68.9193
0.0543742	68.8896
0.0545119	68.8609
0.0546495	68.8332
0.0547872	68.8066
0.0549248	68.781
0.0550625	68.7563
0.0552002	68.7327
0.0553378	68.7101
0.0554755	68.6885
0.0556131	68.6678
0.0557508	68.6481
0.0558884	68.6294
0.0560261	68.6116
0.0561637	68.5947
0.0563014	68.5788
0.0564391	68.5637
0.0565767	68.5495
0.0567144	68.5362
0.056852	68.5238
0.0569897	68.5121
0.0571273	68.5013
0.057265	68.4913
0.0574027	68.4821
0.0575403	68.4737
0.057678	68.4661
0.0578156	68.4592
0.0579533	68.453
0.0580909	68.4476
0.0582286	68.443
0.0583662	68.439
0.0585039	68.4358
0.0586416	68.4333
0.0587792	68.4315
0.0589169	68.4304
0.0590545	68.4301
0.0591922	68.4305
0.0593298	68.4316
0.0594675	68.4334
0.0596052	68.436
0.0597428	68.4393
0.0598805	68.4434
0.0600181	68.4483
0.0601558	68.454
0.0602934	68.4605
0.0604311	68.4678
0.0605687	68.4759
0.0607064	68.4849
0.0608441	68.4947
0.0609817	68.5054
0.0611194	68.5171
0.061257	68.5296
0.0613947	68.543
0.0615323	68.5574
0.06167	68.5727
0.0618077	68.589
0.0619453	68.6063
0.062083	68.6245
0.0622206	68.6438
0.0623583	68.664
0.0624959	68.6852
0.0626336	68.7075
0.0627712	68.7308
0.0629089	68.7551
0.0630466	68.7804
0.0631842	68.8067
0.0633219	68.8341
0.0634595	68.8624
0.0635972	68.8918
0.0637348	68.9222
0.0638725	68.9537
0.0640102	68.9861
0.0641478	69.0195
0.0642855	69.0539
0.0644231	69.0893
0.0645608	69.1257
0.0646984	69.1631
0.0648361	69.2014
0.0649737	69.2407
0.0651114	69.2809
0.0652491	69.322
0.0653867	69.3641
0.0655244	69.4071
0.065662	69.451
0.0657997	69.4958
0.0659373	69.5415
0.066075	69.588
0.0662127	69.6355
0.0663503	69.6838
0.066488	69.733
0.0666256	69.783
0.0667633	69.8339
0.0669009	69.8857
0.0670386	69.9382
0.0671762	69.9916
0.0671762	69.9916
0.0673139	70.0458
0.0674516	70.1008
0.0675892	70.1567
0.0677269	70.2133
0.0678645	70.2707
0.0680022	70.3289
0.0681398	70.3879
0.0682775	70.4477
0.0684152	70.5082
0.0685528	70.5695
0.0686905	70.6316
0.0688281	70.6944
0.0689658	70.7579
0.0691034	70.8221
0.0692411	70.8871
0.0693787	70.9528
0.0695164	71.0192
0.0696541	71.0862
0.0697917	71.154
0.0699294	71.2224
0.070067	71.2915
0.0702047	71.3612
0.0703423	71.4316
0.07048	71.5026
0.0706177	71.5742
0.0707553	71.6464
0.070893	71.7192
0.0710306	71.7926
0.0711683	71.8665
0.0713059	71.9409
0.0714436	72.0158
0.0715812	72.0913
0.0717189	72.1672
0.0718566	72.2435
0.0719942	72.3203
0.0721319	72.3975
0.0722695	72.4751
0.0724072	72.553
0.0725448	72.6313
0.0726825	72.7098
0.0728201	72.7886
0.0729578	72.8676
0.0730955	72.9468
0.0732331	73.0261
0.0733708	73.1056
0.0735084	73.1851
0.0736461	73.2647
0.0737837	73.3442
0.0739214	73.4237
0.0740591	73.503
0.0741967	73.5822
0.0743344	73.6612
0.074472	73.7399
0.0746097	73.8183
0.0747473	73.8963
0.074885	73.9739
0.0750227	74.051
0.0751603	74.1275
0.075298	74.2034
0.0754356	74.2786
0.0755733	74.3531
0.0757109	74.4267
0.0758486	74.4995
0.0759862	74.5713
0.0761239	74.6421
0.0762616	74.7118
0.0763992	74.7804
0.0765369	74.8478
0.0766745	74.9138
0.0768122	74.9786
0.0769498	75.0419
0.0770875	75.1038
0.0772251	75.1642
0.0773628	75.223
0.0775005	75.2801
0.0776381	75.3356
0.0777758	75.3893
0.0779134	75.4412
0.0780511	75.4913
0.0781887	75.5395
0.0783264	75.5859
0.0784641	75.6303
0.0786017	75.6727
0.0787394	75.7132
0.078877	75.7516
0.0790147	75.788
0.0791523	75.8224
0.07929	75.8548
0.0794277	75.8851
0.0795653	75.9134
0.079703	75.9397
0.0798406	75.9639
0.0799783	75.9861
0.0801159	76.0064
0.0802536	76.0246
0.0803912	76.041
0.0805289	76.0554
0.0806666	76.0679
0.0808042	76.0786
0.0809419	76.0875
0.0810795	76.0945
0.0812172	76.0999
0.0813548	76.1035
0.0814925	76.1055
0.0816302	76.1059
0.0817678	76.1047
0.0819055	76.102
0.0820431	76.0978
0.0821808	76.0922
0.0823184	76.0852
0.0824561	76.0769
0.0825937	76.0672
0.0827314	76.0563
0.0828691	76.0442
0.0830067	76.031
0.0831444	76.0166
0.083282	76.0012
0.0834197	75.9847
0.0835573	75.9672
0.083695	75.9488
0.0838327	75.9295
0.0839703	75.9092
0.084108	75.8882
0.0842456	75.8663
0.0843833	75.8436
0.0845209	75.8202
0.0846586	75.7961
0.0847962	75.7713
0.0849339	75.7459
0.0850716	75.7198
0.0852092	75.6932
0.0853469	75.666
0.0854845	75.6382
0.0856222	75.6099
0.0857598	75.5812
0.0858975	75.5519
0.0860352	75.5222
0.0861728	75.4921
0.0863105	75.4616
0.0864481	75.4307
0.0865858	75.3995
0.0867234	75.3679
0.0868611	75.336
0.0869987	75.3038
0.0871364	75.2713
0.0872741	75.2386
0.0874117	75.2056
0.0875494	75.1724
0.087687	75.1391
0.0878247	75.1055
0.0879623	75.0717
0.0881	75.0378
0.0883314	74.9805
0.088563	74.9229
0.0887947	74.865
0.0890266	74.8069
0.0892586	74.7487
0.0894907	74.6904
0.089723	74.6321
0.0899554	74.5738
0.090188	74.5157
0.0904207	74.4577
0.0906536	74.4
0.0908866	74.3425
0.0911197	74.2853
0.091353	74.2285
0.0915865	74.1721
0.0918201	74.1161
0.0920538	74.0605
0.0922877	74.0055
0.0925217	73.9509
0.0927559	73.8969
0.0929902	73.8435
0.0932246	73.7907
0.0934592	73.7386
0.093694	73.687
0.0939289	73.6362
0.0941639	73.586
0.0943991	73.5365
0.0946344	73.4878
0.0948699	73.4398
0.0951055	73.3926
0.0953413	73.3462
0.0955772	73.3006
0.0958132	73.2559
0.0960494	73.212
0.0962858	73.169
0.0965223	73.127
0.0967589	73.0859
0.0969957	73.0457
0.0972327	73.0066
0.0974697	72.9684
0.097707	72.9313
0.0979444	72.8953
0.0981819	72.8603
0.0984196	72.8264
0.0986574	72.7937
0.0988953	72.7621
0.0991335	72.7317
0.0993717	72.7025
0.0996101	72.6744
0.0998487	72.6476
0.100087	72.622
0.100326	72.5976
0.100565	72.5745
0.100804	72.5526
0.101044	72.5321
0.101283	72.5128
0.101523	72.4947
0.101762	72.478
0.102002	72.4626
0.102242	72.4484
0.102483	72.4356
0.102723	72.4241
0.102963	72.4138
0.103204	72.4049
0.103445	72.3972
0.103686	72.3908
0.103927	72.3856
0.104168	72.3817
0.104409	72.379
0.104651	72.3774
0.104893	72.3771
0.105135	72.3778
0.105376	72.3796
0.105619	72.3825
0.105861	72.3863
0.106103	72.3911
0.106346	72.3967
0.106589	72.4031
0.106832	72.4103
0.107075	72.4181
0.107318	72.4264
0.107561	72.4352
0.107805	72.4443
0.108048	72.4537
0.108292	72.4631
0.108536	72.4726
0.10878	72.482
0.109024	72.4911
0.109269	72.4998
0.109513	72.5079
0.109758	72.5154
0.110003	72.5219
0.110248	72.5275
0.110493	72.5319
0.110738	72.535
0.110984	72.5366
0.111229	72.5366
0.111475	72.5347
0.111721	72.5308
0.111967	72.5248
0.112213	72.5165
0.11246	72.5058
0.112706	72.4925
0.112953	72.4764
0.1132	72.4574
0.113447	72.4355
0.113694	72.4103
0.113941	72.3819
0.114188	72.3502
0.114436	72.3149
0.114684	72.2761
0.114932	72.2336
0.11518	72.1874
0.115428	72.1373
0.115676	72.0834
0.115925	72.0256
0.116173	71.9637
0.116422	71.8979
0.116671	71.828
0.11692	71.7542
0.11717	71.6763
0.117419	71.5943
0.117669	71.5084
0.117918	71.4184
0.118168	71.3245
0.118418	71.2267
0.118418	71.2267
0.118669	71.1251
0.118919	71.0196
0.119169	70.9104
0.11942	70.7974
0.119671	70.6809
0.119922	70.5608
0.120173	70.4373
0.120424	70.3104
0.120676	70.1802
0.120927	70.0468
0.121179	69.9103
0.121431	69.7708
0.121683	69.6283
0.121935	69.4831
0.122188	69.3352
0.12244	69.1846
0.122693	69.0315
0.122946	68.8761
0.123199	68.7183
0.123452	68.5584
0.123705	68.3964
0.123959	68.2324
0.124213	68.0665
0.124466	67.8989
0.12472	67.7296
0.124975	67.5588
0.125229	67.3865
0.125483	67.2129
0.125738	67.038
0.125993	66.862
0.126247	66.685
0.126503	66.5071
0.126758	66.3284
0.127013	66.1489
0.127269	65.9689
0.127524	65.7884
0.12778	65.6075
0.128036	65.4264
0.128292	65.2451
0.128549	65.0638
0.128805	64.8826
0.129062	64.7015
0.129319	64.5208
0.129576	64.3406
0.129833	64.161
0.13009	63.9821
0.130347	63.8041
0.130605	63.6271
0.130863	63.4514
0.131121	63.277
0.131379	63.1043
0.131637	62.9334
0.131896	62.7646
0.132154	62.5981
0.132413	62.4342
0.132672	62.2733
0.132931	62.1158
0.13319	61.962
0.133449	61.8126
0.133709	61.6681
0.133969	61.5291
0.134228	61.3964
0.134488	61.2709
0.134749	61.1537
0.135009	61.046
0.135269	60.9492
0.13553	60.8651
0.135791	60.7955
0.136052	60.7429
0.136313	60.7099
0.136574	60.6996
0.136836	60.716
0.137097	60.7635
0.137359	60.8472
0.137621	60.9735
0.137883	61.1495
0.138145	61.3826
0.138408	61.6819
0.13867	62.0574
0.138933	62.5193
0.139196	63.0785
0.139459	63.7457
0.139722	64.5301
0.139986	65.4376
0.140249	66.4686
0.140513	67.6156
0.140777	68.8617
0.141041	70.1774
0.141305	71.5269
0.14157	72.8658
0.141834	74.1418
0.142099	75.307
0.142364	76.3211
0.142629	77.1568
0.142894	77.8017
0.14316	78.2592
0.143425	78.5435
0.143691	78.6776
0.143957	78.6825
0.144223	78.5879
0.144489	78.4228
0.144755	78.2008
0.145022	77.9388
0.145289	77.6512
0.145555	77.349
0.145822	77.0419
0.14609	76.7362
0.146357	76.4367
0.146625	76.1462
0.146892	75.8665
0.14716	75.5987
0.147428	75.343
0.147696	75.0993
0.147965	74.8673
0.148233	74.6464
0.148502	74.4359
0.148771	74.2352
0.14904	74.0435
0.149309	73.8601
0.149578	73.6843
0.149848	73.5156
0.150117	73.3532
0.150387	73.1968
0.150657	73.0457
0.150928	72.8995
0.151198	72.7578
0.151468	72.6202
0.151739	72.4864
0.15201	72.356
0.152281	72.2289
0.152552	72.1047
0.152824	71.9833
0.153095	71.8644
0.153095	71.8644
0.153367	71.748
0.153639	71.6337
0.153911	71.5215
0.154183	71.4113
0.154455	71.3028
0.154728	71.1962
0.155001	71.0911
0.155273	70.9876
0.155546	70.8855
0.15582	70.7849
0.156093	70.6856
0.156367	70.5877
0.15664	70.4911
0.156914	70.3957
0.157188	70.3016
0.157463	70.2087
0.157737	70.1171
0.158012	70.0267
0.158286	69.9375
0.158561	69.8496
0.158836	69.763
0.159112	69.6776
0.159387	69.5936
0.159663	69.5109
0.159938	69.4296
0.160214	69.3497
0.16049	69.2713
0.160767	69.1942
0.161043	69.1187
0.16132	69.0448
0.161597	68.9724
0.161873	68.9016
0.162151	68.8324
0.162428	68.765
0.162705	68.6994
0.162983	68.6356
0.163261	68.5738
0.163539	68.5139
0.163817	68.4561
0.164095	68.4005
0.164374	68.3471
0.164653	68.2961
0.164931	68.2476
0.165211	68.2016
0.16549	68.1583
0.165769	68.1178
0.166049	68.0801
0.166328	68.0455
0.166608	68.014
0.166888	67.9858
0.167169	67.961
0.167449	67.9397
0.16773	67.9221
0.16801	67.9083
0.168291	67.8984
0.168572	67.8926
0.168854	67.8912
0.169135	67.8941
0.169417	67.9017
0.169699	67.9139
0.169981	67.9312
0.170263	67.9534
0.170545	67.981
0.170828	68.0139
0.17111	68.0523
0.171393	68.0965
0.171676	68.1464
0.171959	68.2023
0.172243	68.2642
0.172526	68.3322
0.17281	68.4064
0.173094	68.4869
0.173378	68.5737
0.173662	68.6667
0.173947	68.766
0.174231	68.8715
0.174516	68.9832
0.174801	69.1008
0.175086	69.2243
0.175372	69.3534
0.175657	69.4879
0.175943	69.6275
0.176229	69.7719
0.176515	69.9206
0.176801	70.0734
0.177087	70.2297
0.177374	70.3891
0.177661	70.551
0.177948	70.7149
0.178235	70.8802
0.178522	71.0463
0.178809	71.2126
0.179097	71.3785
0.179385	71.5435
0.179673	71.7068
0.179961	71.8681
0.180249	72.0266
0.180538	72.1819
0.180827	72.3335
0.181115	72.481
0.181405	72.6239
0.181694	72.762
0.181983	72.895
0.182273	73.0225
0.182563	73.1445
0.182853	73.2607
0.183143	73.3711
0.183433	73.4757
0.183723	73.5744
0.184014	73.6673
0.184305	73.7544
0.184596	73.8358
0.184887	73.9118
0.185179	73.9823
0.18547	74.0477
0.185762	74.108
0.186054	74.1634
0.186346	74.2143
0.186638	74.2607
0.186931	74.3028
0.187224	74.341
0.187516	74.3754
0.187809	74.4061
0.188103	74.4335
0.188396	74.4576
0.18869	74.4787
0.188983	74.497
0.189277	74.5127
0.189571	74.5258
0.189866	74.5367
0.19016	74.5453
0.190455	74.552
0.19075	74.5567
0.191045	74.5597
0.19134	74.5611
0.191635	74.5609
0.191931	74.5594
0.192227	74.5566
0.192523	74.5526
0.192819	74.5475
0.193115	74.5415
0.193412	74.5345
0.193708	74.5268
0.194005	74.5183
0.194302	74.5091
0.194599	74.4994
0.194897	74.4892
0.195194	74.4785
0.195492	74.4675
0.19579	74.4561
0.196088	74.4446
0.196387	74.4328
0.196685	74.421
0.196984	74.409
0.197283	74.3971
0.197582	74.3852
0.197881	74.3735
0.198181	74.3619
0.19848	74.3505
0.19878	74.3394
0.19908	74.3287
0.19938	74.3183
0.199681	74.3083
0.199981	74.2988
0.200282	74.2898
0.200583	74.2814
0.200884	74.2736
0.201185	74.2665
0.201487	74.26
0.201789	74.2543
0.20209	74.2494
0.202392	74.2453
0.202695	74.242
0.202997	74.2396
0.2033	74.2381
0.203603	74.2376
0.203906	74.238
0.204209	74.2393
0.204512	74.2416
0.204816	74.2449
0.205119	74.2492
0.205423	74.2545
0.205727	74.2607
0.206032	74.2679
0.206336	74.2761
0.206641	74.2851
0.206946	74.295
0.207251	74.3057
0.207556	74.3173
0.207862	74.3295
0.208167	74.3424
0.208473	74.3559
0.208779	74.3699
0.209085	74.3842
0.209392	74.399
0.209698	74.4139
0.210005	74.429
0.210312	74.444
0.210619	74.459
0.210927	74.4737
0.211234	74.488
0.211542	74.5018
0.21185	74.515
0.212158	74.5273
0.212466	74.5388
0.212775	74.5492
0.213083	74.5583
0.213392	74.5661
0.213701	74.5724
0.21401	74.5771
0.21432	74.58
0.21463	74.581
0.214939	74.58
0.215249	74.5769
0.21556	74.5715
0.21587	74.5638
0.216181	74.5536
0.216491	74.5408
0.216802	74.5254
0.217114	74.5074
0.217425	74.4865
0.217736	74.4629
0.218048	74.4364
0.21836	74.407
0.218672	74.3747
0.218985	74.3394
0.219297	74.3012
0.21961	74.26
0.219923	74.2159
0.220236	74.1689
0.220549	74.1189
0.220863	74.066
0.221176	74.0102
0.22149	73.9516
0.221804	73.8903
0.222119	73.8261
0.222433	73.7593
0.222748	73.6897
0.223063	73.6175
0.223378	73.5427
0.223693	73.4654
0.224008	73.3855
0.224324	73.3031
0.22464	73.2181
0.224956	73.1307
0.225272	73.0407
0.225589	72.9483
0.225905	72.8532
0.226222	72.7556
0.226539	72.6553
0.226856	72.5524
0.227174	72.4467
0.227491	72.3381
0.227809	72.2266
0.228127	72.1121
0.228445	71.9945
0.228764	71.8737
0.229082	71.7496
0.229401	71.6222
0.22972	71.4914
0.230039	71.3572
0.230039	71.3572
0.230358	71.2194
0.230678	71.0783
0.230998	70.9336
0.231318	70.7856
0.231638	70.6342
0.231958	70.4797
0.232279	70.3222
0.2326	70.1618
0.232921	69.9987
0.233242	69.8334
0.233563	69.6659
0.233885	69.4968
0.234206	69.3263
0.234528	69.1549
0.234851	68.9829
0.235173	68.8109
0.235495	68.6394
0.235818	68.4688
0.236141	68.2998
0.236464	68.1328
0.236788	67.9685
0.237111	67.8075
0.237435	67.6505
0.237759	67.4981
0.238083	67.351
0.238408	67.2099
0.238732	67.0756
0.239057	66.9488
0.239382	66.8304
0.239707	66.7211
0.240032	66.6218
0.240358	66.5334
0.240684	66.4568
0.24101	66.3929
0.241336	66.3426
0.241662	66.307
0.241989	66.2868
0.242316	66.2831
0.242643	66.2968
0.24297	66.3289
0.243297	66.3801
0.243625	66.4513
0.243953	66.5432
0.244281	66.6564
0.244609	66.7912
0.244937	66.9478
0.245266	67.1261
0.245595	67.3258
0.245924	67.5461
0.246253	67.7858
0.246582	68.0433
0.246912	68.3166
0.247242	68.6032
0.247572	68.9004
0.247902	69.2048
0.248232	69.5129
0.248563	69.821
0.248894	70.1254
0.249225	70.4223
0.249556	70.7083
0.249888	70.9801
0.250219	71.2351
0.250551	71.4708
0.250883	71.6857
0.251216	71.8785
0.251548	72.0486
0.251881	72.196
0.252214	72.3209
0.252547	72.424
0.25288	72.5065
0.253214	72.5695
0.253547	72.6145
0.253881	72.643
0.254216	72.6564
0.25455	72.6564
0.254884	72.6442
0.255219	72.6214
0.255554	72.589
0.255889	72.5482
0.256225	72.5001
0.25656	72.4455
0.256896	72.3854
0.257232	72.3204
0.257568	72.2512
0.257905	72.1785
0.258242	72.1027
0.258578	72.0242
0.258915	71.9435
0.259253	71.8609
0.25959	71.7767
0.259928	71.6912
0.260266	71.6046
0.260604	71.517
0.260942	71.4286
0.261281	71.3397
0.261619	71.2502
0.261958	71.1604
0.262298	71.0703
0.262637	70.9801
0.262976	70.8898
0.263316	70.7994
0.263656	70.7091
0.263996	70.619
0.264337	70.529
0.264678	70.4393
0.265018	70.3499
0.265359	70.2609
0.265701	70.1723
0.266042	70.0842
0.266384	69.9966
0.266726	69.9097
0.267068	69.8236
0.26741	69.7382
0.267753	69.6536
0.268095	69.5701
0.268438	69.4875
0.268782	69.4062
0.269125	69.326
0.269469	69.2473
0.269812	69.1701
0.270156	69.0944
0.270501	69.0206
0.270845	68.9486
0.27119	68.8787
0.271535	68.811
0.27188	68.7457
0.272225	68.6829
0.272571	68.6228
0.272916	68.5656
0.273262	68.5115
0.273608	68.4607
0.273955	68.4134
0.274301	68.3697
0.274648	68.33
0.274995	68.2943
0.275342	68.263
0.27569	68.2362
0.276038	68.2141
0.276385	68.1969
0.276733	68.1849
0.277082	68.1782
0.27743	68.177
0.277779	68.1814
0.278128	68.1918
0.278477	68.2082
0.278827	68.2307
0.279176	68.2595
0.279526	68.2948
0.279876	68.3365
0.280226	68.3848
0.280577	68.4397
0.280927	68.5012
0.281278	68.5692
0.28163	68.6439
0.281981	68.7249
0.282332	68.8123
0.282684	68.9058
0.283036	69.0052
0.283388	69.1104
0.283741	69.2209
0.284093	69.3365
0.284446	69.4568
0.284799	69.5815
0.285153	69.7099
0.285506	69.8419
0.28586	69.9767
0.286214	70.1139
0.286568	70.253
0.286923	70.3935
0.287277	70.5348
0.287632	70.6765
0.287987	70.8178
0.288342	70.9585
0.288698	71.0979
0.289054	71.2357
0.28941	71.3713
0.289766	71.5045
0.290122	71.6349
0.290479	71.7621
0.290836	71.8858
0.291193	72.006
0.29155	72.1223
0.291907	72.2347
0.292265	72.3429
0.292623	72.4471
0.292981	72.5471
0.29334	72.6429
0.293698	72.7346
0.294057	72.8223
0.294416	72.906
0.294775	72.9857
0.295135	73.0617
0.295494	73.1341
0.295854	73.2029
0.296215	73.2684
0.296575	73.3307
0.296936	73.39
0.297296	73.4464
0.297657	73.5001
0.298019	73.5512
0.29838	73.6
0.298742	73.6465
0.299104	73.691
0.299466	73.7335
0.299828	73.7742
0.300191	73.8133
0.300554	73.8509
0.300917	73.8871
0.30128	73.922
0.301644	73.9557
0.302008	73.9884
0.302372	74.0201
0.302736	74.051
0.3031	74.0811
0.303465	74.1105
0.30383	74.1392
0.304195	74.1673
0.30456	74.1949
0.304926	74.222
0.305291	74.2486
0.305657	74.2748
0.306024	74.3007
0.30639	74.3261
0.306757	74.3511
0.307124	74.3757
0.307491	74.3999
0.307858	74.4237
0.308226	74.4471
0.308594	74.47
0.308962	74.4925
0.30933	74.5144
0.309699	74.5357
0.310067	74.5564
0.310436	74.5765
0.310805	74.5959
0.311175	74.6145
0.311545	74.6323
0.311914	74.6493
0.312284	74.6654
0.312655	74.6805
0.313025	74.6946
0.313396	74.7077
0.313767	74.7197
0.314139	74.7306
0.31451	74.7404
0.314882	74.7489
0.315254	74.7562
0.315626	74.7623
0.315998	74.7671
0.316371	74.7706
0.316744	74.7728
0.317117	74.7736
0.31749	74.7732
0.317864	74.7713
0.318238	74.7681
0.318612	74.7635
0.318986	74.7575
0.31936	74.7501
0.319735	74.7413
0.32011	74.731
0.320485	74.7193
0.320861	74.7061
0.321236	74.6914
0.321612	74.6752
0.321988	74.6574
0.322365	74.6381
0.322741	74.6172
0.323118	74.5946
0.323495	74.5704
0.323872	74.5444
0.32425	74.5167
0.324628	74.4871
0.325006	74.4557
0.325384	74.4224
0.325762	74.3871
0.325762	74.3871
0.326141	74.3498
0.32652	74.3105
0.326899	74.269
0.327278	74.2254
0.327658	74.1797
0.328038	74.1316
0.328418	74.0813
0.328798	74.0287
0.329179	73.9738
0.32956	73.9165
0.329941	73.8569
0.330322	73.7949
0.330704	73.7305
0.331085	73.6638
0.331467	73.5948
0.33185	73.5236
0.332232	73.4501
0.332615	73.3745
0.332998	73.2968
0.333381	73.2171
0.333764	73.1356
0.334148	73.0522
0.334532	72.9672
0.334916	72.8807
0.3353	72.7927
0.335685	72.7036
0.33607	72.6134
0.336455	72.5223
0.33684	72.4304
0.337226	72.3381
0.337612	72.2454
0.337998	72.1525
0.338384	72.0598
0.33877	71.9672
0.339157	71.8752
0.339544	71.7838
0.339931	71.6933
0.340319	71.6039
0.340706	71.5158
0.341094	71.4292
0.341483	71.3443
0.341871	71.2613
0.34226	71.1804
0.342649	71.1017
0.343038	71.0256
0.343427	70.952
0.343817	70.8813
0.344207	70.8135
0.344597	70.7488
0.344987	70.6874
0.345378	70.6293
0.345769	70.5748
0.34616	70.5238
0.346551	70.4766
0.346943	70.4331
0.347334	70.3934
0.347727	70.3577
0.348119	70.3259
0.348511	70.298
0.348904	70.2741
0.349297	70.2542
0.34969	70.2382
0.350084	70.2261
0.350478	70.2179
0.350872	70.2134
0.351266	70.2125
0.35166	70.2153
0.352055	70.2214
0.35245	70.2309
0.352845	70.2435
0.353241	70.2591
0.353637	70.2774
0.354033	70.2983
0.354429	70.3216
0.354825	70.3471
0.355222	70.3744
0.355619	70.4034
0.356016	70.4339
0.356414	70.4655
0.356811	70.4981
0.357209	70.5313
0.357607	70.565
0.358006	70.5989
0.358404	70.6327
0.358803	70.6662
0.359202	70.6993
0.359602	70.7316
0.360002	70.7629
0.360401	70.7932
0.360802	70.8221
0.361202	70.8496
0.361603	70.8755
0.362004	70.8997
0.362405	70.922
0.362806	70.9424
0.363208	70.9607
0.36361	70.977
0.364012	70.9911
0.364414	71.003
0.364817	71.0127
0.36522	71.0203
0.365623	71.0256
0.366026	71.0288
0.36643	71.0299
0.366834	71.0289
0.367238	71.0258
0.367642	71.0209
0.368047	71.014
0.368452	71.0054
0.368857	70.9951
0.369262	70.9832
0.369668	70.9698
0.370074	70.9551
0.37048	70.9392
0.370886	70.9222
0.371293	70.9042
0.3717	70.8853
0.372107	70.8658
0.372515	70.8457
0.372922	70.8251
0.37333	70.8043
0.373738	70.7833
0.374147	70.7624
0.374555	70.7415
0.374964	70.721
0.375374	70.7009
0.375783	70.6813
0.376193	70.6624
0.376603	70.6443
0.377013	70.6272
0.377423	70.6112
0.377834	70.5963
0.378245	70.5829
0.378656	70.5708
0.379068	70.5603
0.379479	70.5515
0.379891	70.5445
0.380304	70.5393
0.380716	70.5361
0.381129	70.5349
0.381542	70.5359
0.381955	70.5391
0.382369	70.5446
0.382782	70.5524
0.383196	70.5626
0.383611	70.5753
0.384025	70.5904
0.38444	70.6081
0.384855	70.6283
0.38527	70.6511
0.385686	70.6765
0.386102	70.7045
0.386518	70.735
0.386934	70.7681
0.387351	70.8038
0.387767	70.8419
0.388185	70.8825
0.388602	70.9256
0.38902	70.971
0.389437	71.0187
0.389856	71.0687
0.390274	71.1208
0.390693	71.175
0.391112	71.2312
0.391531	71.2893
0.39195	71.3492
0.39237	71.4108
0.39279	71.4739
0.39321	71.5385
0.393631	71.6044
0.394051	71.6715
0.394472	71.7397
0.394894	71.8089
0.395315	71.8789
0.395737	71.9496
0.396159	72.0209
0.396581	72.0927
0.397004	72.1647
0.397427	72.237
0.39785	72.3094
0.398273	72.3817
0.398697	72.4538
0.399121	72.5257
0.399545	72.5972
0.399969	72.6683
0.400394	72.7387
0.400819	72.8085
0.401244	72.8775
0.40167	72.9457
0.402095	73.013
0.402521	73.0792
0.402948	73.1444
0.403374	73.2084
0.403801	73.2713
0.404228	73.3328
0.404655	73.3931
0.405083	73.452
0.405511	73.5095
0.405939	73.5655
0.406367	73.6201
0.406796	73.6731
0.407225	73.7246
0.407654	73.7745
0.408083	73.8227
0.408513	73.8693
0.408943	73.9143
0.409373	73.9575
0.409804	73.999
0.410234	74.0388
0.410665	74.0768
0.411097	74.1131
0.411528	74.1475
0.41196	74.1802
0.412392	74.211
0.412825	74.24
0.413257	74.2672
0.41369	74.2925
0.414123	74.316
0.414557	74.3376
0.41499	74.3573
0.415424	74.3751
0.415859	74.391
0.416293	74.4051
0.416728	74.4172
0.417163	74.4275
0.417598	74.4359
0.418034	74.4424
0.41847	74.447
0.418906	74.4497
0.419342	74.4506
0.419779	74.4496
0.420216	74.4468
0.420216	74.4468
0.420653	74.4422
0.421091	74.4358
0.421528	74.4277
0.421967	74.4177
0.422405	74.4061
0.422843	74.3928
0.423282	74.3778
0.423721	74.3612
0.424161	74.3431
0.4246	74.3233
0.42504	74.3021
0.425481	74.2794
0.425921	74.2553
0.426362	74.2299
0.426803	74.2031
0.427244	74.1751
0.427686	74.1459
0.428128	74.1156
0.42857	74.0842
0.429012	74.0518
0.429455	74.0184
0.429898	73.9841
0.430341	73.9491
0.430784	73.9132
0.431228	73.8767
0.431672	73.8395
0.432117	73.8018
0.432561	73.7636
0.433006	73.7249
0.433451	73.6859
0.433897	73.6466
0.434342	73.6071
0.434788	73.5675
0.435234	73.5277
0.435681	73.488
0.436128	73.4483
0.436575	73.4087
0.437022	73.3693
0.43747	73.3301
0.437918	73.2913
0.438366	73.2529
0.438814	73.2148
0.439263	73.1773
0.439712	73.1404
0.440161	73.104
0.440611	73.0684
0.440611	73.0684
0.441061	73.0334
0.441511	72.9992
0.441961	72.9659
0.442412	72.9334
0.442863	72.9018
0.443314	72.8712
0.443766	72.8416
0.444218	72.813
0.44467	72.7855
0.445122	72.759
0.445575	72.7337
0.446028	72.7096
0.446481	72.6866
0.446934	72.6649
0.447388	72.6444
0.447842	72.6251
0.448297	72.6071
0.448751	72.5903
0.449206	72.5748
0.449661	72.5606
0.450117	72.5478
0.450573	72.5362
0.451029	72.5259
0.451485	72.5169
0.451941	72.5091
0.452398	72.5027
0.452855	72.4976
0.453313	72.4937
0.453771	72.4911
0.454229	72.4898
0.454687	72.4897
0.455146	72.4908
0.455604	72.4931
0.456064	72.4967
0.456523	72.5014
0.456983	72.5073
0.457443	72.5143
0.457903	72.5225
0.458364	72.5318
0.458824	72.5422
0.459286	72.5537
0.459747	72.5662
0.460209	72.5798
0.460671	72.5945
0.461133	72.6101
0.461596	72.6268
0.462058	72.6445
0.462522	72.6632
0.462985	72.6829
0.463449	72.7036
0.463913	72.7252
0.464377	72.7479
0.464842	72.7715
0.465306	72.7961
0.465772	72.8216
0.466237	72.8482
0.466703	72.8757
0.467169	72.9043
0.467635	72.9339
0.468102	72.9645
0.468569	72.9961
0.469036	73.0289
0.469503	73.0627
0.469971	73.0976
0.470439	73.1337
0.470907	73.171
0.471376	73.2095
0.471845	73.2492
0.472314	73.2902
0.472784	73.3325
0.473253	73.3762
0.473724	73.4213
0.474194	73.4679
0.474665	73.5159
0.475136	73.5655
0.475607	73.6168
0.476078	73.6696
0.47655	73.7243
0.477022	73.7807
0.477495	73.8389
0.477967	73.8991
0.47844	73.9613
0.478914	74.0256
0.479387	74.092
0.479861	74.1607
0.480335	74.2316
0.48081	74.305
0.481285	74.3809
0.48176	74.4594
0.482235	74.5407
0.482711	74.6247
0.483187	74.7117
0.483663	74.8018
0.484139	74.8951
0.484616	74.9917
0.485093	75.0918
0.485571	75.1956
0.486048	75.3032
0.486527	75.4148
0.487005	75.5306
0.487483	75.6508
0.487962	75.7756
0.488442	75.9053
0.488921	76.04
0.489401	76.1802
0.489881	76.326
0.490361	76.4778
0.490842	76.6359
0.491323	76.8006
0.491804	76.9724
0.492286	77.1517
0.492768	77.3388
0.49325	77.5344
0.493732	77.7388
0.494215	77.9527
0.494698	78.1765
0.495182	78.4109
0.495665	78.6567
0.496149	78.9144
0.496633	79.1848
0.497118	79.4686
0.497603	79.7668
0.498088	80.08
0.498574	80.4092
0.499059	80.7551
0.499545	81.1186
0.500032	81.5005
0.500518	81.9015
0.501005	82.322
0.501493	82.7626
0.50198	83.2236
0.502468	83.7051
0.502956	84.2072
0.503445	84.7296
0.503934	85.2719
0.504423	85.8333
0.504912	86.4128
0.505402	87.0094
0.505892	87.6214
0.506382	88.2475
0.506873	88.8859
0.507364	89.5347
0.507855	90.1924
0.508346	90.8577
0.508838	91.5293
0.50933	92.2057
0.509823	92.8855
0.510316	93.5675
0.510809	94.2507
0.511302	94.9342
0.511796	95.6172
0.51229	96.2988
0.512784	96.9788
0.513278	97.6566
0.513773	98.3319
0.514268	99.0042
0.514764	99.6732
0.51526	100.339
0.515756	101
0.516252	101.658
0.516749	102.311
0.517246	102.961
0.517743	103.606
0.518241	104.246
0.518739	104.883
0.519237	105.514
0.519736	106.141
0.520235	106.764
0.520734	107.382
0.521233	107.996
0.521733	108.605
0.522233	109.209
0.522734	109.809
0.523235	110.405
0.523736	110.996
0.524237	111.583
0.524739	112.165
0.525241	112.743
0.525743	113.317
0.526246	113.887
0.526748	114.453
0.527252	115.015
0.527755	115.572
0.528259	116.126
0.528763	116.676
0.529268	117.222
0.529773	117.764
0.530278	118.303
0.530783	118.838
0.531289	119.369
0.531795	119.897
0.532301	120.422
0.532808	120.943
0.533315	121.461
0.533822	121.975
0.53433	122.486
0.534838	122.995
0.535346	123.5
0.535854	124.002
0.536363	124.501
0.536873	124.997
0.537382	125.491
0.537892	125.981
0.538402	126.469
0.538912	126.954
0.539423	127.437
0.539934	127.917
0.540446	128.395
0.540957	128.87
0.541469	129.342
0.541982	129.813
0.542494	130.281
0.543007	130.746
0.543521	131.21
0.544034	131.671
0.544548	132.13
0.545063	132.587
0.545577	133.042
0.546092	133.495
0.546607	133.946
0.547123	134.395
0.547639	134.842
0.548155	135.287
0.548671	135.731
0.549188	136.172
0.549705	136.612
0.550223	137.05
0.550741	137.486
0.551259	137.92
0.551777	138.353
0.552296	138.784
0.552815	139.214
0.553334	139.642
0.553854	140.068
0.554374	140.493
0.554894	140.916
0.555415	141.337
0.555936	141.757
0.556457	142.176
0.556979	142.593
0.557501	143.008
0.558023	143.422
0.558546	143.835
0.559069	144.246
0.559592	144.655
0.560116	145.064
0.560639	145.47
0.561164	145.875
0.561688	146.279
0.562213	146.681
0.562738	147.082
0.563264	147.482
0.56379	147.88
0.564316	148.276
0.564842	148.671
0.565369	149.065
0.565896	149.457
0.566424	149.847
0.566952	150.237
0.56748	150.624
0.568008	151.01
0.568008	151.01
0.568537	151.395
0.569066	151.778
0.569596	152.16
0.570125	152.54
0.570656	152.919
0.571186	153.296
0.571717	153.672
0.572248	154.046
0.572779	154.418
0.573311	154.789
0.573843	155.159
0.574376	155.526
0.574908	155.893
0.575441	156.257
0.575975	156.62
0.576509	156.981
0.577043	157.341
0.577577	157.699
0.578112	158.055
0.578647	158.41
0.579182	158.763
0.579718	159.114
0.580254	159.464
0.58079	159.811
0.581327	160.158
0.581864	160.502
0.582401	160.845
0.582939	161.185
0.583477	161.525
0.584016	161.862
0.584554	162.197
0.585093	162.531
0.585633	162.863
0.586172	163.194
0.586713	163.522
0.587253	163.849
0.587794	164.174
0.588335	164.497
0.588876	164.818
0.589418	165.137
0.58996	165.455
0.590502	165.771
0.591045	166.085
0.591588	166.397
0.592131	166.708
0.592675	167.017
0.593219	167.324
0.593764	167.629
0.594308	167.932
0.594854	168.234
0.595399	168.534
0.595945	168.832
0.596491	169.128
0.597037	169.423
0.597584	169.715
0.598131	170.007
0.598679	170.296
0.599226	170.584
0.599775	170.87
0.600323	171.154
0.600872	171.437
0.601421	171.718
0.601971	171.998
0.60252	172.276
0.603071	172.552
0.603621	172.827
0.604172	173.1
0.604723	173.371
0.605275	173.642
0.605827	173.91
0.606379	174.177
0.606931	174.443
0.607484	174.707
0.608038	174.969
0.608591	175.231
0.609145	175.491
0.609699	175.749
0.610254	176.006
0.610809	176.262
0.611364	176.516
0.61192	176.769
0.612476	177.021
0.613032	177.272
0.613589	177.521
0.614146	177.769
0.614704	178.016
0.615261	178.261
0.615819	178.506
0.616378	178.749
0.616937	178.991
0.617496	179.232
0.618055	179.472
0.618615	179.711
0.619175	179.949
0.619736	180.185
0.620296	180.421
0.620858	180.656
0.621419	180.889
0.621981	181.122
0.622543	181.354
0.623106	181.584
0.623669	181.814
0.624232	182.043
0.624796	182.271
0.62536	182.498
0.625924	182.724
0.626489	182.95
0.627054	183.174
0.627619	183.398
0.628185	183.62
0.628751	183.842
0.629317	184.063
0.629884	184.284
0.630451	184.503
0.631019	184.722
0.631587	184.94
0.632155	185.157
0.632723	185.374
0.633292	185.589
0.633862	185.804
0.634431	186.019
0.635001	186.232
0.635571	186.445
0.636142	186.657
0.636713	186.869
0.637284	187.08
0.637856	187.29
0.638428	187.5
0.639001	187.709
0.639574	187.918
0.640147	188.125
0.64072	188.333
0.641294	188.54
0.641868	188.746
0.642443	188.951
0.643018	189.157
0.643593	189.361
0.644169	189.566
0.644745	189.769
0.645321	189.973
0.645898	190.176
0.646475	190.378
0.647052	190.581
0.64763	190.782
0.648208	190.984
0.648786	191.185
0.649365	191.387
0.649945	191.587
0.650524	191.788
0.651104	191.989
0.651684	192.189
0.652265	192.39
0.652846	192.59
0.653427	192.791
0.654009	192.992
0.654591	193.192
0.654591	193.192
0.655174	193.393
0.655756	193.595
0.65634	193.796
0.656923	193.998
0.657507	194.2
0.658091	194.403
0.658676	194.607
0.659261	194.811
0.659846	195.015
0.660432	195.221
0.661018	195.427
0.661604	195.634
0.662191	195.842
0.662778	196.05
0.663366	196.26
0.663954	196.471
0.664542	196.684
0.665131	196.897
0.66572	197.112
0.666309	197.328
0.666899	197.545
0.667489	197.764
0.668079	197.984
0.66867	198.206
0.669261	198.43
0.669853	198.654
0.670445	198.881
0.671037	199.109
0.671629	199.338
0.672222	199.569
0.672816	199.802
0.67341	200.036
0.674004	200.271
0.674598	200.508
0.675193	200.747
0.675788	200.986
0.676384	201.227
0.67698	201.468
0.677576	201.711
0.678173	201.955
0.67877	202.199
0.679367	202.444
0.679965	202.69
0.680563	202.936
0.681162	203.182
0.681761	203.428
0.68236	203.675
0.68296	203.921
0.68356	204.166
0.68416	204.412
0.684761	204.656
0.685362	204.9
0.685964	205.142
0.686565	205.384
0.687168	205.624
0.68777	205.862
0.688373	206.099
0.688977	206.334
0.68958	206.567
0.690185	206.798
0.690789	207.027
0.691394	207.253
0.691999	207.477
0.692605	207.698
0.693211	207.916
0.693817	208.132
0.694424	208.345
0.695031	208.555
0.695639	208.762
0.696246	208.966
0.696855	209.167
0.697463	209.365
0.698072	209.56
0.698682	209.753
0.699292	209.943
0.699902	210.13
0.700512	210.315
0.701123	210.497
0.701734	210.678
0.702346	210.856
0.702958	211.032
0.70357	211.207
0.704183	211.38
0.704796	211.552
0.70541	211.723
0.706024	211.893
0.706638	212.062
0.707253	212.23
0.707868	212.398
0.708484	212.565
0.709099	212.732
0.709716	212.898
0.710332	213.065
0.710949	213.231
0.711567	213.397
0.712184	213.563
0.712802	213.728
0.713421	213.894
0.71404	214.059
0.714659	214.224
0.715279	214.388
0.715899	214.553
0.716519	214.716
0.71714	214.88
0.717761	215.042
0.718383	215.204
0.719005	215.365
0.719627	215.525
0.72025	215.685
0.720873	215.844
0.721497	216.003
0.722121	216.16
0.722745	216.315
0.723369	216.469
0.723995	216.621
0.72462	216.772
0.725246	216.921
0.725872	217.068
0.726499	217.215
0.727126	217.36
0.727753	217.504
0.728381	217.647
0.729009	217.789
0.729638	217.93
0.730267	218.071
0.730896	218.21
0.731526	218.348
0.732156	218.486
0.732786	218.622
0.733417	218.758
0.734048	218.893
0.73468	219.028
0.735312	219.161
0.735945	219.294
0.736578	219.426
0.737211	219.557
0.737844	219.687
0.738478	219.816
0.739113	219.945
0.739748	220.073
0.740383	220.199
0.741019	220.325
0.741655	220.45
0.742291	220.575
0.742928	220.698
0.743565	220.82
0.744202	220.941
0.74484	221.062
0.745479	221.181
0.746118	221.299
0.746757	221.416
0.747396	221.533
0.748036	221.648
0.748677	221.761
0.749317	221.874
0.749959	221.986
0.7506	222.096
0.751242	222.205
0.751884	222.313
0.752527	222.42
0.75317	222.525
0.753814	222.63
0.754458	222.733
0.755102	222.834
0.755747	222.935
0.756392	223.034
0.757037	223.131
0.757683	223.228
0.75833	223.323
0.758976	223.416
0.759623	223.508
0.760271	223.599
0.760919	223.689
0.761567	223.777
0.762216	223.864
0.762865	223.949
0.763515	224.033
0.764165	224.115
0.764815	224.196
0.765466	224.276
0.766117	224.354
0.766768	224.431
0.76742	224.506
0.768073	224.58
0.768725	224.652
0.769379	224.724
0.770032	224.793
0.770686	224.862
0.771341	224.928
0.771995	224.994
0.772651	225.058
0.773306	225.121
0.773962	225.182
0.774619	225.242
0.775275	225.301
0.775933	225.358
0.77659	225.414
0.777248	225.469
0.777907	225.522
0.778566	225.574
0.779225	225.624
0.779885	225.674
0.780545	225.722
0.781205	225.768
0.781866	225.814
0.782527	225.858
0.783189	225.901
0.783851	225.943
0.784514	225.983
0.785177	226.023
0.785177	226.023
0.78584	226.061
0.786504	226.098
0.787168	226.134
0.787833	226.169
0.788498	226.203
0.789163	226.236
0.789829	226.268
0.790495	226.298
0.791162	226.328
0.791829	226.357
0.792496	226.384
0.793164	226.411
0.793833	226.437
0.794501	226.462
0.79517	226.485
0.79584	226.508
0.79651	226.53
0.79718	226.551
0.797851	226.572
0.798522	226.591
0.799194	226.61
0.799866	226.628
0.800539	226.645
0.801211	226.661
0.801885	226.677
0.802558	226.692
0.803233	226.707
0.803907	226.72
0.804582	226.733
0.805257	226.746
0.805933	226.758
0.80661	226.769
0.807286	226.78
0.807963	226.79
0.808641	226.8
0.809319	226.81
0.809997	226.819
0.810676	226.827
0.811355	226.836
0.812034	226.844
0.812714	226.852
0.813395	226.859
0.814076	226.867
0.814757	226.874
0.815439	226.881
0.816121	226.888
0.816803	226.895
0.817486	226.902
0.81817	226.909
0.818853	226.916
0.819538	226.923
0.820222	226.929
0.820907	226.936
0.821593	226.943
0.822279	226.949
0.822965	226.956
0.823652	226.962
0.824339	226.968
0.825027	226.974
0.825715	226.981
0.826403	226.987
0.827092	226.993
0.827782	226.998
0.828471	227.004
0.829162	227.01
0.829852	227.015
0.830543	227.021
0.831235	227.026
0.831927	227.031
0.832619	227.036
0.833312	227.041
0.834005	227.046
0.834698	227.051
0.835393	227.056
0.836087	227.06
0.836782	227.065
0.837477	227.069
0.838173	227.073
0.838869	227.077
0.839566	227.081
0.840263	227.085
0.84096	227.089
0.841658	227.093
0.842357	227.096
0.843056	227.1
0.843755	227.103
0.844454	227.107
0.845155	227.11
0.845855	227.113
0.846556	227.116
0.847257	227.119
0.847959	227.121
0.848662	227.124
0.849364	227.127
0.850067	227.129
0.850771	227.131
0.851475	227.134
0.852179	227.136
0.852884	227.138
0.85359	227.14
0.854295	227.142
0.855002	227.143
0.855708	227.145
0.856415	227.147
0.857123	227.148
0.857831	227.15
0.858539	227.151
0.859248	227.152
0.859957	227.153
0.860667	227.154
0.861377	227.155
0.862088	227.156
0.862799	227.157
0.86351	227.158
0.864222	227.158
0.864934	227.159
0.865647	227.159
0.86636	227.16
0.867074	227.16
0.867788	227.16
0.868503	227.16
0.869218	227.16
0.869933	227.16
0.870649	227.16
0.871365	227.16
0.872082	227.16
0.872799	227.16
0.873517	227.159
0.874235	227.159
0.874954	227.158
0.875673	227.158
0.876392	227.157
0.877112	227.157
0.877832	227.156
0.878553	227.155
0.879274	227.154
0.879996	227.153
0.880718	227.153
0.881441	227.152
0.882164	227.151
0.882887	227.15
0.883611	227.149
0.884335	227.148
0.88506	227.146
0.885785	227.145
0.886511	227.144
0.887237	227.143
0.887964	227.142
0.888691	227.14
0.889418	227.139
0.890146	227.138
0.890875	227.137
0.891604	227.136
0.892333	227.134
0.893063	227.133
0.893793	227.132
0.894524	227.131
0.895255	227.129
0.895986	227.128
0.896718	227.127
0.897451	227.126
0.898184	227.125
0.898917	227.124
0.899651	227.123
0.900385	227.122
0.90112	227.121
0.901855	227.121
0.902591	227.12
0.903327	227.119
0.904064	227.119
0.904801	227.118
0.905538	227.118
0.906276	227.117
0.907014	227.117
0.907753	227.117
0.908493	227.117
0.909232	227.117
0.909973	227.117
0.910713	227.118
0.911454	227.118
0.912196	227.118
0.912938	227.119
0.913681	227.12
0.914424	227.121
0.915167	227.122
0.915911	227.124
0.916655	227.125
0.9174	227.128
0.918146	227.13
0.918891	227.133
0.919638	227.136
0.920384	227.139
0.921131	227.142
0.921879	227.144
0.922627	227.146
0.923376	227.148
0.924125	227.15
0.924874	227.151
0.925624	227.152
0.926374	227.153
0.927125	227.153
0.927876	227.153
0.928628	227.153
0.929381	227.152
0.930133	227.151
0.930886	227.149
0.93164	227.147
0.932394	227.144
0.933149	227.141
0.933904	227.138
0.934659	227.134
0.935415	227.13
0.936172	227.125
0.936929	227.12
0.937686	227.115
0.938444	227.109
0.939202	227.103
0.939961	227.096
0.94072	227.089
0.94148	227.081
0.94224	227.073
0.943001	227.065
0.943762	227.056
0.944524	227.047
0.945286	227.038
0.946048	227.029
0.946812	227.019
0.947575	227.009
0.948339	226.999
0.949104	226.989
0.949868	226.979
0.950634	226.969
0.9514	226.959
0.952166	226.949
0.952933	226.939
0.9537	226.929
0.954468	226.919
0.955236	226.909
0.956005	226.898
0.957019	226.883
0.958032	226.867
0.959046	226.85
0.960059	226.832
0.961073	226.812
0.962086	226.79
0.9631	226.765
0.964114	226.737
0.965127	226.705
0.966141	226.667
0.967154	226.622
0.968168	226.566
0.969182	226.494
0.970195	226.4
0.971896	226.195
0.973598	225.957
0.974448	225.84
0.975299	225.733
0.975724	225.687
0.976149	225.649
0.976575	225.624
0.977	225.614
)
