(title "Static Temperature")
(labels "Position" "Static Temperature")

((xy/key/label "axis")
-0.023	294.991
-0.0229699	294.991
-0.0229399	294.991
-0.0229098	294.991
-0.0228797	294.991
-0.0228196	294.991
-0.0227595	294.991
-0.0226392	294.991
-0.022519	294.99
-0.0223987	294.99
-0.0222785	294.989
-0.0221582	294.988
-0.022038	294.987
-0.0219177	294.986
-0.0217975	294.985
-0.0216772	294.983
-0.021557	294.982
-0.0214367	294.981
-0.0213165	294.98
-0.0211962	294.978
-0.021076	294.977
-0.0209557	294.976
-0.0208355	294.974
-0.0207152	294.973
-0.020595	294.972
-0.0204747	294.97
-0.0203545	294.969
-0.0202342	294.968
-0.0201139	294.967
-0.0199937	294.965
-0.0198734	294.964
-0.0197532	294.963
-0.0196329	294.962
-0.0195127	294.961
-0.0193924	294.96
-0.0192722	294.959
-0.0191519	294.958
-0.0190317	294.957
-0.0189114	294.957
-0.0187912	294.956
-0.0186709	294.955
-0.0185507	294.954
-0.0184304	294.954
-0.0183102	294.953
-0.0181899	294.953
-0.0180697	294.952
-0.0179494	294.952
-0.0178292	294.952
-0.0177089	294.951
-0.0175887	294.951
-0.0174684	294.951
-0.0173481	294.951
-0.0172279	294.95
-0.0171076	294.95
-0.0169874	294.95
-0.0168671	294.95
-0.0167469	294.95
-0.0166266	294.951
-0.0165064	294.951
-0.0163861	294.951
-0.0162659	294.951
-0.0161456	294.952
-0.0160254	294.952
-0.0159051	294.952
-0.0157849	294.953
-0.0156646	294.953
-0.0155444	294.954
-0.0154241	294.954
-0.0153039	294.955
-0.0151836	294.956
-0.0150634	294.957
-0.0149431	294.957
-0.0148229	294.958
-0.0147026	294.959
-0.0145823	294.96
-0.0144621	294.961
-0.0143418	294.962
-0.0142216	294.963
-0.0141013	294.964
-0.0139811	294.965
-0.0138608	294.966
-0.0137406	294.967
-0.0136203	294.968
-0.0135001	294.97
-0.013371	294.971
-0.013242	294.972
-0.013113	294.974
-0.0129839	294.975
-0.0128549	294.976
-0.0127259	294.978
-0.0125968	294.979
-0.0124678	294.98
-0.0124678	294.98
-0.0123387	294.982
-0.0122097	294.983
-0.0120807	294.984
-0.0119516	294.985
-0.0118226	294.987
-0.0116936	294.988
-0.0115645	294.988
-0.0114355	294.989
-0.0113064	294.99
-0.0111774	294.991
-0.0110484	294.991
-0.0109193	294.992
-0.0107903	294.992
-0.0106613	294.992
-0.0105322	294.991
-0.0104032	294.991
-0.0102741	294.99
-0.0101451	294.989
-0.0100161	294.988
-0.00988703	294.987
-0.00975799	294.985
-0.00962896	294.982
-0.00949992	294.98
-0.00937967	294.977
-0.00925942	294.974
-0.00913916	294.971
-0.00901891	294.967
-0.00889866	294.962
-0.00877841	294.958
-0.00865815	294.952
-0.0085379	294.947
-0.00841765	294.941
-0.0082974	294.934
-0.00817715	294.926
-0.00805689	294.918
-0.00793664	294.91
-0.00781639	294.901
-0.00769614	294.891
-0.00757589	294.88
-0.00745563	294.868
-0.00733538	294.856
-0.00721513	294.843
-0.00709488	294.829
-0.00697462	294.814
-0.00685437	294.798
-0.00673412	294.78
-0.00661387	294.762
-0.00649362	294.742
-0.00637336	294.722
-0.00625311	294.699
-0.00613286	294.676
-0.00601261	294.651
-0.00589236	294.624
-0.0057721	294.595
-0.00565185	294.565
-0.0055316	294.532
-0.00541135	294.498
-0.00529109	294.461
-0.00517084	294.422
-0.00505059	294.38
-0.00493034	294.336
-0.00481009	294.288
-0.00468983	294.238
-0.00456958	294.184
-0.00444933	294.126
-0.00432908	294.065
-0.00420883	294
-0.00408857	293.93
-0.00396832	293.855
-0.00384807	293.775
-0.00372782	293.69
-0.00360756	293.6
-0.00348731	293.503
-0.00336706	293.399
-0.00324681	293.288
-0.00312656	293.17
-0.0030063	293.044
-0.00288605	292.909
-0.0027658	292.765
-0.00264555	292.611
-0.0025253	292.447
-0.00240504	292.272
-0.00228479	292.085
-0.00216454	291.886
-0.00204429	291.674
-0.00192403	291.449
-0.00180378	291.209
-0.00168353	290.954
-0.00156328	290.683
-0.00144303	290.396
-0.00132277	290.092
-0.00120252	289.769
-0.00108227	289.428
-0.000962017	289.068
-0.000841765	288.688
-0.000721513	288.288
-0.000601261	287.867
-0.000481008	287.424
-0.000360756	286.959
-0.000240504	286.471
-0.000120252	285.961
1.62761e-10	285.427
0.000137656	284.788
0.000275313	284.118
0.000412969	283.416
0.000550625	282.682
0.000688281	281.917
0.000825938	281.118
0.000963594	280.288
0.00110125	279.424
0.00123891	278.527
0.00137656	277.596
0.00151422	276.632
0.00165188	275.634
0.00178953	274.6
0.00192719	273.532
0.00206484	272.428
0.0022025	271.287
0.00234016	270.109
0.00247781	268.894
0.00261547	267.64
0.00275313	266.346
0.00289078	265.013
0.00302844	263.638
0.00316609	262.222
0.00330375	260.763
0.00344141	259.26
0.00357906	257.713
0.00371672	256.121
0.00385437	254.483
0.00399203	252.797
0.00412969	251.063
0.00426734	249.281
0.004405	247.45
0.00454266	245.57
0.00468031	243.64
0.00481797	241.662
0.00495562	239.634
0.00509328	237.558
0.00523094	235.435
0.00536859	233.265
0.00550625	231.05
0.00564391	228.793
0.00578156	226.495
0.00591922	224.161
0.00605687	221.792
0.00619453	219.392
0.00633219	216.966
0.00646984	214.517
0.0066075	212.049
0.00674516	209.566
0.00688281	207.074
0.00702047	204.575
0.00715812	202.075
0.00729578	199.577
0.00743344	197.086
0.00757109	194.605
0.00770875	192.138
0.00784641	189.688
0.00798406	187.259
0.00812172	184.853
0.00825937	182.474
0.00839703	180.123
0.00853469	177.804
0.00867234	175.517
0.00881	173.266
0.00894766	171.051
0.00908531	168.874
0.00922297	166.737
0.00936062	164.641
0.00949828	162.586
0.00963594	160.574
0.00977359	158.605
0.00991125	156.681
0.0100489	154.802
0.0101866	152.969
0.0103242	151.183
0.0104619	149.444
0.0105995	147.754
0.0107372	146.113
0.0108748	144.522
0.0110125	142.983
0.0111502	141.497
0.0112878	140.066
0.0114255	138.691
0.0115631	137.376
0.0117008	136.124
0.0118384	134.937
0.0119761	133.82
0.0121137	132.777
0.0122514	131.814
0.0123891	130.936
0.0125267	130.151
0.0126644	129.465
0.012802	128.886
0.0129397	128.416
0.0130773	128.064
0.013215	127.816
0.0133527	127.718
0.0134903	127.753
0.013628	127.849
0.0137656	128.021
0.0139033	128.254
0.0140409	128.517
0.0141786	128.782
0.0143162	129.021
0.0144539	129.211
0.0145916	129.338
0.0147292	129.377
0.0148669	129.341
0.0150045	129.256
0.0151422	129.114
0.0152798	128.924
0.0154175	128.697
0.0155552	128.442
0.0156928	128.168
0.0158305	127.881
0.0159681	127.584
0.0161058	127.279
0.0162434	126.966
0.0163811	126.645
0.0165187	126.314
0.0166564	125.972
0.0167941	125.621
0.0169317	125.259
0.0170694	124.887
0.017207	124.506
0.0173447	124.117
0.0174823	123.722
0.01762	123.323
0.0177577	122.921
0.0178953	122.518
0.018033	122.114
0.0181706	121.712
0.0183083	121.312
0.0184459	120.914
0.0185836	120.519
0.0187212	120.127
0.0188589	119.737
0.0189966	119.35
0.0191342	118.964
0.0192719	118.579
0.0194095	118.194
0.0195472	117.809
0.0196848	117.422
0.0198225	117.034
0.0199602	116.645
0.0200978	116.252
0.0202355	115.858
0.0203731	115.461
0.0205108	115.062
0.0206484	114.66
0.0207861	114.257
0.0209237	113.852
0.0210614	113.446
0.0211991	113.04
0.0213367	112.633
0.0214744	112.227
0.021612	111.822
0.0217497	111.417
0.0218873	111.014
0.022025	110.613
0.022025	110.613
0.0221627	110.213
0.0223003	109.816
0.022438	109.422
0.0225756	109.03
0.0227133	108.642
0.0228509	108.256
0.0229886	107.874
0.0231262	107.495
0.0232639	107.12
0.0234016	106.749
0.0235392	106.381
0.0236769	106.018
0.0238145	105.658
0.0239522	105.303
0.0240898	104.951
0.0242275	104.604
0.0243652	104.26
0.0245028	103.92
0.0246405	103.583
0.0247781	103.25
0.0249158	102.92
0.0250534	102.593
0.0251911	102.269
0.0253287	101.947
0.0254664	101.628
0.0256041	101.31
0.0257417	100.995
0.0258794	100.681
0.026017	100.369
0.0261547	100.058
0.0262923	99.749
0.02643	99.441
0.0265677	99.1342
0.0267053	98.8286
0.026843	98.5242
0.0269806	98.221
0.0271183	97.9191
0.0272559	97.6185
0.0273936	97.3192
0.0275312	97.0213
0.0276689	96.7249
0.0278066	96.4299
0.0279442	96.1365
0.0280819	95.8447
0.0282195	95.5545
0.0283572	95.2659
0.0284948	94.9792
0.0286325	94.6941
0.0287702	94.4109
0.0289078	94.1296
0.0290455	93.8501
0.0291831	93.5726
0.0293208	93.2971
0.0294584	93.0238
0.0295961	92.7525
0.0297337	92.4834
0.0298714	92.2165
0.0300091	91.952
0.0301467	91.6899
0.0302844	91.4303
0.030422	91.1731
0.0305597	90.9185
0.0306973	90.6665
0.030835	90.4172
0.0309727	90.1705
0.0311103	89.9266
0.031248	89.6853
0.0313856	89.4466
0.0315233	89.2106
0.0316609	88.9772
0.0317986	88.7464
0.0319362	88.518
0.0320739	88.292
0.0322116	88.0684
0.0323492	87.8469
0.0324869	87.6276
0.0326245	87.4103
0.0327622	87.1949
0.0328998	86.9813
0.0330375	86.7693
0.0331752	86.559
0.0333128	86.3501
0.0334505	86.1426
0.0335881	85.9363
0.0337258	85.7313
0.0338634	85.5275
0.0340011	85.3247
0.0341387	85.1229
0.0342764	84.9222
0.0344141	84.7224
0.0345517	84.5236
0.0346894	84.3257
0.034827	84.1287
0.0349647	83.9327
0.0351023	83.7377
0.03524	83.5436
0.0353777	83.3506
0.0355153	83.1587
0.035653	82.968
0.0357906	82.7784
0.0359283	82.59
0.0360659	82.4029
0.0362036	82.2172
0.0363412	82.0329
0.0364789	81.85
0.0366166	81.6686
0.0367542	81.4888
0.0368919	81.3107
0.0370295	81.1342
0.0371672	80.9594
0.0373048	80.7864
0.0374425	80.6152
0.0375802	80.4459
0.0377178	80.2784
0.0378555	80.1127
0.0379931	79.949
0.0381308	79.7872
0.0382684	79.6273
0.0384061	79.4693
0.0385437	79.3132
0.0386814	79.159
0.0388191	79.0067
0.0389567	78.8562
0.0390944	78.7076
0.039232	78.5607
0.0393697	78.4156
0.0395073	78.2722
0.039645	78.1305
0.0397827	77.9904
0.0399203	77.8519
0.040058	77.715
0.0401956	77.5794
0.0403333	77.4453
0.0404709	77.3126
0.0406086	77.1812
0.0407462	77.051
0.0408839	76.9221
0.0410216	76.7943
0.0411592	76.6676
0.0412969	76.5419
0.0414345	76.4173
0.0415722	76.2936
0.0417098	76.1709
0.0418475	76.049
0.0419852	75.9281
0.0421228	75.8079
0.0422605	75.6885
0.0423981	75.57
0.0425358	75.4522
0.0426734	75.3351
0.0428111	75.2188
0.0429487	75.1032
0.0430864	74.9884
0.0432241	74.8743
0.0433617	74.7609
0.0434994	74.6482
0.043637	74.5363
0.0437747	74.4251
0.0439123	74.3147
0.04405	74.205
0.0441877	74.0962
0.0443253	73.9881
0.044463	73.8809
0.0446006	73.7745
0.0447383	73.6689
0.0448759	73.5642
0.0450136	73.4604
0.0451512	73.3575
0.0452889	73.2555
0.0454266	73.1544
0.0455642	73.0544
0.0457019	72.9553
0.0458395	72.8572
0.0459772	72.7601
0.0461148	72.664
0.0462525	72.569
0.0463902	72.475
0.0465278	72.3821
0.0466655	72.2903
0.0468031	72.1996
0.0469408	72.11
0.0470784	72.0216
0.0472161	71.9343
0.0473537	71.8481
0.0474914	71.7631
0.0476291	71.6793
0.0477667	71.5966
0.0479044	71.5151
0.048042	71.4348
0.0481797	71.3557
0.0483173	71.2778
0.048455	71.2011
0.0485927	71.1256
0.0487303	71.0513
0.048868	70.9782
0.0490056	70.9064
0.0491433	70.8357
0.0492809	70.7662
0.0494186	70.6979
0.0494186	70.6979
0.0495562	70.6309
0.0496939	70.565
0.0498316	70.5003
0.0499692	70.4367
0.0501069	70.3743
0.0502445	70.3131
0.0503822	70.2531
0.0505198	70.1941
0.0506575	70.1363
0.0507952	70.0796
0.0509328	70.0241
0.0510705	69.9696
0.0512081	69.9162
0.0513458	69.8639
0.0514834	69.8127
0.0516211	69.7625
0.0517587	69.7134
0.0518964	69.6654
0.0520341	69.6184
0.0521717	69.5724
0.0523094	69.5275
0.052447	69.4836
0.0525847	69.4408
0.0527223	69.399
0.05286	69.3582
0.0529977	69.3184
0.0531353	69.2797
0.053273	69.242
0.0534106	69.2053
0.0535483	69.1696
0.0536859	69.135
0.0538236	69.1014
0.0539612	69.0689
0.0540989	69.0373
0.0542366	69.0069
0.0543742	68.9774
0.0545119	68.9489
0.0546495	68.9215
0.0547872	68.8951
0.0549248	68.8698
0.0550625	68.8454
0.0552002	68.822
0.0553378	68.7997
0.0554755	68.7783
0.0556131	68.7579
0.0557508	68.7385
0.0558884	68.72
0.0560261	68.7025
0.0561637	68.6858
0.0563014	68.6702
0.0564391	68.6553
0.0565767	68.6414
0.0567144	68.6284
0.056852	68.6162
0.0569897	68.6048
0.0571273	68.5942
0.057265	68.5844
0.0574027	68.5755
0.0575403	68.5672
0.057678	68.5598
0.0578156	68.553
0.0579533	68.547
0.0580909	68.5418
0.0582286	68.5372
0.0583662	68.5333
0.0585039	68.5301
0.0586416	68.5275
0.0587792	68.5257
0.0589169	68.5245
0.0590545	68.5241
0.0591922	68.5245
0.0593298	68.5257
0.0594675	68.5275
0.0596052	68.5299
0.0597428	68.5329
0.0598805	68.5368
0.0600181	68.5414
0.0601558	68.5469
0.0602934	68.5532
0.0604311	68.5601
0.0605687	68.5678
0.0607064	68.5763
0.0608441	68.5856
0.0609817	68.5958
0.0611194	68.6069
0.061257	68.6189
0.0613947	68.6319
0.0615323	68.6458
0.06167	68.6606
0.0618077	68.6764
0.0619453	68.6932
0.062083	68.7109
0.0622206	68.7296
0.0623583	68.7493
0.0624959	68.77
0.0626336	68.7917
0.0627712	68.8143
0.0629089	68.838
0.0630466	68.8626
0.0631842	68.8882
0.0633219	68.9149
0.0634595	68.9425
0.0635972	68.9711
0.0637348	69.0007
0.0638725	69.0313
0.0640102	69.0628
0.0641478	69.0953
0.0642855	69.1287
0.0644231	69.1631
0.0645608	69.1984
0.0646984	69.2345
0.0648361	69.2716
0.0649737	69.3096
0.0651114	69.3484
0.0652491	69.3882
0.0653867	69.4287
0.0655244	69.4701
0.065662	69.5124
0.0657997	69.5555
0.0659373	69.5993
0.066075	69.644
0.0662127	69.6895
0.0663503	69.7358
0.066488	69.7829
0.0666256	69.8307
0.0667633	69.8793
0.0669009	69.9286
0.0670386	69.9788
0.0671762	70.0296
0.0673139	70.0812
0.0674516	70.1336
0.0675892	70.1867
0.0677269	70.2405
0.0678645	70.295
0.0680022	70.3503
0.0681398	70.4062
0.0682775	70.4629
0.0684152	70.5203
0.0685528	70.5784
0.0686905	70.6371
0.0688281	70.6966
0.0689658	70.7567
0.0691034	70.8176
0.0692411	70.8791
0.0693787	70.9412
0.0695164	71.0041
0.0696541	71.0675
0.0697917	71.1316
0.0699294	71.1964
0.070067	71.2618
0.0702047	71.3278
0.0703423	71.3944
0.07048	71.4616
0.0706177	71.5294
0.0707553	71.5978
0.070893	71.6668
0.0710306	71.7363
0.0711683	71.8064
0.0713059	71.877
0.0714436	71.9481
0.0715812	72.0197
0.0717189	72.0918
0.0718566	72.1644
0.0719942	72.2374
0.0721319	72.3108
0.0722695	72.3847
0.0724072	72.4589
0.0725448	72.5335
0.0726825	72.6085
0.0726825	72.6085
0.0728201	72.6838
0.0729578	72.7593
0.0730955	72.8351
0.0732331	72.9111
0.0733708	72.9873
0.0735084	73.0637
0.0736461	73.1402
0.0737837	73.2168
0.0739214	73.2934
0.0740591	73.37
0.0741967	73.4466
0.0743344	73.5232
0.074472	73.5996
0.0746097	73.6758
0.0747473	73.7519
0.074885	73.8276
0.0750227	73.9031
0.0751603	73.9782
0.075298	74.0529
0.0754356	74.127
0.0755733	74.2007
0.0757109	74.2738
0.0758486	74.3462
0.0759862	74.4179
0.0761239	74.4888
0.0762616	74.5589
0.0763992	74.628
0.0765369	74.6962
0.0766745	74.7634
0.0768122	74.8294
0.0769498	74.8943
0.0770875	74.9579
0.0772251	75.0202
0.0773628	75.0812
0.0775005	75.1407
0.0776381	75.1987
0.0777758	75.2551
0.0779134	75.31
0.0780511	75.3631
0.0781887	75.4146
0.0783264	75.4642
0.0784641	75.512
0.0786017	75.558
0.0787394	75.602
0.078877	75.6441
0.0790147	75.6843
0.0791523	75.7224
0.07929	75.7585
0.0794277	75.7926
0.0795653	75.8246
0.079703	75.8546
0.0798406	75.8825
0.0799783	75.9084
0.0801159	75.9322
0.0802536	75.954
0.0803912	75.9737
0.0805289	75.9914
0.0806666	76.0072
0.0808042	76.021
0.0809419	76.0329
0.0810795	76.0429
0.0812172	76.0511
0.0813548	76.0575
0.0814925	76.0621
0.0816302	76.065
0.0817678	76.066
0.0819055	76.0649
0.0820431	76.0621
0.0821808	76.0584
0.0823184	76.0534
0.0824561	76.0472
0.0825937	76.0395
0.0827314	76.0299
0.0828691	76.0189
0.0830067	76.0068
0.0831444	75.9936
0.083282	75.9796
0.0834197	75.9646
0.0835573	75.9486
0.083695	75.9316
0.0838327	75.9137
0.0839703	75.8947
0.084108	75.8747
0.0842456	75.8537
0.0843833	75.8318
0.0845209	75.8091
0.0846586	75.7856
0.0847962	75.7614
0.0849339	75.7364
0.0850716	75.7108
0.0852092	75.6847
0.0853469	75.6579
0.0854845	75.6306
0.0856222	75.6028
0.0857598	75.5745
0.0858975	75.5457
0.0860352	75.5164
0.0861728	75.4866
0.0863105	75.4564
0.0864481	75.4258
0.0865858	75.3948
0.0867234	75.3635
0.0868611	75.3318
0.0869987	75.2998
0.0871364	75.2675
0.0872741	75.235
0.0874117	75.2022
0.0875494	75.1691
0.087687	75.1359
0.0878247	75.1025
0.0879623	75.0686
0.0881	75.0345
0.0883314	74.9775
0.088563	74.9203
0.0887947	74.8627
0.0890266	74.8047
0.0892586	74.7466
0.0894907	74.6884
0.089723	74.6302
0.0899554	74.5721
0.090188	74.5141
0.0904207	74.4562
0.0906536	74.3986
0.0908866	74.3412
0.0911197	74.2841
0.091353	74.2274
0.0915865	74.1711
0.0918201	74.1152
0.0920538	74.0598
0.0922877	74.0049
0.0925217	73.9505
0.0927559	73.8967
0.0929902	73.8434
0.0932246	73.7908
0.0934592	73.7387
0.093694	73.6873
0.0939289	73.6366
0.0941639	73.5866
0.0943991	73.5372
0.0946344	73.4886
0.0948699	73.4408
0.0951055	73.3937
0.0953413	73.3473
0.0955772	73.3018
0.0958132	73.2572
0.0960494	73.2134
0.0962858	73.1705
0.0965223	73.1285
0.0967589	73.0875
0.0969957	73.0474
0.0972327	73.0084
0.0974697	72.9703
0.097707	72.9333
0.0979444	72.8973
0.0981819	72.8625
0.0984196	72.8287
0.0986574	72.7961
0.0988953	72.7646
0.0991335	72.7343
0.0993717	72.7051
0.0996101	72.6772
0.0998487	72.6504
0.100087	72.6249
0.100326	72.6007
0.100565	72.5776
0.100804	72.5559
0.101044	72.5354
0.101283	72.5162
0.101523	72.4983
0.101762	72.4816
0.102002	72.4663
0.102242	72.4522
0.102483	72.4395
0.102723	72.428
0.102963	72.4179
0.103204	72.409
0.103445	72.4014
0.103686	72.3951
0.103927	72.39
0.104168	72.3861
0.104409	72.3835
0.104651	72.3818
0.104893	72.3816
0.105135	72.3829
0.105376	72.3847
0.105619	72.3876
0.105861	72.3916
0.106103	72.3965
0.106346	72.4022
0.106589	72.4087
0.106832	72.4158
0.107075	72.4235
0.107318	72.4319
0.107561	72.4407
0.107805	72.4499
0.108048	72.4593
0.108292	72.4689
0.108536	72.4785
0.10878	72.4879
0.109024	72.4971
0.109269	72.5058
0.109513	72.514
0.109758	72.5214
0.110003	72.528
0.110248	72.5335
0.110493	72.5379
0.110738	72.5409
0.110984	72.5426
0.111229	72.5423
0.111475	72.5398
0.111721	72.5358
0.111967	72.5297
0.112213	72.5211
0.11246	72.51
0.112706	72.4963
0.112953	72.4799
0.1132	72.4606
0.113447	72.4381
0.113694	72.4125
0.113941	72.3835
0.114188	72.3511
0.114436	72.3151
0.114684	72.2754
0.114932	72.2321
0.11518	72.1849
0.115428	72.1339
0.115676	72.0789
0.115925	72.0199
0.116173	71.9569
0.116422	71.8897
0.116671	71.8185
0.11692	71.7432
0.11717	71.6637
0.117419	71.5802
0.117669	71.4925
0.117918	71.4008
0.118168	71.305
0.118418	71.2053
0.118669	71.1016
0.118919	70.9939
0.119169	70.8824
0.11942	70.7672
0.119671	70.6482
0.119922	70.5255
0.120173	70.3993
0.120424	70.2696
0.120676	70.1365
0.120927	70.0001
0.121179	69.8605
0.121431	69.7177
0.121683	69.5719
0.121935	69.4231
0.122188	69.2715
0.12244	69.1171
0.122693	68.9601
0.122946	68.8006
0.123199	68.6386
0.123452	68.4742
0.123705	68.3076
0.123959	68.1388
0.124213	67.9679
0.124466	67.7951
0.12472	67.6205
0.124975	67.444
0.125229	67.2659
0.125483	67.0862
0.125738	66.905
0.125993	66.7224
0.126247	66.5386
0.126503	66.3535
0.126758	66.1673
0.127013	65.9801
0.127269	65.792
0.127524	65.603
0.12778	65.4132
0.128036	65.2228
0.128292	65.0318
0.128549	64.8403
0.128805	64.6484
0.129062	64.4562
0.129319	64.2637
0.129576	64.071
0.129833	63.8783
0.13009	63.6856
0.130347	63.493
0.130605	63.3005
0.130863	63.1083
0.131121	62.9165
0.131379	62.7251
0.131637	62.5343
0.131637	62.5343
0.131896	62.3441
0.132154	62.1546
0.132413	61.9659
0.132672	61.7782
0.132931	61.5916
0.13319	61.4062
0.133449	61.2221
0.133709	61.0394
0.133969	60.8583
0.134228	60.679
0.134488	60.5017
0.134749	60.3265
0.135009	60.1537
0.135269	59.9834
0.13553	59.8161
0.135791	59.652
0.136052	59.4914
0.136313	59.3347
0.136574	59.1824
0.136836	59.0349
0.137097	58.8928
0.137359	58.7568
0.137621	58.6276
0.137883	58.5061
0.138145	58.3932
0.138408	58.29
0.13867	58.1979
0.138933	58.1183
0.139196	58.0529
0.139459	58.0037
0.139722	57.9728
0.139986	57.9636
0.140249	57.9784
0.140513	58.022
0.140777	58.0987
0.141041	58.2111
0.141305	58.3641
0.14157	58.5638
0.141834	58.8173
0.142099	59.1313
0.142364	59.5138
0.142629	59.9734
0.142894	60.5186
0.14316	61.1578
0.143425	61.8982
0.143691	62.7455
0.143957	63.7016
0.144223	64.7632
0.144489	65.9231
0.144755	67.1503
0.145022	68.4224
0.145289	69.7116
0.145555	70.9612
0.145822	72.1249
0.14609	73.1604
0.146357	74.0358
0.146625	74.7334
0.146892	75.2522
0.14716	75.6028
0.147428	75.803
0.147696	75.8701
0.147965	75.8215
0.148233	75.7006
0.148502	75.5288
0.148771	75.3092
0.14904	75.0667
0.149309	74.8176
0.149578	74.5684
0.149848	74.3202
0.150117	74.0735
0.150387	73.8294
0.150657	73.5897
0.150928	73.3567
0.151198	73.1327
0.151468	72.9186
0.151739	72.7139
0.15201	72.5185
0.152281	72.3319
0.152552	72.1531
0.152824	71.9815
0.153095	71.8166
0.153367	71.6579
0.153639	71.505
0.153911	71.3576
0.154183	71.2153
0.154455	71.0776
0.154728	70.9444
0.155001	70.8152
0.155273	70.6897
0.155546	70.5677
0.15582	70.4489
0.156093	70.333
0.156367	70.22
0.15664	70.1095
0.156914	70.0015
0.157188	69.8957
0.157463	69.7921
0.157737	69.6906
0.158012	69.591
0.158286	69.4934
0.158561	69.3975
0.158836	69.3033
0.159112	69.2108
0.159387	69.12
0.159663	69.0307
0.159938	68.943
0.160214	68.8569
0.16049	68.7723
0.160767	68.6892
0.161043	68.6075
0.16132	68.5274
0.161597	68.4487
0.161873	68.3715
0.162151	68.2957
0.162428	68.2215
0.162705	68.1487
0.162983	68.0775
0.163261	68.0078
0.163539	67.9398
0.163817	67.8733
0.164095	67.8085
0.164374	67.7454
0.164653	67.6841
0.164931	67.6246
0.165211	67.567
0.16549	67.5113
0.165769	67.4577
0.166049	67.4061
0.166328	67.3568
0.166608	67.3097
0.166888	67.2649
0.167169	67.2225
0.167449	67.1826
0.16773	67.1454
0.16801	67.1108
0.168291	67.0789
0.168572	67.05
0.168854	67.024
0.169135	67.0012
0.169417	66.9815
0.169699	66.9653
0.169981	66.9524
0.170263	66.9432
0.170545	66.9368
0.170828	66.9356
0.17111	66.9396
0.171393	66.9463
0.171676	66.9573
0.171959	66.9728
0.172243	66.993
0.172526	67.0179
0.17281	67.0476
0.173094	67.0824
0.173378	67.1224
0.173662	67.1679
0.173947	67.2188
0.174231	67.2754
0.174516	67.3377
0.174801	67.4058
0.175086	67.4797
0.175372	67.5595
0.175657	67.6454
0.175943	67.7373
0.176229	67.8353
0.176515	67.9393
0.176801	68.0493
0.176801	68.0493
0.177087	68.1653
0.177374	68.2871
0.177661	68.4147
0.177948	68.5478
0.178235	68.6862
0.178522	68.8297
0.178809	68.978
0.179097	69.1307
0.179385	69.2875
0.179673	69.4479
0.179961	69.6114
0.180249	69.7776
0.180538	69.9459
0.180827	70.1158
0.181115	70.2868
0.181405	70.4581
0.181694	70.6293
0.181983	70.7997
0.182273	70.9688
0.182563	71.136
0.182853	71.3007
0.183143	71.4624
0.183433	71.6206
0.183723	71.7749
0.184014	71.9249
0.184305	72.0701
0.184596	72.2104
0.184887	72.3454
0.185179	72.475
0.18547	72.5989
0.185762	72.7171
0.186054	72.8295
0.186346	72.9362
0.186638	73.037
0.186931	73.1321
0.187224	73.2216
0.187516	73.3056
0.187809	73.3842
0.188103	73.4576
0.188396	73.5259
0.18869	73.5894
0.188983	73.6483
0.189277	73.7027
0.189571	73.7529
0.189866	73.799
0.19016	73.8413
0.190455	73.88
0.19075	73.9153
0.191045	73.9474
0.19134	73.9765
0.191635	74.0028
0.191931	74.0264
0.192227	74.0475
0.192523	74.0663
0.192819	74.083
0.193115	74.0976
0.193412	74.1104
0.193708	74.1215
0.194005	74.1309
0.194302	74.1389
0.194599	74.1456
0.194897	74.151
0.195194	74.1552
0.195492	74.1584
0.19579	74.1608
0.196088	74.1623
0.196387	74.1631
0.196685	74.1631
0.196984	74.1624
0.197283	74.1614
0.197582	74.1602
0.197881	74.1586
0.198181	74.1566
0.19848	74.1544
0.19878	74.152
0.19908	74.1496
0.19938	74.1472
0.199681	74.1448
0.199981	74.1425
0.200282	74.1403
0.200583	74.1384
0.200884	74.1366
0.201185	74.1352
0.201487	74.1343
0.201789	74.1337
0.20209	74.1336
0.202392	74.134
0.202695	74.1349
0.202997	74.1365
0.2033	74.1387
0.203603	74.1417
0.203906	74.1453
0.204209	74.1498
0.204512	74.1551
0.204816	74.1612
0.205119	74.1683
0.205423	74.1762
0.205727	74.1851
0.206032	74.195
0.206336	74.2059
0.206641	74.2177
0.206946	74.2305
0.207251	74.2444
0.207556	74.2592
0.207862	74.2751
0.208167	74.2919
0.208473	74.3096
0.208779	74.3283
0.209085	74.3479
0.209392	74.3683
0.209698	74.3896
0.210005	74.4116
0.210312	74.4342
0.210619	74.4575
0.210927	74.4813
0.211234	74.5055
0.211542	74.5301
0.21185	74.5549
0.212158	74.5798
0.212466	74.6048
0.212775	74.6296
0.213083	74.6542
0.213392	74.6784
0.213701	74.7021
0.21401	74.7252
0.21432	74.7474
0.21463	74.7687
0.214939	74.7889
0.215249	74.8078
0.21556	74.8254
0.21587	74.8413
0.216181	74.8556
0.216491	74.8681
0.216802	74.8785
0.217114	74.8869
0.217425	74.8931
0.217736	74.8973
0.218048	74.8982
0.21836	74.8962
0.218672	74.8924
0.218985	74.8858
0.219297	74.8762
0.21961	74.8637
0.219923	74.8482
0.220236	74.8298
0.220549	74.8083
0.220863	74.7836
0.221176	74.7557
0.22149	74.7247
0.22149	74.7247
0.221804	74.6904
0.222119	74.653
0.222433	74.6125
0.222748	74.5688
0.223063	74.522
0.223378	74.4721
0.223693	74.4191
0.224008	74.3631
0.224324	74.3041
0.22464	74.2422
0.224956	74.1774
0.225272	74.1097
0.225589	74.0393
0.225905	73.9662
0.226222	73.8904
0.226539	73.8121
0.226856	73.7313
0.227174	73.648
0.227491	73.5624
0.227809	73.4744
0.228127	73.3842
0.228445	73.2919
0.228764	73.1975
0.229082	73.101
0.229401	73.0025
0.22972	72.9022
0.230039	72.7999
0.230358	72.6958
0.230678	72.5899
0.230998	72.4823
0.231318	72.3729
0.231638	72.2617
0.231958	72.1488
0.232279	72.0342
0.2326	71.9178
0.232921	71.7996
0.233242	71.6795
0.233563	71.5575
0.233885	71.4336
0.234206	71.3076
0.234528	71.1794
0.234851	71.0491
0.235173	70.9165
0.235495	70.7815
0.235818	70.644
0.236141	70.504
0.236464	70.3613
0.236788	70.216
0.237111	70.0678
0.237435	69.9169
0.237759	69.7631
0.238083	69.6066
0.238408	69.4472
0.238732	69.2851
0.239057	69.1204
0.239382	68.9531
0.239707	68.7834
0.240032	68.6114
0.240358	68.4374
0.240684	68.2616
0.24101	68.0843
0.241336	67.9056
0.241662	67.726
0.241989	67.5458
0.242316	67.3653
0.242643	67.1849
0.24297	67.0052
0.243297	66.8264
0.243625	66.6489
0.243953	66.4732
0.244281	66.3
0.244609	66.1296
0.244937	65.9625
0.245266	65.7993
0.245595	65.6406
0.245924	65.4868
0.246253	65.3386
0.246582	65.1965
0.246912	65.0612
0.247242	64.9332
0.247572	64.8133
0.247902	64.702
0.248232	64.6001
0.248563	64.5082
0.248894	64.4271
0.249225	64.3574
0.249556	64.3
0.249888	64.2553
0.250219	64.2241
0.250551	64.2051
0.250883	64.2059
0.251216	64.2236
0.251548	64.2533
0.251881	64.3012
0.252214	64.3668
0.252547	64.4501
0.25288	64.5513
0.253214	64.6707
0.253547	64.8086
0.253881	64.9649
0.254216	65.1391
0.25455	65.3302
0.254884	65.5371
0.255219	65.7584
0.255554	65.9923
0.255889	66.2368
0.256225	66.4898
0.25656	66.7484
0.256896	67.01
0.257232	67.272
0.257568	67.5314
0.257905	67.7851
0.258242	68.0304
0.258578	68.2648
0.258915	68.4861
0.259253	68.6923
0.25959	68.8821
0.259928	69.0543
0.260266	69.2082
0.260604	69.3436
0.260942	69.4606
0.261281	69.5594
0.261619	69.6407
0.261958	69.7054
0.262298	69.7545
0.262637	69.7891
0.262976	69.8102
0.263316	69.8193
0.263656	69.816
0.263996	69.8021
0.264337	69.7802
0.264678	69.7501
0.265018	69.713
0.265359	69.6697
0.265701	69.6208
0.266042	69.5668
0.266384	69.5081
0.266726	69.4454
0.267068	69.3792
0.26741	69.3101
0.267753	69.2385
0.268095	69.1647
0.268438	69.089
0.268782	69.0117
0.269125	68.933
0.269469	68.8532
0.269812	68.7723
0.270156	68.6907
0.270501	68.6084
0.270845	68.5256
0.27119	68.4425
0.271535	68.3591
0.27188	68.2757
0.272225	68.1923
0.272571	68.109
0.272916	68.026
0.273262	67.9433
0.273608	67.8611
0.273955	67.7795
0.274301	67.6987
0.274648	67.6186
0.274995	67.5396
0.275342	67.4616
0.27569	67.3849
0.276038	67.3096
0.276385	67.2358
0.276733	67.1637
0.277082	67.0935
0.27743	67.0253
0.277779	66.9593
0.278128	66.8957
0.278477	66.8347
0.278827	66.7764
0.279176	66.7212
0.279526	66.6691
0.279876	66.6204
0.280226	66.5754
0.280577	66.5342
0.280927	66.4972
0.281278	66.4644
0.28163	66.4362
0.28163	66.4362
0.281981	66.4128
0.282332	66.3944
0.282684	66.3812
0.283036	66.3726
0.283388	66.3715
0.283741	66.377
0.284093	66.3868
0.284446	66.4033
0.284799	66.4265
0.285153	66.4563
0.285506	66.4928
0.28586	66.5363
0.286214	66.5871
0.286568	66.6452
0.286923	66.7107
0.287277	66.7836
0.287632	66.8638
0.287987	66.9513
0.288342	67.046
0.288698	67.1478
0.289054	67.2565
0.28941	67.3718
0.289766	67.4936
0.290122	67.6215
0.290479	67.7551
0.290836	67.8941
0.291193	68.0378
0.29155	68.1859
0.291907	68.3378
0.292265	68.493
0.292623	68.6507
0.292981	68.8105
0.29334	68.9716
0.293698	69.1335
0.294057	69.2955
0.294416	69.4571
0.294775	69.6176
0.295135	69.7765
0.295494	69.9332
0.295854	70.0874
0.296215	70.2385
0.296575	70.3862
0.296936	70.5301
0.297296	70.67
0.297657	70.8056
0.298019	70.9369
0.29838	71.0636
0.298742	71.1857
0.299104	71.3032
0.299466	71.4162
0.299828	71.5246
0.300191	71.6285
0.300554	71.7281
0.300917	71.8236
0.30128	71.915
0.301644	72.0026
0.302008	72.0865
0.302372	72.1669
0.302736	72.2441
0.3031	72.3183
0.303465	72.3896
0.30383	72.4584
0.304195	72.5247
0.30456	72.5888
0.304926	72.6509
0.305291	72.7113
0.305657	72.77
0.306024	72.8274
0.30639	72.8835
0.306757	72.9385
0.307124	72.9925
0.307491	73.0458
0.307858	73.0985
0.308226	73.1507
0.308594	73.2025
0.308962	73.254
0.30933	73.3054
0.309699	73.3568
0.309699	73.3568
0.310067	73.4082
0.310436	73.4597
0.310805	73.5114
0.311175	73.5633
0.311545	73.6154
0.311914	73.6679
0.312284	73.7207
0.312655	73.7738
0.313025	73.8273
0.313396	73.8811
0.313767	73.9351
0.314139	73.9894
0.31451	74.0439
0.314882	74.0985
0.315254	74.1532
0.315626	74.2079
0.315998	74.2625
0.316371	74.3169
0.316744	74.371
0.317117	74.4247
0.31749	74.4778
0.317864	74.5303
0.318238	74.5819
0.318612	74.6326
0.318986	74.6822
0.31936	74.7305
0.319735	74.7775
0.32011	74.823
0.320485	74.8668
0.320861	74.9089
0.321236	74.949
0.321612	74.987
0.321988	75.0228
0.322365	75.0563
0.322741	75.0874
0.323118	75.1159
0.323495	75.1419
0.323872	75.1651
0.32425	75.1855
0.324628	75.203
0.325006	75.2177
0.325384	75.2294
0.325762	75.2381
0.326141	75.2444
0.32652	75.2467
0.326899	75.2454
0.327278	75.242
0.327658	75.2357
0.328038	75.2264
0.328418	75.2141
0.328798	75.1989
0.329179	75.1807
0.32956	75.1596
0.329941	75.1357
0.330322	75.1091
0.330704	75.0797
0.331085	75.0478
0.331467	75.0132
0.33185	74.9762
0.332232	74.9367
0.332615	74.8948
0.332998	74.8506
0.333381	74.8041
0.333764	74.7553
0.334148	74.7044
0.334532	74.6514
0.334916	74.5962
0.3353	74.5391
0.335685	74.4799
0.33607	74.4187
0.336455	74.3555
0.33684	74.2905
0.337226	74.2235
0.337612	74.1546
0.337998	74.0838
0.338384	74.0111
0.33877	73.9366
0.339157	73.8602
0.339544	73.7819
0.339931	73.7017
0.340319	73.6196
0.340706	73.5356
0.341094	73.4497
0.341483	73.3619
0.341871	73.2723
0.34226	73.1807
0.342649	73.0872
0.343038	72.9919
0.343427	72.8947
0.343817	72.7957
0.344207	72.6949
0.344597	72.5923
0.344987	72.488
0.345378	72.3821
0.345769	72.2745
0.34616	72.1655
0.346551	72.055
0.346943	71.9432
0.347334	71.8301
0.347727	71.716
0.348119	71.6009
0.348511	71.485
0.348904	71.3683
0.349297	71.2511
0.34969	71.1336
0.350084	71.0158
0.350478	70.8981
0.350872	70.7805
0.351266	70.6632
0.35166	70.5465
0.352055	70.4306
0.35245	70.3156
0.352845	70.2017
0.353241	70.0892
0.353637	69.9782
0.354033	69.869
0.354429	69.7617
0.354825	69.6566
0.355222	69.5538
0.355619	69.4535
0.356016	69.356
0.356414	69.2613
0.356811	69.1697
0.357209	69.0814
0.357607	68.9964
0.358006	68.915
0.358404	68.8373
0.358803	68.7634
0.359202	68.6934
0.359602	68.6275
0.360002	68.5657
0.360401	68.5081
0.360802	68.4548
0.361202	68.4059
0.361603	68.3613
0.362004	68.3212
0.362405	68.2854
0.362806	68.2541
0.363208	68.2271
0.36361	68.2044
0.364012	68.186
0.364414	68.1717
0.364817	68.1615
0.36522	68.1552
0.365623	68.1522
0.366026	68.1535
0.36643	68.159
0.366834	68.1668
0.367238	68.1775
0.367642	68.1909
0.368047	68.2069
0.368452	68.2253
0.368857	68.2458
0.369262	68.268
0.369668	68.2918
0.370074	68.3169
0.37048	68.3428
0.370886	68.3694
0.371293	68.3965
0.3717	68.4236
0.372107	68.4506
0.372515	68.4772
0.372922	68.5032
0.37333	68.5283
0.373738	68.5524
0.374147	68.5752
0.374555	68.5965
0.374964	68.6163
0.375374	68.6343
0.375783	68.6504
0.376193	68.6645
0.376603	68.6766
0.377013	68.6866
0.377423	68.6944
0.377834	68.7005
0.378245	68.7037
0.378656	68.7042
0.379068	68.7035
0.379479	68.7007
0.379891	68.6959
0.380304	68.6891
0.380716	68.6805
0.381129	68.6702
0.381542	68.6582
0.381955	68.6447
0.382369	68.6299
0.382782	68.6139
0.383196	68.5969
0.383611	68.579
0.384025	68.5604
0.38444	68.5413
0.384855	68.5219
0.38527	68.5023
0.385686	68.4827
0.386102	68.4634
0.386518	68.4444
0.386934	68.4261
0.387351	68.4085
0.387767	68.3919
0.388185	68.3764
0.388602	68.3623
0.38902	68.3496
0.389437	68.3387
0.389856	68.3296
0.390274	68.3226
0.390693	68.3177
0.391112	68.3152
0.391531	68.3151
0.39195	68.3179
0.39237	68.3239
0.39279	68.3325
0.39321	68.344
0.393631	68.3586
0.394051	68.3765
0.394472	68.3979
0.394894	68.4228
0.395315	68.4513
0.395737	68.4835
0.396159	68.5194
0.396581	68.5591
0.397004	68.6025
0.397427	68.6498
0.39785	68.7009
0.398273	68.7558
0.398697	68.8146
0.399121	68.8771
0.399545	68.9434
0.399969	69.0134
0.400394	69.0871
0.400819	69.1643
0.401244	69.2449
0.40167	69.3289
0.40167	69.3289
0.402095	69.4161
0.402521	69.5064
0.402948	69.5997
0.403374	69.6958
0.403801	69.7946
0.404228	69.8958
0.404655	69.9993
0.405083	70.1049
0.405511	70.2124
0.405939	70.3217
0.406367	70.4325
0.406796	70.5446
0.407225	70.6578
0.407654	70.772
0.408083	70.8868
0.408513	71.0022
0.408943	71.1179
0.409373	71.2337
0.409804	71.3494
0.410234	71.4649
0.410665	71.58
0.411097	71.6944
0.411528	71.8081
0.41196	71.9209
0.412392	72.0327
0.412825	72.1432
0.413257	72.2524
0.41369	72.3601
0.414123	72.4662
0.414557	72.5707
0.41499	72.6734
0.415424	72.7742
0.415859	72.873
0.416293	72.9698
0.416728	73.0645
0.417163	73.1569
0.417598	73.2471
0.418034	73.335
0.41847	73.4205
0.418906	73.5037
0.419342	73.5843
0.419779	73.6625
0.420216	73.7381
0.420653	73.8111
0.421091	73.8816
0.421528	73.9494
0.421967	74.0146
0.422405	74.0772
0.422843	74.137
0.423282	74.1942
0.423721	74.2486
0.424161	74.3003
0.4246	74.3493
0.42504	74.3955
0.425481	74.4389
0.425921	74.4796
0.426362	74.5176
0.426803	74.5527
0.427244	74.5851
0.427686	74.6148
0.428128	74.6417
0.42857	74.6658
0.429012	74.6872
0.429455	74.7059
0.429898	74.7218
0.430341	74.735
0.430784	74.7457
0.431228	74.7534
0.431672	74.7579
0.432117	74.7601
0.432561	74.76
0.433006	74.7571
0.433451	74.7515
0.433897	74.7434
0.434342	74.7326
0.434788	74.7193
0.435234	74.7033
0.435681	74.6849
0.436128	74.664
0.436575	74.6406
0.437022	74.6149
0.43747	74.5868
0.437918	74.5563
0.438366	74.5236
0.438814	74.4886
0.439263	74.4514
0.439712	74.4121
0.440161	74.3707
0.440611	74.3273
0.441061	74.2819
0.441511	74.2345
0.441961	74.1854
0.442412	74.1344
0.442863	74.0817
0.443314	74.0273
0.443766	73.9714
0.444218	73.9139
0.44467	73.855
0.445122	73.7948
0.445575	73.7332
0.446028	73.6705
0.446481	73.6066
0.446934	73.5416
0.447388	73.4757
0.447842	73.4089
0.448297	73.3413
0.448751	73.273
0.449206	73.2041
0.449661	73.1346
0.450117	73.0647
0.450573	72.9945
0.451029	72.9241
0.451485	72.8534
0.451941	72.7827
0.452398	72.7119
0.452855	72.6412
0.453313	72.5707
0.453771	72.5004
0.454229	72.4304
0.454687	72.3609
0.455146	72.2918
0.455604	72.2232
0.456064	72.1553
0.456523	72.0881
0.456983	72.0216
0.457443	71.956
0.457903	71.8913
0.458364	71.8276
0.458824	71.7649
0.459286	71.7033
0.459747	71.6429
0.460209	71.5837
0.460671	71.5259
0.461133	71.4694
0.461596	71.4142
0.462058	71.3606
0.462522	71.3084
0.462985	71.2577
0.463449	71.2086
0.463913	71.1611
0.464377	71.1153
0.464842	71.0711
0.465306	71.0286
0.465772	70.9878
0.466237	70.9488
0.466703	70.9115
0.467169	70.876
0.467635	70.8423
0.468102	70.8104
0.468569	70.7803
0.469036	70.752
0.469503	70.7255
0.469971	70.7008
0.470439	70.6779
0.470907	70.6568
0.471376	70.6375
0.471845	70.62
0.472314	70.6042
0.472784	70.5901
0.473253	70.5778
0.473724	70.5671
0.474194	70.5581
0.474665	70.5508
0.475136	70.5451
0.475136	70.5451
0.475607	70.541
0.476078	70.5385
0.47655	70.5375
0.477022	70.538
0.477495	70.54
0.477967	70.5434
0.47844	70.5483
0.478914	70.5544
0.479387	70.5621
0.479861	70.5713
0.480335	70.5816
0.48081	70.5931
0.481285	70.6059
0.48176	70.6199
0.482235	70.6351
0.482711	70.6515
0.483187	70.669
0.483663	70.6877
0.484139	70.7075
0.484616	70.7284
0.485093	70.7504
0.485571	70.7734
0.486048	70.7976
0.486527	70.8228
0.487005	70.849
0.487483	70.8763
0.487962	70.9047
0.488442	70.9341
0.488921	70.9646
0.489401	70.996
0.489881	71.0286
0.490361	71.0621
0.490842	71.0967
0.491323	71.1324
0.491804	71.1691
0.492286	71.2068
0.492768	71.2457
0.49325	71.2856
0.493732	71.3266
0.494215	71.3687
0.494698	71.4119
0.495182	71.4563
0.495665	71.5017
0.496149	71.5483
0.496633	71.5961
0.497118	71.645
0.497603	71.6951
0.498088	71.7463
0.498574	71.7987
0.499059	71.8522
0.499545	71.9068
0.500032	71.9626
0.500518	72.0195
0.501005	72.0774
0.501493	72.1365
0.50198	72.1967
0.502468	72.2579
0.502956	72.3201
0.503445	72.3833
0.503934	72.4476
0.504423	72.5128
0.504912	72.5789
0.505402	72.6459
0.505892	72.7138
0.506382	72.7825
0.506873	72.8519
0.507364	72.9221
0.507855	72.9929
0.508346	73.0644
0.508838	73.1364
0.50933	73.209
0.509823	73.282
0.510316	73.3555
0.510809	73.4293
0.511302	73.5035
0.511796	73.578
0.51229	73.6527
0.512784	73.7277
0.513278	73.8027
0.513773	73.8778
0.514268	73.9529
0.514764	74.028
0.51526	74.1029
0.515756	74.1777
0.516252	74.2524
0.516749	74.3269
0.517246	74.4011
0.517743	74.4751
0.518241	74.5488
0.518739	74.6222
0.519237	74.6953
0.519736	74.7681
0.520235	74.8406
0.520734	74.9128
0.521233	74.9846
0.521733	75.0559
0.522233	75.127
0.522734	75.1979
0.523235	75.2686
0.523736	75.3391
0.524237	75.4094
0.524739	75.4793
0.525241	75.549
0.525743	75.619
0.526246	75.6893
0.526748	75.7597
0.527252	75.8302
0.527755	75.9007
0.528259	75.9717
0.528763	76.0431
0.529268	76.1152
0.529773	76.188
0.530278	76.2616
0.530783	76.3363
0.531289	76.412
0.531795	76.4889
0.532301	76.5674
0.532808	76.6474
0.533315	76.7293
0.533822	76.8132
0.53433	76.8993
0.534838	76.9878
0.535346	77.0789
0.535854	77.1729
0.536363	77.2701
0.536873	77.3707
0.537382	77.4749
0.537892	77.5831
0.538402	77.6957
0.538912	77.8129
0.539423	77.9352
0.539934	78.0629
0.540446	78.1963
0.540957	78.3358
0.541469	78.4821
0.541982	78.6355
0.542494	78.7966
0.543007	78.9658
0.543007	78.9658
0.543521	79.1436
0.544034	79.3305
0.544548	79.5275
0.545063	79.7351
0.545577	79.9537
0.546092	80.1838
0.546607	80.4266
0.547123	80.6828
0.547639	80.9532
0.548155	81.238
0.548671	81.5378
0.549188	81.8537
0.549705	82.1876
0.550223	82.5397
0.550741	82.9089
0.551259	83.2958
0.551777	83.701
0.552296	84.1252
0.552815	84.5685
0.553334	85.0313
0.553854	85.5135
0.554374	86.0148
0.554894	86.5346
0.555415	87.0722
0.555936	87.6266
0.556457	88.1969
0.556979	88.7821
0.557501	89.381
0.558023	89.9924
0.558546	90.6147
0.559069	91.2464
0.559592	91.8866
0.560116	92.5347
0.560639	93.1896
0.561164	93.8502
0.561688	94.5152
0.562213	95.1836
0.562738	95.8548
0.563264	96.5279
0.56379	97.2024
0.564316	97.8777
0.564842	98.5537
0.565369	99.2299
0.565896	99.906
0.566424	100.582
0.566952	101.256
0.56748	101.93
0.568008	102.603
0.568537	103.275
0.569066	103.945
0.569596	104.613
0.570125	105.281
0.570656	105.946
0.571186	106.61
0.571717	107.273
0.572248	107.933
0.572779	108.592
0.573311	109.25
0.573843	109.905
0.574376	110.559
0.574908	111.211
0.575441	111.862
0.575975	112.51
0.576509	113.158
0.577043	113.803
0.577577	114.447
0.578112	115.09
0.578647	115.73
0.579182	116.37
0.579718	117.007
0.580254	117.644
0.58079	118.278
0.581327	118.912
0.581864	119.543
0.582401	120.174
0.582939	120.803
0.583477	121.43
0.584016	122.056
0.584554	122.68
0.585093	123.304
0.585633	123.925
0.586172	124.546
0.586713	125.164
0.587253	125.782
0.587794	126.398
0.588335	127.012
0.588876	127.625
0.589418	128.236
0.58996	128.846
0.590502	129.455
0.591045	130.061
0.591588	130.667
0.592131	131.27
0.592675	131.872
0.593219	132.473
0.593764	133.071
0.594308	133.668
0.594854	134.263
0.595399	134.857
0.595945	135.448
0.596491	136.038
0.597037	136.626
0.597584	137.212
0.598131	137.796
0.598679	138.377
0.599226	138.957
0.599775	139.535
0.600323	140.11
0.600872	140.684
0.601421	141.255
0.601971	141.824
0.60252	142.39
0.603071	142.955
0.603621	143.516
0.604172	144.076
0.604723	144.633
0.605275	145.187
0.605827	145.739
0.606379	146.288
0.606931	146.835
0.607484	147.379
0.608038	147.921
0.608591	148.459
0.609145	148.995
0.609699	149.528
0.610254	150.059
0.610809	150.586
0.611364	151.111
0.61192	151.633
0.612476	152.152
0.613032	152.668
0.613589	153.181
0.614146	153.691
0.614704	154.198
0.615261	154.702
0.615819	155.203
0.616378	155.702
0.616937	156.197
0.617496	156.689
0.618055	157.178
0.618615	157.665
0.619175	158.148
0.619736	158.628
0.620296	159.106
0.620858	159.58
0.621419	160.051
0.621981	160.52
0.622543	160.985
0.623106	161.448
0.623669	161.908
0.624232	162.364
0.624796	162.818
0.62536	163.269
0.625924	163.718
0.626489	164.163
0.627054	164.606
0.627619	165.046
0.628185	165.483
0.628751	165.918
0.629317	166.35
0.629884	166.78
0.630451	167.207
0.631019	167.631
0.631587	168.053
0.632155	168.472
0.632723	168.89
0.633292	169.304
0.633862	169.717
0.634431	170.127
0.635001	170.535
0.635571	170.94
0.636142	171.344
0.636713	171.745
0.637284	172.145
0.637856	172.542
0.638428	172.938
0.639001	173.331
0.639574	173.723
0.640147	174.113
0.64072	174.501
0.641294	174.887
0.641868	175.271
0.642443	175.654
0.643018	176.035
0.643593	176.415
0.644169	176.793
0.644745	177.17
0.645321	177.545
0.645898	177.919
0.646475	178.291
0.647052	178.662
0.64763	179.032
0.648208	179.401
0.648786	179.768
0.649365	180.134
0.649945	180.499
0.650524	180.863
0.651104	181.225
0.651684	181.587
0.652265	181.948
0.652846	182.307
0.653427	182.666
0.654009	183.023
0.654591	183.38
0.655174	183.736
0.655756	184.091
0.65634	184.445
0.656923	184.798
0.657507	185.15
0.658091	185.502
0.658676	185.852
0.659261	186.202
0.659846	186.551
0.660432	186.899
0.661018	187.247
0.661604	187.593
0.662191	187.939
0.662778	188.284
0.663366	188.629
0.663954	188.972
0.664542	189.315
0.665131	189.657
0.66572	189.999
0.666309	190.339
0.666899	190.679
0.666899	190.679
0.667489	191.018
0.668079	191.357
0.66867	191.694
0.669261	192.031
0.669853	192.367
0.670445	192.702
0.671037	193.036
0.671629	193.37
0.672222	193.702
0.672816	194.034
0.67341	194.365
0.674004	194.694
0.674598	195.023
0.675193	195.351
0.675788	195.678
0.676384	196.005
0.67698	196.33
0.677576	196.654
0.678173	196.977
0.67877	197.299
0.679367	197.62
0.679965	197.94
0.680563	198.259
0.681162	198.577
0.681761	198.893
0.68236	199.209
0.68296	199.523
0.68356	199.837
0.68416	200.149
0.684761	200.459
0.685362	200.769
0.685964	201.077
0.686565	201.385
0.687168	201.691
0.68777	201.995
0.688373	202.299
0.688977	202.601
0.68958	202.902
0.690185	203.201
0.690789	203.499
0.691394	203.796
0.691999	204.092
0.692605	204.386
0.693211	204.679
0.693817	204.971
0.694424	205.261
0.695031	205.55
0.695639	205.837
0.696246	206.123
0.696855	206.408
0.697463	206.692
0.698072	206.974
0.698682	207.255
0.699292	207.534
0.699902	207.813
0.700512	208.089
0.701123	208.365
0.701734	208.639
0.702346	208.912
0.702958	209.184
0.70357	209.454
0.704183	209.723
0.704796	209.991
0.70541	210.258
0.706024	210.523
0.706638	210.787
0.707253	211.05
0.707868	211.312
0.708484	211.572
0.709099	211.832
0.709716	212.09
0.710332	212.347
0.710949	212.603
0.711567	212.857
0.712184	213.111
0.712802	213.363
0.713421	213.615
0.71404	213.865
0.714659	214.115
0.715279	214.363
0.715899	214.61
0.716519	214.857
0.71714	215.102
0.717761	215.346
0.718383	215.59
0.719005	215.832
0.719627	216.074
0.72025	216.314
0.720873	216.554
0.721497	216.793
0.722121	217.031
0.722745	217.268
0.723369	217.504
0.723995	217.739
0.72462	217.974
0.725246	218.207
0.725872	218.44
0.726499	218.672
0.727126	218.904
0.727753	219.134
0.728381	219.364
0.729009	219.593
0.729638	219.821
0.730267	220.048
0.730896	220.275
0.731526	220.501
0.732156	220.726
0.732786	220.95
0.733417	221.174
0.734048	221.397
0.73468	221.619
0.735312	221.84
0.735945	222.061
0.736578	222.281
0.737211	222.5
0.737844	222.719
0.738478	222.937
0.739113	223.154
0.739748	223.37
0.740383	223.586
0.741019	223.801
0.741655	224.015
0.742291	224.229
0.742928	224.442
0.743565	224.654
0.744202	224.865
0.74484	225.076
0.745479	225.286
0.746118	225.495
0.746757	225.704
0.747396	225.911
0.748036	226.118
0.748677	226.325
0.749317	226.53
0.749959	226.735
0.7506	226.939
0.751242	227.143
0.751884	227.345
0.752527	227.547
0.75317	227.749
0.753814	227.949
0.754458	228.149
0.755102	228.348
0.755747	228.546
0.756392	228.743
0.757037	228.94
0.757683	229.136
0.75833	229.331
0.758976	229.526
0.759623	229.719
0.760271	229.912
0.760919	230.104
0.761567	230.296
0.762216	230.487
0.762865	230.676
0.763515	230.866
0.764165	231.054
0.764815	231.242
0.765466	231.429
0.766117	231.615
0.766768	231.801
0.76742	231.985
0.768073	232.169
0.768725	232.353
0.769379	232.535
0.770032	232.717
0.770686	232.898
0.771341	233.078
0.771995	233.258
0.772651	233.437
0.773306	233.615
0.773962	233.792
0.774619	233.969
0.775275	234.145
0.775933	234.32
0.77659	234.495
0.777248	234.669
0.777907	234.842
0.778566	235.015
0.779225	235.186
0.779885	235.358
0.780545	235.528
0.781205	235.698
0.781866	235.867
0.782527	236.035
0.783189	236.203
0.783851	236.37
0.784514	236.536
0.785177	236.702
0.78584	236.867
0.786504	237.031
0.787168	237.195
0.787833	237.358
0.788498	237.521
0.789163	237.683
0.789829	237.844
0.790495	238.004
0.791162	238.164
0.791829	238.323
0.792496	238.482
0.793164	238.64
0.793833	238.797
0.794501	238.954
0.79517	239.11
0.79584	239.266
0.79651	239.421
0.79718	239.575
0.797851	239.729
0.798522	239.882
0.799194	240.035
0.799866	240.187
0.800539	240.338
0.801211	240.489
0.801885	240.639
0.802558	240.789
0.803233	240.938
0.803907	241.087
0.804582	241.234
0.805257	241.382
0.805933	241.529
0.80661	241.675
0.807286	241.821
0.807963	241.966
0.808641	242.111
0.809319	242.255
0.809997	242.399
0.810676	242.542
0.811355	242.685
0.812034	242.827
0.812714	242.969
0.813395	243.11
0.814076	243.251
0.814757	243.391
0.815439	243.531
0.816121	243.671
0.816803	243.81
0.817486	243.948
0.81817	244.086
0.818853	244.224
0.819538	244.361
0.820222	244.498
0.820907	244.634
0.821593	244.77
0.822279	244.906
0.822965	245.041
0.823652	245.176
0.824339	245.31
0.825027	245.444
0.825715	245.578
0.826403	245.712
0.827092	245.845
0.827782	245.978
0.828471	246.11
0.829162	246.243
0.829852	246.375
0.830543	246.506
0.831235	246.638
0.831927	246.769
0.832619	246.9
0.833312	247.031
0.834005	247.162
0.834698	247.292
0.835393	247.423
0.836087	247.553
0.836782	247.683
0.837477	247.813
0.838173	247.943
0.838869	248.073
0.839566	248.203
0.839566	248.203
0.840263	248.333
0.84096	248.463
0.841658	248.592
0.842357	248.722
0.843056	248.852
0.843755	248.982
0.844454	249.112
0.845155	249.242
0.845855	249.372
0.846556	249.503
0.847257	249.633
0.847959	249.764
0.848662	249.895
0.849364	250.027
0.850067	250.158
0.850771	250.29
0.851475	250.423
0.852179	250.555
0.852884	250.688
0.85359	250.822
0.854295	250.956
0.855002	251.09
0.855708	251.225
0.856415	251.361
0.857123	251.497
0.857831	251.634
0.858539	251.771
0.859248	251.909
0.859957	252.048
0.860667	252.188
0.861377	252.328
0.862088	252.469
0.862799	252.612
0.86351	252.755
0.864222	252.899
0.864934	253.044
0.865647	253.19
0.86636	253.337
0.867074	253.486
0.867788	253.635
0.868503	253.786
0.869218	253.938
0.869933	254.092
0.870649	254.246
0.871365	254.403
0.872082	254.56
0.872799	254.72
0.873517	254.881
0.874235	255.043
0.874954	255.207
0.875673	255.373
0.876392	255.541
0.877112	255.71
0.877832	255.881
0.878553	256.055
0.879274	256.23
0.879996	256.407
0.880718	256.587
0.881441	256.769
0.882164	256.952
0.882887	257.139
0.883611	257.327
0.884335	257.518
0.88506	257.711
0.885785	257.907
0.886511	258.105
0.887237	258.306
0.887964	258.51
0.888691	258.716
0.889418	258.925
0.890146	259.136
0.890875	259.351
0.891604	259.569
0.892333	259.789
0.893063	260.012
0.893793	260.239
0.894524	260.468
0.895255	260.701
0.895986	260.937
0.896718	261.176
0.897451	261.418
0.898184	261.663
0.898917	261.912
0.899651	262.164
0.900385	262.419
0.90112	262.677
0.901855	262.939
0.902591	263.204
0.903327	263.473
0.904064	263.745
0.904801	264.021
0.905538	264.299
0.906276	264.582
0.907014	264.867
0.907753	265.156
0.908493	265.449
0.909232	265.744
0.909973	266.044
0.910713	266.346
0.911454	266.652
0.912196	266.962
0.912938	267.275
0.913681	267.591
0.914424	267.911
0.915167	268.234
0.915911	268.561
0.916655	268.892
0.9174	269.226
0.918146	269.565
0.918891	269.908
0.919638	270.255
0.920384	270.607
0.921131	270.965
0.921879	271.328
0.922627	271.697
0.923376	272.074
0.924125	272.461
0.924874	272.866
0.925624	273.302
0.926374	273.766
0.927125	274.241
0.927876	274.715
0.928628	275.188
0.929381	275.665
0.930133	276.147
0.930886	276.634
0.93164	277.125
0.932394	277.619
0.933149	278.116
0.933904	278.616
0.934659	279.12
0.935415	279.626
0.936172	280.136
0.936929	280.648
0.937686	281.162
0.938444	281.679
0.939202	282.198
0.939961	282.719
0.94072	283.242
0.94148	283.766
0.94224	284.293
0.943001	284.82
0.943762	285.349
0.944524	285.879
0.945286	286.41
0.946048	286.942
0.946812	287.474
0.947575	288.007
0.948339	288.54
0.949104	289.074
0.949868	289.608
0.950634	290.141
0.9514	290.675
0.952166	291.209
0.952933	291.742
0.9537	292.275
0.954468	292.808
0.955236	293.34
0.956005	293.87
0.957019	294.569
0.958032	295.264
0.959046	295.955
0.960059	296.641
0.961073	297.319
0.962086	297.987
0.9631	298.641
0.964114	299.278
0.965127	299.891
0.966141	300.476
0.967154	301.024
0.968168	301.531
0.969182	301.989
0.970195	302.385
0.971896	302.901
0.973598	303.234
0.974448	303.321
0.975299	303.361
0.975724	303.369
0.976149	303.37
0.976575	303.37
0.977	303.37
)
