(title "Static Temperature")
(labels "Position" "Static Temperature")

((xy/key/label "axis")
-0.01	300.097
-0.00993696	300.096
-0.00987393	300.087
-0.00974786	300.05
-0.00962179	300
-0.00949571	299.944
-0.00936964	299.886
-0.00924357	299.83
-0.0091175	299.778
-0.00899143	299.732
-0.00886536	299.692
-0.00873929	299.658
-0.00861321	299.63
-0.00848714	299.608
-0.00836107	299.591
-0.008235	299.578
-0.00810893	299.569
-0.00798286	299.564
-0.00785679	299.562
-0.00773071	299.564
-0.00760464	299.571
-0.00747857	299.583
-0.0073525	299.6
-0.00722643	299.622
-0.00710036	299.65
-0.00697429	299.683
-0.00684821	299.722
-0.00672214	299.766
-0.00659607	299.815
-0.00647	299.868
-0.00633636	299.925
-0.00620273	299.981
-0.00606909	300.03
-0.00593545	300.065
-0.00580182	300.082
-0.00566818	300.072
-0.00553455	300.029
-0.00540091	299.943
-0.00526727	299.806
-0.00513364	299.613
-0.005	299.359
-0.00486636	299.04
-0.00473273	298.654
-0.00459909	298.201
-0.00446545	297.679
-0.00433182	297.09
-0.00419818	296.435
-0.00406455	295.715
-0.00393091	294.932
-0.00379727	294.087
-0.00366364	293.184
-0.00353	292.225
-0.00340393	291.27
-0.00327786	290.268
-0.00315179	289.223
-0.00302571	288.137
-0.00289964	287.013
-0.00277357	285.855
-0.0026475	284.665
-0.00252143	283.448
-0.00239536	282.209
-0.00226929	280.951
-0.00214321	279.68
-0.00201714	278.4
-0.00189107	277.119
-0.001765	275.841
-0.00163893	274.572
-0.00151286	273.32
-0.00138679	272.091
-0.00126071	270.893
-0.00113464	269.732
-0.00100857	268.617
-0.0008825	267.554
-0.000756428	266.551
-0.000630357	265.617
-0.000504286	264.757
-0.000378214	263.979
-0.000252143	263.286
-0.000126071	262.684
1.52316e-10	262.176
0.000138276	261.724
0.000276552	261.377
0.000414827	261.125
0.000553103	260.957
0.000691379	260.858
0.000829655	260.812
0.00096793	260.805
0.00110621	260.821
0.00124448	260.846
0.00138276	260.863
0.00152103	260.862
0.00165931	260.836
0.00179758	260.775
0.00193586	260.673
0.00207414	260.521
0.00221241	260.316
0.00235069	260.052
0.00248896	259.727
0.00262724	259.337
0.00276552	258.88
0.00290379	258.355
0.00304207	257.761
0.00318034	257.095
0.00331862	256.359
0.00345689	255.552
0.00359517	254.673
0.00373345	253.724
0.00387172	252.706
0.00401	251.619
0.00414827	250.465
0.00428655	249.245
0.00442482	247.962
0.0045631	246.618
0.00470138	245.217
0.00483965	243.761
0.00497793	242.254
0.0051162	240.701
0.00525448	239.106
0.00539275	237.477
0.00553103	235.823
0.00566931	234.157
0.00580758	232.495
0.00594586	230.863
0.00608413	229.293
0.00622241	227.827
0.00636068	226.512
0.00649896	225.391
0.00663724	224.497
0.00677551	223.836
0.00677551	223.836
0.00691379	223.38
0.00705206	223.067
0.00719034	222.808
0.00732861	222.507
0.00746689	222.087
0.00760517	221.498
0.00774344	220.728
0.00788172	219.794
0.00801999	218.733
0.00815827	217.588
0.00829654	216.397
0.00843482	215.19
0.0085731	213.99
0.00871137	212.808
0.00884965	211.649
0.00898792	210.516
0.0091262	209.404
0.00926447	208.312
0.00940275	207.234
0.00954103	206.167
0.0096793	205.106
0.00981758	204.049
0.00995585	202.992
0.0100941	201.934
0.0102324	200.873
0.0103707	199.81
0.010509	198.744
0.0106472	197.677
0.0107855	196.611
0.0109238	195.547
0.0110621	194.488
0.0112003	193.436
0.0113386	192.391
0.0114769	191.357
0.0116152	190.332
0.0117534	189.317
0.0118917	188.311
0.01203	187.312
0.0121683	186.321
0.0123065	185.335
0.0124448	184.356
0.0125831	183.384
0.0127214	182.421
0.0128596	181.468
0.0129979	180.529
0.0131362	179.607
0.0132745	178.704
0.0134127	177.822
0.013551	176.961
0.0136893	176.122
0.0138276	175.303
0.0139659	174.502
0.0141041	173.715
0.0142424	172.939
0.0143807	172.17
0.014519	171.405
0.0146572	170.64
0.0147955	169.874
0.0149338	169.105
0.0150721	168.333
0.0152103	167.557
0.0153486	166.779
0.0154869	166
0.0156252	165.222
0.0157634	164.446
0.0159017	163.675
0.01604	162.911
0.0161783	162.155
0.0163165	161.409
0.0164548	160.674
0.0165931	159.952
0.0167314	159.243
0.0168696	158.548
0.0170079	157.867
0.0171462	157.201
0.0172845	156.548
0.0174227	155.91
0.017561	155.284
0.0176993	154.671
0.0178376	154.07
0.0179758	153.481
0.0181141	152.901
0.0182524	152.331
0.0183907	151.769
0.0185289	151.215
0.0186672	150.668
0.0188055	150.128
0.0189438	149.594
0.0190821	149.065
0.0192203	148.542
0.0193586	148.025
0.0194969	147.512
0.0196352	147.005
0.0197734	146.504
0.0199117	146.008
0.02005	145.517
0.0201883	145.033
0.0203265	144.554
0.0204648	144.081
0.0206031	143.615
0.0207414	143.154
0.0208796	142.699
0.0210179	142.249
0.0211562	141.806
0.0212945	141.367
0.0214327	140.934
0.021571	140.506
0.0217093	140.082
0.0218476	139.664
0.0219858	139.249
0.0221241	138.84
0.0222624	138.435
0.0224007	138.034
0.0225389	137.639
0.0226772	137.248
0.0228155	136.862
0.0229538	136.481
0.0230921	136.106
0.0232303	135.737
0.0233686	135.373
0.0235069	135.015
0.0236452	134.664
0.0237834	134.319
0.0239217	133.981
0.02406	133.649
0.0241983	133.324
0.0243365	133.006
0.0244748	132.694
0.0246131	132.388
0.0247514	132.089
0.0248896	131.796
0.0250279	131.508
0.0251662	131.227
0.0253045	130.951
0.0254427	130.68
0.025581	130.414
0.0257193	130.154
0.0258576	129.898
0.0258576	129.898
0.0259958	129.646
0.0261341	129.4
0.0262724	129.157
0.0264107	128.92
0.0265489	128.686
0.0266872	128.457
0.0268255	128.232
0.0269638	128.012
0.027102	127.796
0.0272403	127.585
0.0273786	127.379
0.0275169	127.177
0.0276551	126.98
0.0277934	126.788
0.0279317	126.6
0.02807	126.418
0.0282083	126.24
0.0283465	126.068
0.0284848	125.901
0.0286231	125.738
0.0287614	125.581
0.0288996	125.428
0.0290379	125.28
0.0291762	125.137
0.0293145	124.999
0.0294527	124.865
0.029591	124.736
0.0297293	124.611
0.0298676	124.49
0.0300058	124.373
0.0301441	124.26
0.0302824	124.151
0.0304207	124.046
0.0305589	123.945
0.0306972	123.847
0.0308355	123.753
0.0309738	123.663
0.031112	123.576
0.0312503	123.492
0.0313886	123.412
0.0315269	123.335
0.0316651	123.261
0.0318034	123.191
0.0319417	123.125
0.03208	123.061
0.0322182	123.001
0.0323565	122.944
0.0324948	122.891
0.0326331	122.841
0.0327714	122.793
0.0329096	122.749
0.0330479	122.708
0.0331862	122.669
0.0333245	122.633
0.0334627	122.599
0.033601	122.568
0.0337393	122.538
0.0338776	122.51
0.0340158	122.483
0.0341541	122.458
0.0342924	122.433
0.0344307	122.409
0.0345689	122.384
0.0347072	122.36
0.0348455	122.335
0.0349838	122.31
0.035122	122.283
0.0352603	122.254
0.0353986	122.224
0.0355369	122.192
0.0356751	122.157
0.0358134	122.119
0.0359517	122.079
0.03609	122.036
0.0362282	121.989
0.0363665	121.939
0.0365048	121.885
0.0366431	121.827
0.0367813	121.766
0.0369196	121.7
0.0370579	121.63
0.0371962	121.556
0.0373344	121.478
0.0374727	121.395
0.037611	121.307
0.0377493	121.215
0.0378876	121.119
0.0380258	121.018
0.0381641	120.913
0.0383024	120.804
0.0384407	120.689
0.0385789	120.571
0.0387172	120.448
0.0388555	120.321
0.0389938	120.19
0.039132	120.055
0.0392703	119.916
0.0394086	119.773
0.0395469	119.626
0.0396851	119.476
0.0398234	119.321
0.0399617	119.164
0.0401	119.003
0.0402382	118.838
0.0403765	118.67
0.0405148	118.499
0.0406531	118.325
0.0407913	118.148
0.0409296	117.968
0.0410679	117.786
0.0412062	117.6
0.0413444	117.412
0.0414827	117.221
0.041621	117.028
0.0417684	116.819
0.0419161	116.607
0.042064	116.393
0.0422122	116.175
0.0423606	115.955
0.0425092	115.731
0.0426581	115.505
0.0428072	115.275
0.0429565	115.043
0.0431061	114.808
0.043256	114.57
0.043406	114.329
0.0435563	114.085
0.0437069	113.839
0.0438577	113.59
0.0440087	113.338
0.04416	113.084
0.0443115	112.827
0.0444632	112.568
0.0446152	112.307
0.0447675	112.043
0.0449199	111.777
0.0450727	111.51
0.0452257	111.24
0.0453789	110.968
0.0455323	110.694
0.045686	110.419
0.04584	110.142
0.0459942	109.863
0.0461487	109.583
0.0463034	109.301
0.0463034	109.301
0.0464583	109.019
0.0466135	108.735
0.0467689	108.449
0.0469246	108.163
0.0470806	107.876
0.0472368	107.587
0.0473932	107.298
0.0475499	107.009
0.0477068	106.718
0.047864	106.427
0.0480215	106.135
0.0481792	105.843
0.0483371	105.551
0.0484953	105.258
0.0486538	104.965
0.0488125	104.672
0.0489715	104.379
0.0491307	104.086
0.0492902	103.793
0.0494499	103.5
0.0496099	103.207
0.0497701	102.915
0.0499306	102.623
0.0500914	102.331
0.0502524	102.04
0.0504137	101.749
0.0505752	101.459
0.050737	101.17
0.050899	100.882
0.0510613	100.594
0.0512239	100.307
0.0513867	100.022
0.0515498	99.7368
0.0517132	99.4531
0.0518768	99.1706
0.0520407	98.8893
0.0522048	98.6092
0.0523692	98.3305
0.0525339	98.0531
0.0526988	97.7773
0.052864	97.503
0.0530294	97.2304
0.0531952	96.9596
0.0533612	96.6906
0.0535274	96.4238
0.0536939	96.1591
0.0538607	95.897
0.0540278	95.6374
0.0541951	95.3808
0.0543627	95.1274
0.0545305	94.8775
0.0546987	94.6315
0.054867	94.3899
0.0550357	94.1534
0.0552046	93.9222
0.0553739	93.6968
0.0555433	93.4777
0.0557131	93.2657
0.0558831	93.0613
0.0560534	92.8653
0.056224	92.6785
0.0563948	92.5015
0.0565659	92.3351
0.0567373	92.1801
0.056909	92.0371
0.0570809	91.9067
0.0572531	91.7895
0.0574256	91.6859
0.0575983	91.5961
0.0577714	91.5201
0.0579447	91.4577
0.0581183	91.4087
0.0582922	91.3726
0.0584663	91.3489
0.0586408	91.3372
0.0588155	91.3367
0.0589905	91.346
0.0591657	91.3643
0.0593413	91.3915
0.0595171	91.428
0.0596932	91.4739
0.0598696	91.5293
0.0600463	91.5941
0.0602233	91.6684
0.0604005	91.7526
0.060578	91.8472
0.0607558	91.9531
0.0609339	92.0714
0.0611123	92.2038
0.061291	92.352
0.0614699	92.5184
0.0616492	92.7056
0.0618287	92.9164
0.0620085	93.1543
0.0621886	93.4233
0.062369	93.7276
0.0625497	94.0716
0.0627307	94.4595
0.062912	94.8957
0.0630935	95.3842
0.0632753	95.9284
0.0634575	96.5312
0.0636399	97.195
0.0638226	97.921
0.0640056	98.7101
0.0641889	99.5619
0.0643725	100.472
0.0645564	101.433
0.0647406	102.438
0.0649251	103.479
0.0651099	104.546
0.065295	105.628
0.0654803	106.715
0.065666	107.797
0.0658519	108.862
0.0658519	108.862
0.0660382	109.901
0.0662248	110.903
0.0664116	111.86
0.0665988	112.766
0.0667862	113.615
0.066974	114.404
0.0671621	115.127
0.0673504	115.779
0.0675391	116.358
0.0677281	116.865
0.0679173	117.301
0.0681069	117.673
0.0682968	117.985
0.0684869	118.244
0.0686774	118.458
0.0688682	118.633
0.0690593	118.775
0.0692507	118.889
0.0694424	118.981
0.0696344	119.054
0.0698267	119.113
0.0700194	119.162
0.0702123	119.204
0.0704056	119.241
0.0705991	119.273
0.070793	119.305
0.0709872	119.337
0.0711816	119.372
0.0713765	119.411
0.0715716	119.452
0.071767	119.498
0.0719627	119.55
0.0721588	119.609
0.0723551	119.674
0.0725518	119.747
0.0727488	119.828
0.0729461	119.917
0.0731438	120.015
0.0733417	120.121
0.0735399	120.236
0.0737385	120.359
0.0739374	120.491
0.0741366	120.63
0.0743362	120.777
0.074536	120.93
0.0747362	121.089
0.0749367	121.253
0.0751375	121.423
0.0753386	121.597
0.0755401	121.775
0.0757419	121.956
0.075944	122.14
0.0761464	122.326
0.0763492	122.513
0.0765522	122.702
0.0767557	122.89
0.0769594	123.078
0.0771634	123.264
0.0773678	123.449
0.0775725	123.632
0.0777776	123.812
0.0779829	123.988
0.0781886	124.161
0.0783947	124.329
0.078601	124.492
0.0788077	124.65
0.0790147	124.802
0.0792221	124.948
0.0794297	125.088
0.0796377	125.221
0.0798461	125.347
0.0800548	125.466
0.0802638	125.578
0.0804731	125.682
0.0806828	125.779
0.0808928	125.867
0.0811032	125.948
0.0813139	126.02
0.0815249	126.084
0.0817363	126.14
0.081948	126.187
0.08216	126.225
0.0823724	126.255
0.0825851	126.277
0.0827982	126.289
0.0830116	126.294
0.0832254	126.292
0.0834395	126.282
0.0836539	126.265
0.0838687	126.24
0.0840838	126.207
0.0842993	126.165
0.0845151	126.116
0.0847313	126.057
0.0849478	125.99
0.0851646	125.915
0.0853818	125.83
0.0855994	125.737
0.0858172	125.635
0.0860355	125.525
0.0862541	125.407
0.086473	125.281
0.0866923	125.146
0.086912	125.004
0.087132	124.854
0.087132	124.854
0.0873523	124.696
0.087573	124.531
0.0877941	124.358
0.0880155	124.178
0.0882373	123.99
0.0884594	123.795
0.0886819	123.593
0.0889047	123.383
0.0891279	123.165
0.0893514	122.939
0.0895753	122.706
0.0897996	122.465
0.0900242	122.216
0.0902492	121.959
0.0904746	121.694
0.0907003	121.421
0.0909263	121.141
0.0911528	120.852
0.0913796	120.555
0.0916067	120.25
0.0918342	119.937
0.0920621	119.616
0.0922904	119.287
0.092519	118.95
0.092748	118.606
0.0929773	118.255
0.093207	117.896
0.0934371	117.531
0.0936676	117.159
0.0938984	116.781
0.0941296	116.398
0.0943611	116.009
0.0945931	115.614
0.0948254	115.215
0.095058	114.812
0.0952911	114.404
0.0955245	113.992
0.0957583	113.575
0.0959925	113.155
0.096227	112.73
0.0964619	112.301
0.0966972	111.868
0.0969329	111.43
0.097169	110.987
0.0974054	110.54
0.0976422	110.086
0.0978794	109.627
0.098117	109.162
0.0983549	108.69
0.0985932	108.212
0.0988319	107.727
0.099071	107.235
0.0993105	106.735
0.0995504	106.229
0.0997906	105.715
0.100031	105.195
0.100272	104.668
0.100514	104.134
0.100755	103.595
0.100998	103.051
0.10124	102.503
0.101483	101.952
0.101726	101.398
0.10197	100.842
0.102214	100.287
0.102459	99.7329
0.102704	99.1813
0.102949	98.6339
0.103195	98.0924
0.103441	97.5584
0.103687	97.0339
0.103934	96.5208
0.104181	96.0211
0.104429	95.5369
0.104677	95.0709
0.104926	94.6253
0.105174	94.2019
0.105424	93.8032
0.105673	93.4326
0.105923	93.0927
0.106174	92.7855
0.106425	92.514
0.106676	92.2833
0.106928	92.0998
0.10718	91.9684
0.107432	91.8944
0.107685	91.8743
0.107938	91.9009
0.108192	91.9743
0.108446	92.0968
0.108701	92.2736
0.108956	92.5096
0.109211	92.8075
0.109467	93.1698
0.109723	93.5988
0.109979	94.0958
0.110236	94.661
0.110494	95.2919
0.110751	95.9809
0.111009	96.7186
0.111268	97.4947
0.111527	98.2984
0.111787	99.1197
0.112046	99.9481
0.112307	100.774
0.112567	101.587
0.112828	102.38
0.11309	103.147
0.113352	103.882
0.113614	104.579
0.113877	105.236
0.11414	105.851
0.114404	106.423
0.114668	106.954
0.114932	107.446
0.115197	107.903
0.115462	108.328
0.115728	108.726
0.115994	109.102
0.115994	109.102
0.116261	109.461
0.116528	109.809
0.116795	110.149
0.117063	110.486
0.117332	110.822
0.1176	111.163
0.117869	111.509
0.118139	111.863
0.118409	112.226
0.11868	112.601
0.11895	112.986
0.119222	113.383
0.119494	113.791
0.119766	114.209
0.120038	114.637
0.120311	115.074
0.120585	115.517
0.120859	115.966
0.121133	116.419
0.121408	116.875
0.121683	117.331
0.121959	117.786
0.122235	118.238
0.122512	118.686
0.122789	119.129
0.123066	119.564
0.123344	119.992
0.123623	120.41
0.123901	120.818
0.124181	121.215
0.12446	121.6
0.12474	121.972
0.125021	122.331
0.125302	122.677
0.125584	123.009
0.125866	123.326
0.126148	123.629
0.126431	123.917
0.126714	124.19
0.126998	124.447
0.127282	124.69
0.127567	124.917
0.127852	125.128
0.128137	125.323
0.128423	125.502
0.12871	125.664
0.128997	125.81
0.129284	125.938
0.129572	126.049
0.129861	126.141
0.130149	126.215
0.130439	126.27
0.130728	126.304
0.131019	126.319
0.131309	126.317
0.1316	126.298
0.131892	126.261
0.132184	126.205
0.132476	126.128
0.132769	126.03
0.133063	125.911
0.133357	125.769
0.133651	125.606
0.133946	125.422
0.134241	125.218
0.134537	124.993
0.134834	124.751
0.13513	124.491
0.135428	124.214
0.135725	123.921
0.136023	123.612
0.136322	123.29
0.136621	122.955
0.136921	122.609
0.137221	122.252
0.137522	121.886
0.137823	121.511
0.138124	121.128
0.138426	120.738
0.138729	120.341
0.139032	119.939
0.139335	119.53
0.139639	119.116
0.139944	118.696
0.140249	118.271
0.140554	117.841
0.14086	117.405
0.141166	116.964
0.141473	116.517
0.141781	116.065
0.142089	115.608
0.142397	115.144
0.142706	114.675
0.143015	114.201
0.143325	113.721
0.143636	113.236
0.143946	112.747
0.144258	112.254
0.14457	111.756
0.144882	111.256
0.145195	110.754
0.145508	110.25
0.145822	109.745
0.145822	109.745
0.146137	109.241
0.146451	108.738
0.146767	108.237
0.147083	107.739
0.147399	107.247
0.147716	106.759
0.148033	106.279
0.148351	105.807
0.14867	105.343
0.148989	104.89
0.149308	104.449
0.149628	104.02
0.149948	103.604
0.150269	103.204
0.150591	102.82
0.150913	102.453
0.151235	102.105
0.151559	101.777
0.151882	101.47
0.152206	101.185
0.152531	100.923
0.152856	100.686
0.153181	100.475
0.153508	100.29
0.153834	100.133
0.154162	100.006
0.154489	99.9107
0.154818	99.8489
0.155146	99.8195
0.155476	99.8204
0.155805	99.8511
0.156136	99.9133
0.156467	100.009
0.156798	100.141
0.15713	100.31
0.157463	100.52
0.157796	100.771
0.158129	101.063
0.158463	101.398
0.158798	101.773
0.159133	102.188
0.159469	102.642
0.159805	103.134
0.160142	103.661
0.160479	104.225
0.160817	104.821
0.161155	105.45
0.161494	106.107
0.161834	106.79
0.162174	107.495
0.162514	108.22
0.162855	108.96
0.163197	109.711
0.163539	110.47
0.163882	111.233
0.164225	111.994
0.164569	112.751
0.164913	113.499
0.165258	114.235
0.165604	114.953
0.16595	115.652
0.166297	116.328
0.166644	116.978
0.166991	117.6
0.16734	118.192
0.167689	118.752
0.168038	119.28
0.168388	119.775
0.168738	120.234
0.16909	120.659
0.169441	121.048
0.169793	121.4
0.170146	121.716
0.170499	121.996
0.170853	122.24
0.171208	122.448
0.171563	122.62
0.171918	122.756
0.172275	122.856
0.172631	122.92
0.172989	122.949
0.173347	122.948
0.173705	122.921
0.174064	122.867
0.174424	122.785
0.174784	122.676
0.175145	122.541
0.175506	122.381
0.175868	122.199
0.17623	121.997
0.176594	121.776
0.176957	121.538
0.177321	121.283
0.177686	121.014
0.178052	120.732
0.178418	120.44
0.178784	120.138
0.179151	119.829
0.179519	119.513
0.179888	119.191
0.180256	118.865
0.180626	118.536
0.180996	118.202
0.181367	117.867
0.181738	117.528
0.18211	117.188
0.182483	116.847
0.182856	116.505
0.183229	116.162
0.183604	115.82
0.183979	115.478
0.184354	115.138
0.18473	114.799
0.185107	114.463
0.185484	114.129
0.185862	113.799
0.186241	113.472
0.18662	113.15
0.186999	112.832
0.18738	112.519
0.187761	112.211
0.188142	111.91
0.188524	111.616
0.188907	111.329
0.189291	111.05
0.189675	110.781
0.190059	110.522
0.190444	110.274
0.19083	110.038
0.191217	109.814
0.191604	109.605
0.191992	109.41
0.19238	109.231
0.192769	109.067
0.193158	108.92
0.193549	108.792
0.193939	108.683
0.194331	108.595
0.194723	108.527
0.195116	108.482
0.195509	108.458
0.195903	108.457
0.196298	108.478
0.196693	108.524
0.197089	108.595
0.197485	108.694
0.197882	108.82
0.19828	108.973
0.198678	109.149
0.199077	109.346
0.199477	109.566
0.199877	109.807
0.200278	110.068
0.20068	110.35
0.201082	110.651
0.201485	110.97
0.201889	111.304
0.202293	111.653
0.202698	112.014
0.203103	112.387
0.203509	112.769
0.203916	113.158
0.204324	113.546
0.204732	113.928
0.20514	114.304
0.20555	114.674
0.20596	115.041
0.20637	115.406
0.206782	115.771
0.207194	116.136
0.207607	116.495
0.20802	116.845
0.208434	117.179
0.208849	117.499
0.209264	117.813
0.20968	118.129
0.210097	118.445
0.210514	118.765
0.210932	119.088
0.211351	119.416
0.21177	119.751
0.21219	120.1
0.212611	120.47
0.213032	120.87
0.213454	121.31
0.213877	121.797
0.2143	122.333
0.214724	122.922
0.215149	123.565
0.215574	124.263
0.216	125.015
0.216427	125.823
0.216855	126.686
0.217283	127.603
0.217712	128.572
0.218141	129.592
0.218571	130.661
0.219002	131.776
0.219434	132.925
0.219866	134.102
0.220299	135.297
0.220733	136.504
0.221167	137.723
0.221602	138.953
0.222038	140.184
0.222475	141.408
0.222912	142.623
0.22335	143.829
0.223788	145.027
0.224227	146.217
0.224667	147.399
0.225108	148.574
0.225108	148.574
0.225549	149.74
0.225992	150.897
0.226434	152.045
0.226878	153.184
0.227322	154.314
0.227767	155.436
0.228213	156.55
0.228659	157.657
0.229106	158.757
0.229554	159.849
0.230002	160.936
0.230452	162.016
0.230902	163.09
0.231352	164.158
0.231804	165.22
0.232256	166.275
0.232708	167.325
0.233162	168.367
0.233616	169.402
0.234071	170.43
0.234527	171.45
0.234984	172.461
0.235441	173.464
0.235899	174.457
0.236357	175.44
0.236817	176.413
0.237277	177.374
0.237738	178.324
0.238199	179.261
0.238662	180.186
0.239125	181.097
0.239589	181.994
0.240053	182.877
0.240519	183.746
0.240985	184.599
0.241451	185.438
0.241919	186.262
0.242387	187.07
0.242856	187.864
0.243326	188.642
0.243797	189.405
0.244268	190.153
0.24474	190.886
0.245213	191.605
0.245687	192.31
0.246161	193.002
0.246636	193.681
0.247112	194.346
0.247588	195
0.248066	195.642
0.248544	196.272
0.249023	196.892
0.249503	197.502
0.249983	198.102
0.250464	198.693
0.250946	199.276
0.251429	199.85
0.251913	200.417
0.252397	200.976
0.252882	201.529
0.253368	202.075
0.253855	202.614
0.254342	203.148
0.25483	203.676
0.255319	204.198
0.255809	204.716
0.2563	205.228
0.256791	205.735
0.257283	206.238
0.257776	206.735
0.25827	207.228
0.258764	207.716
0.259259	208.199
0.259756	208.678
0.260252	209.152
0.26075	209.621
0.261249	210.085
0.261748	210.545
0.262248	210.999
0.262749	211.449
0.26325	211.893
0.263753	212.333
0.264256	212.767
0.26476	213.196
0.265265	213.62
0.265771	214.039
0.266277	214.452
0.266785	214.86
0.267293	215.263
0.267802	215.661
0.268312	216.053
0.268822	216.44
0.269334	216.823
0.269846	217.2
0.270359	217.572
0.270873	217.939
0.270873	217.939
0.271388	218.301
0.271903	218.658
0.272419	219.011
0.272937	219.358
0.273455	219.702
0.273973	220.04
0.274493	220.375
0.275014	220.705
0.275535	221.03
0.276057	221.352
0.27658	221.669
0.277104	221.983
0.277629	222.292
0.278154	222.598
0.27868	222.899
0.279208	223.197
0.279736	223.491
0.280265	223.782
0.280794	224.069
0.281325	224.352
0.281856	224.632
0.282389	224.908
0.282922	225.181
0.283456	225.451
0.283991	225.717
0.284526	225.98
0.285063	226.239
0.2856	226.495
0.286139	226.748
0.286678	226.998
0.287218	227.244
0.287759	227.487
0.2883	227.727
0.288843	227.964
0.289386	228.197
0.289931	228.428
0.290476	228.656
0.291022	228.88
0.291569	229.102
0.292117	229.32
0.292666	229.536
0.293215	229.749
0.293766	229.959
0.294317	230.167
0.294869	230.372
0.295422	230.574
0.295976	230.773
0.296531	230.97
0.297087	231.164
0.297644	231.356
0.298201	231.545
0.29876	231.732
0.299319	231.916
0.29988	232.098
0.300441	232.278
0.301003	232.455
0.301566	232.63
0.30213	232.803
0.302694	232.973
0.30326	233.142
0.303827	233.308
0.304394	233.472
0.304962	233.633
0.305532	233.793
0.306102	233.95
0.306673	234.106
0.307245	234.259
0.307818	234.411
0.308392	234.56
0.308967	234.708
0.309543	234.853
0.310119	234.997
0.310697	235.138
0.311275	235.278
0.311855	235.416
0.312435	235.553
0.313016	235.687
0.313598	235.82
0.314182	235.951
0.314766	236.08
0.315351	236.208
0.315937	236.334
0.316523	236.458
0.317111	236.581
0.3177	236.703
0.31829	236.822
0.31888	236.941
0.31888	236.941
0.319472	237.058
0.320065	237.174
0.320658	237.288
0.321252	237.401
0.321848	237.513
0.322444	237.624
0.323042	237.733
0.32364	237.841
0.324239	237.948
0.324839	238.053
0.32544	238.158
0.326042	238.261
0.326646	238.363
0.32725	238.463
0.327855	238.563
0.328461	238.661
0.329067	238.759
0.329675	238.855
0.330284	238.95
0.330894	239.044
0.331505	239.137
0.332117	239.228
0.33273	239.319
0.333343	239.409
0.333958	239.498
0.334574	239.586
0.335191	239.673
0.335808	239.758
0.336427	239.843
0.337047	239.928
0.337667	240.011
0.338289	240.093
0.338912	240.174
0.339536	240.255
0.34016	240.334
0.340786	240.413
0.341413	240.491
0.34204	240.568
0.342669	240.644
0.343299	240.72
0.343929	240.795
0.344561	240.869
0.345194	240.942
0.345828	241.014
0.346462	241.086
0.347098	241.157
0.347735	241.227
0.348373	241.297
0.349012	241.366
0.349652	241.435
0.350292	241.502
0.350934	241.569
0.351577	241.636
0.352221	241.702
0.352866	241.767
0.353512	241.832
0.354159	241.897
0.354807	241.96
0.355457	242.024
0.356107	242.086
0.356758	242.148
0.35741	242.21
0.358064	242.271
0.358718	242.332
0.359373	242.392
0.36003	242.452
0.360687	242.512
0.361346	242.571
0.362006	242.629
0.362666	242.687
0.363328	242.745
0.363991	242.802
0.364655	242.859
0.36532	242.915
0.365986	242.971
0.366653	243.027
0.367321	243.082
0.36799	243.137
0.36866	243.192
0.369332	243.246
0.370004	243.3
0.370678	243.353
0.371352	243.406
0.372028	243.459
0.372704	243.511
0.373382	243.563
0.374061	243.615
0.374741	243.667
0.375422	243.718
0.376104	243.769
0.376788	243.819
0.377472	243.869
0.378158	243.919
0.378844	243.969
0.379532	244.018
0.380221	244.067
0.38091	244.116
0.381601	244.164
0.382293	244.213
0.382987	244.261
0.383681	244.308
0.384376	244.356
0.385073	244.403
0.38577	244.45
0.386469	244.496
0.387169	244.543
0.38787	244.589
0.388572	244.635
0.389275	244.681
0.38998	244.727
0.390685	244.773
0.391392	244.818
0.3921	244.863
0.392809	244.908
0.393519	244.953
0.39423	244.998
0.394942	245.042
0.395655	245.086
0.39637	245.13
0.397086	245.174
0.397803	245.218
0.398521	245.261
0.39924	245.304
0.39996	245.347
0.400682	245.39
0.401404	245.433
0.402128	245.475
0.402853	245.517
0.403579	245.56
0.404306	245.602
0.405035	245.643
0.405765	245.685
0.406495	245.727
0.407227	245.768
0.40796	245.809
0.408695	245.851
0.40943	245.892
0.410167	245.933
0.410905	245.974
0.411644	246.014
0.412384	246.055
0.413125	246.096
0.413868	246.136
0.414612	246.176
0.415357	246.217
0.416103	246.257
0.41685	246.297
0.417599	246.337
0.418348	246.376
0.419099	246.416
0.419851	246.456
0.420605	246.495
0.421359	246.535
0.422115	246.574
0.422872	246.613
0.42363	246.652
0.42439	246.691
0.42515	246.73
0.425912	246.769
0.426675	246.808
0.427439	246.847
0.428205	246.885
0.428972	246.924
0.42974	246.962
0.430509	247.001
0.431279	247.039
0.432051	247.078
0.432824	247.116
0.433598	247.154
0.434373	247.193
0.43515	247.231
0.435928	247.269
0.436707	247.307
0.437487	247.346
0.438269	247.384
0.439052	247.423
0.439836	247.461
0.440621	247.5
0.441408	247.538
0.442196	247.577
0.442985	247.616
0.443775	247.655
0.444567	247.693
0.44536	247.732
0.446154	247.771
0.446949	247.811
0.447746	247.85
0.447746	247.85
0.448544	247.889
0.449343	247.929
0.450144	247.968
0.450946	248.008
0.451749	248.047
0.452554	248.087
0.453359	248.127
0.454166	248.167
0.454975	248.207
0.455784	248.247
0.456595	248.287
0.457407	248.328
0.458221	248.368
0.459036	248.409
0.459852	248.449
0.460669	248.49
0.461488	248.531
0.462308	248.572
0.463129	248.613
0.463952	248.654
0.464776	248.696
0.465601	248.737
0.466428	248.779
0.467256	248.821
0.468085	248.863
0.468916	248.904
0.469748	248.947
0.470581	248.989
0.471416	249.031
0.472252	249.074
0.473089	249.116
0.473928	249.159
0.474768	249.202
0.475609	249.245
0.476451	249.288
0.477296	249.331
0.478141	249.374
0.478988	249.417
0.479836	249.461
0.480685	249.504
0.481536	249.548
0.482388	249.592
0.483242	249.636
0.484096	249.68
0.484953	249.724
0.48581	249.768
0.486669	249.812
0.48753	249.857
0.488392	249.901
0.489255	249.946
0.490119	249.991
0.490985	250.035
0.491852	250.08
0.492721	250.125
0.493591	250.171
0.494463	250.216
0.495336	250.261
0.49621	250.307
0.497085	250.352
0.497963	250.398
0.498841	250.444
0.499721	250.49
0.500602	250.536
0.501485	250.583
0.502369	250.629
0.503255	250.675
0.504142	250.722
0.50503	250.769
0.50592	250.816
0.506811	250.863
0.507704	250.91
0.508598	250.957
0.509493	251.004
0.51039	251.052
0.511288	251.1
0.512188	251.147
0.51309	251.195
0.513992	251.243
0.514896	251.292
0.515802	251.34
0.516709	251.388
0.517618	251.437
0.518528	251.485
0.519439	251.534
0.520352	251.583
0.521266	251.632
0.522182	251.681
0.523099	251.73
0.524018	251.779
0.524938	251.829
0.52586	251.878
0.526783	251.928
0.527708	251.978
0.528634	252.027
0.529561	252.077
0.530491	252.127
0.531421	252.177
0.532353	252.227
0.533287	252.278
0.534222	252.328
0.535158	252.378
0.536096	252.429
0.537036	252.479
0.537977	252.53
0.53892	252.58
0.539864	252.631
0.540809	252.682
0.541757	252.732
0.542705	252.783
0.543655	252.834
0.544607	252.885
0.54556	252.936
0.546515	252.987
0.547471	253.038
0.548429	253.089
0.549388	253.14
0.550349	253.192
0.551311	253.243
0.552275	253.294
0.553241	253.345
0.554208	253.396
0.555176	253.448
0.556147	253.499
0.557118	253.55
0.558092	253.601
0.559066	253.653
0.560043	253.704
0.561021	253.755
0.562	253.807
0.562981	253.858
0.563964	253.909
0.564948	253.96
0.565934	254.012
0.566921	254.063
0.56791	254.114
0.568901	254.165
0.569893	254.216
0.570886	254.267
0.571882	254.318
0.572879	254.369
0.573877	254.42
0.574877	254.471
0.575879	254.522
0.576882	254.573
0.577887	254.624
0.578894	254.675
0.579902	254.726
0.580839	254.773
0.581777	254.82
0.582715	254.867
0.583652	254.914
0.58459	254.96
0.585528	255.007
0.586465	255.053
0.587403	255.099
0.588341	255.145
0.589278	255.191
0.590216	255.237
0.590216	255.237
0.591154	255.282
0.592091	255.328
0.593029	255.373
0.593966	255.418
0.594904	255.463
0.595842	255.508
0.596779	255.552
0.597717	255.597
0.598655	255.641
0.599592	255.685
0.60053	255.729
0.601468	255.773
0.602405	255.817
0.603343	255.861
0.60449	255.914
0.605638	255.968
0.606786	256.021
0.607933	256.074
0.609081	256.126
0.610228	256.179
0.611376	256.231
0.612523	256.283
0.613671	256.335
0.614818	256.387
0.615966	256.439
0.617114	256.49
0.618261	256.541
0.619409	256.592
0.620556	256.643
0.621704	256.693
0.622851	256.744
0.623999	256.794
0.625146	256.843
0.626294	256.893
0.627441	256.942
0.628589	256.992
0.629737	257.04
0.630884	257.089
0.632032	257.138
0.633179	257.186
0.634327	257.234
0.635474	257.282
0.636622	257.329
0.637769	257.376
0.638917	257.424
0.640065	257.47
0.641212	257.517
0.64236	257.564
0.643507	257.61
0.644655	257.656
0.645802	257.702
0.64695	257.748
0.648097	257.794
0.649245	257.839
0.650392	257.885
0.65154	257.93
0.652688	257.975
0.653835	258.019
0.654983	258.063
0.65613	258.107
0.657278	258.151
0.658425	258.194
0.659573	258.237
0.66072	258.279
0.661868	258.321
0.663016	258.363
0.664163	258.404
0.665311	258.445
0.666458	258.485
0.667606	258.524
0.668753	258.563
0.669901	258.602
0.671048	258.639
0.672196	258.676
0.673343	258.712
0.674491	258.748
0.675639	258.783
0.676786	258.817
0.677934	258.851
0.679081	258.884
0.680229	258.916
0.681376	258.947
0.682524	258.977
0.683671	259.006
0.684819	259.033
0.685967	259.06
0.687114	259.084
0.688262	259.108
0.689409	259.131
0.690557	259.152
0.691704	259.173
0.692852	259.193
0.693999	259.212
0.695147	259.231
0.696294	259.249
0.697442	259.268
0.69859	259.286
0.699737	259.305
0.700885	259.324
0.702032	259.343
0.70318	259.364
0.704327	259.385
0.705475	259.408
0.706622	259.432
0.70777	259.457
0.708918	259.485
0.710065	259.514
0.711213	259.545
0.71236	259.579
0.713508	259.615
0.714655	259.654
0.715803	259.696
0.71695	259.741
0.718098	259.79
0.719245	259.843
0.720393	259.899
0.721541	259.961
0.722688	260.027
0.723836	260.098
0.724983	260.174
0.726131	260.257
0.727278	260.346
0.728426	260.442
0.729573	260.545
0.730721	260.656
0.731869	260.776
0.733016	260.906
0.734164	261.045
0.735311	261.195
0.736459	261.357
0.737606	261.532
0.738754	261.72
0.739901	261.923
0.741049	262.141
0.742197	262.375
0.743344	262.627
0.744492	262.896
0.745639	263.184
0.746787	263.496
0.747934	263.838
0.749082	264.215
0.750229	264.622
0.751377	265.052
0.752524	265.499
0.753672	265.957
0.75482	266.417
0.755967	266.869
0.757115	267.305
0.758262	267.712
0.75941	268.077
0.760557	268.38
0.761705	268.594
0.762852	268.699
0.763426	268.71
0.763713	268.708
0.764	268.707
)
