(title "Total Pressure")
(labels "Position" "Total Pressure")

((xy/key/label "axis")
-0.01	5130.3
-0.00993696	5130.07
-0.00987393	5129.55
-0.00974786	5128.95
-0.00962179	5128.95
-0.00949571	5129.02
-0.00936964	5129.08
-0.00924357	5129.16
-0.0091175	5129.23
-0.00899143	5129.32
-0.00886536	5129.41
-0.00873929	5129.48
-0.00861321	5129.54
-0.00848714	5129.6
-0.00836107	5129.69
-0.008235	5129.83
-0.00810893	5130.01
-0.00798286	5130.23
-0.00785679	5130.49
-0.00773071	5130.75
-0.00760464	5130.99
-0.00747857	5131.19
-0.0073525	5131.35
-0.00722643	5131.49
-0.00710036	5131.63
-0.00697429	5131.82
-0.00684821	5132.05
-0.00672214	5132.31
-0.00659607	5132.57
-0.00647	5132.85
-0.00633636	5133.18
-0.00620273	5133.52
-0.00606909	5133.9
-0.00593545	5134.32
-0.00580182	5134.79
-0.00566818	5135.29
-0.00553455	5135.82
-0.00540091	5136.4
-0.00526727	5137.02
-0.00513364	5137.69
-0.005	5138.38
-0.00486636	5139.09
-0.00473273	5139.83
-0.00459909	5140.59
-0.00446545	5141.36
-0.00433182	5142.13
-0.00419818	5142.91
-0.00406455	5143.68
-0.00393091	5144.44
-0.00379727	5145.18
-0.00366364	5145.91
-0.00353	5146.64
-0.00340393	5147.31
-0.00327786	5147.95
-0.00315179	5148.57
-0.00302571	5149.16
-0.00289964	5149.73
-0.00277357	5150.28
-0.0026475	5150.8
-0.00252143	5151.3
-0.00239536	5151.78
-0.00226929	5152.23
-0.00214321	5152.66
-0.00201714	5153.06
-0.00189107	5153.44
-0.001765	5153.79
-0.00163893	5154.11
-0.00151286	5154.42
-0.00138679	5154.69
-0.00126071	5154.95
-0.00113464	5155.17
-0.00100857	5155.38
-0.0008825	5155.56
-0.000756428	5155.71
-0.000630357	5155.85
-0.000504286	5155.96
-0.000378214	5156.06
-0.000252143	5156.12
-0.000126071	5156.21
1.52316e-10	5156.21
0.000138276	5156.06
0.000276552	5155.92
0.000414827	5155.8
0.000553103	5155.72
0.000691379	5155.74
0.000829655	5155.79
0.00096793	5155.71
0.00110621	5155.58
0.00124448	5155.54
0.00138276	5155.65
0.00152103	5155.88
0.00165931	5156.09
0.00179758	5156.12
0.00193586	5156.08
0.00207414	5156.1
0.00221241	5156.17
0.00235069	5156.26
0.00248896	5156.37
0.00262724	5156.48
0.00276552	5156.59
0.00290379	5156.72
0.00304207	5156.85
0.00318034	5156.99
0.00331862	5157.13
0.00345689	5157.29
0.00359517	5157.45
0.00373345	5157.61
0.00387172	5157.79
0.00401	5157.97
0.00414827	5158.17
0.00428655	5158.4
0.00442482	5158.63
0.0045631	5158.86
0.00470138	5159.08
0.00483965	5159.29
0.00497793	5159.49
0.0051162	5159.69
0.00525448	5159.9
0.00539275	5160.09
0.00553103	5160.27
0.00566931	5160.43
0.00580758	5160.56
0.00594586	5160.63
0.00608413	5160.64
0.00622241	5160.56
0.00636068	5160.38
0.00649896	5160.12
0.00663724	5159.79
0.00677551	5159.47
0.00677551	5159.47
0.00691379	5159.26
0.00705206	5159.24
0.00719034	5159.39
0.00732861	5159.65
0.00746689	5160.03
0.00760517	5160.51
0.00774344	5161.01
0.00788172	5161.45
0.00801999	5161.82
0.00815827	5162.11
0.00829654	5162.32
0.00843482	5162.48
0.0085731	5162.59
0.00871137	5162.68
0.00884965	5162.76
0.00898792	5162.84
0.0091262	5162.93
0.00926447	5163.02
0.00940275	5163.12
0.00954103	5163.24
0.0096793	5163.36
0.00981758	5163.49
0.00995585	5163.63
0.0100941	5163.77
0.0102324	5163.91
0.0103707	5164.06
0.010509	5164.2
0.0106472	5164.34
0.0107855	5164.47
0.0109238	5164.6
0.0110621	5164.72
0.0112003	5164.83
0.0113386	5164.94
0.0114769	5165.04
0.0116152	5165.14
0.0117534	5165.24
0.0118917	5165.35
0.01203	5165.45
0.0121683	5165.56
0.0123065	5165.67
0.0124448	5165.77
0.0125831	5165.87
0.0127214	5165.96
0.0128596	5166.03
0.0129979	5166.1
0.0131362	5166.15
0.0132745	5166.19
0.0134127	5166.22
0.013551	5166.24
0.0136893	5166.27
0.0138276	5166.31
0.0139659	5166.36
0.0141041	5166.42
0.0142424	5166.5
0.0143807	5166.6
0.014519	5166.71
0.0146572	5166.84
0.0147955	5166.97
0.0149338	5167.12
0.0150721	5167.26
0.0152103	5167.41
0.0153486	5167.54
0.0154869	5167.68
0.0156252	5167.79
0.0157634	5167.9
0.0159017	5167.99
0.01604	5168.07
0.0161783	5168.14
0.0163165	5168.19
0.0164548	5168.23
0.0165931	5168.26
0.0167314	5168.28
0.0168696	5168.29
0.0170079	5168.3
0.0171462	5168.3
0.0172845	5168.3
0.0174227	5168.3
0.017561	5168.3
0.0176993	5168.31
0.0178376	5168.32
0.0179758	5168.33
0.0181141	5168.35
0.0182524	5168.37
0.0183907	5168.4
0.0185289	5168.44
0.0186672	5168.47
0.0188055	5168.52
0.0189438	5168.56
0.0190821	5168.61
0.0192203	5168.66
0.0193586	5168.71
0.0194969	5168.76
0.0196352	5168.8
0.0197734	5168.85
0.0199117	5168.89
0.02005	5168.93
0.0201883	5168.97
0.0203265	5169.01
0.0204648	5169.04
0.0206031	5169.07
0.0207414	5169.1
0.0208796	5169.13
0.0210179	5169.16
0.0211562	5169.19
0.0212945	5169.22
0.0214327	5169.25
0.021571	5169.28
0.0217093	5169.31
0.0218476	5169.33
0.0219858	5169.36
0.0221241	5169.39
0.0222624	5169.41
0.0224007	5169.43
0.0225389	5169.45
0.0226772	5169.46
0.0228155	5169.47
0.0229538	5169.48
0.0230921	5169.48
0.0232303	5169.47
0.0233686	5169.46
0.0235069	5169.44
0.0236452	5169.42
0.0237834	5169.39
0.0239217	5169.36
0.02406	5169.32
0.0241983	5169.28
0.0243365	5169.24
0.0244748	5169.2
0.0246131	5169.16
0.0247514	5169.12
0.0248896	5169.08
0.0250279	5169.04
0.0251662	5169
0.0253045	5168.96
0.0254427	5168.92
0.025581	5168.88
0.0257193	5168.85
0.0258576	5168.82
0.0258576	5168.82
0.0259958	5168.79
0.0261341	5168.76
0.0262724	5168.72
0.0264107	5168.69
0.0265489	5168.66
0.0266872	5168.63
0.0268255	5168.59
0.0269638	5168.55
0.027102	5168.51
0.0272403	5168.47
0.0273786	5168.43
0.0275169	5168.38
0.0276551	5168.32
0.0277934	5168.27
0.0279317	5168.21
0.02807	5168.15
0.0282083	5168.09
0.0283465	5168.03
0.0284848	5167.96
0.0286231	5167.89
0.0287614	5167.82
0.0288996	5167.76
0.0290379	5167.69
0.0291762	5167.62
0.0293145	5167.55
0.0294527	5167.49
0.029591	5167.42
0.0297293	5167.36
0.0298676	5167.3
0.0300058	5167.24
0.0301441	5167.19
0.0302824	5167.13
0.0304207	5167.08
0.0305589	5167.03
0.0306972	5166.98
0.0308355	5166.93
0.0309738	5166.89
0.031112	5166.84
0.0312503	5166.8
0.0313886	5166.76
0.0315269	5166.72
0.0316651	5166.68
0.0318034	5166.64
0.0319417	5166.6
0.03208	5166.56
0.0322182	5166.53
0.0323565	5166.49
0.0324948	5166.46
0.0326331	5166.42
0.0327714	5166.39
0.0329096	5166.37
0.0330479	5166.35
0.0331862	5166.33
0.0333245	5166.33
0.0334627	5166.33
0.033601	5166.35
0.0337393	5166.37
0.0338776	5166.4
0.0340158	5166.43
0.0341541	5166.48
0.0342924	5166.53
0.0344307	5166.6
0.0345689	5166.68
0.0347072	5166.77
0.0348455	5166.87
0.0349838	5166.98
0.035122	5167.11
0.0352603	5167.25
0.0353986	5167.39
0.0355369	5167.53
0.0356751	5167.68
0.0358134	5167.84
0.0359517	5168.01
0.03609	5168.18
0.0362282	5168.37
0.0363665	5168.57
0.0365048	5168.79
0.0366431	5169
0.0367813	5169.23
0.0369196	5169.47
0.0370579	5169.71
0.0371962	5169.95
0.0373344	5170.19
0.0374727	5170.44
0.037611	5170.69
0.0377493	5170.93
0.0378876	5171.18
0.0380258	5171.42
0.0381641	5171.65
0.0383024	5171.88
0.0384407	5172.1
0.0385789	5172.33
0.0387172	5172.55
0.0388555	5172.77
0.0389938	5172.99
0.039132	5173.2
0.0392703	5173.42
0.0394086	5173.63
0.0395469	5173.85
0.0396851	5174.06
0.0398234	5174.26
0.0399617	5174.47
0.0401	5174.67
0.0402382	5174.87
0.0403765	5175.07
0.0405148	5175.27
0.0406531	5175.46
0.0407913	5175.65
0.0409296	5175.84
0.0410679	5176.03
0.0412062	5176.21
0.0413444	5176.4
0.0414827	5176.58
0.041621	5176.76
0.0417684	5176.94
0.0419161	5177.13
0.042064	5177.31
0.0422122	5177.5
0.0423606	5177.69
0.0425092	5177.87
0.0426581	5178.06
0.0428072	5178.25
0.0429565	5178.44
0.0431061	5178.63
0.043256	5178.82
0.043406	5179.01
0.0435563	5179.2
0.0437069	5179.4
0.0438577	5179.59
0.0440087	5179.78
0.04416	5179.97
0.0443115	5180.16
0.0444632	5180.35
0.0446152	5180.54
0.0447675	5180.73
0.0449199	5180.92
0.0450727	5181.1
0.0452257	5181.29
0.0453789	5181.47
0.0455323	5181.65
0.045686	5181.83
0.04584	5182.01
0.0459942	5182.19
0.0461487	5182.36
0.0463034	5182.53
0.0463034	5182.53
0.0464583	5182.7
0.0466135	5182.87
0.0467689	5183.04
0.0469246	5183.2
0.0470806	5183.36
0.0472368	5183.52
0.0473932	5183.68
0.0475499	5183.83
0.0477068	5183.98
0.047864	5184.13
0.0480215	5184.28
0.0481792	5184.42
0.0483371	5184.57
0.0484953	5184.7
0.0486538	5184.84
0.0488125	5184.97
0.0489715	5185.1
0.0491307	5185.23
0.0492902	5185.35
0.0494499	5185.47
0.0496099	5185.58
0.0497701	5185.69
0.0499306	5185.8
0.0500914	5185.9
0.0502524	5186
0.0504137	5186.1
0.0505752	5186.19
0.050737	5186.27
0.050899	5186.35
0.0510613	5186.42
0.0512239	5186.49
0.0513867	5186.55
0.0515498	5186.61
0.0517132	5186.66
0.0518768	5186.7
0.0520407	5186.73
0.0522048	5186.76
0.0523692	5186.77
0.0525339	5186.78
0.0526988	5186.77
0.052864	5186.76
0.0530294	5186.73
0.0531952	5186.68
0.0533612	5186.62
0.0535274	5186.54
0.0536939	5186.44
0.0538607	5186.31
0.0540278	5186.16
0.0541951	5185.97
0.0543627	5185.76
0.0545305	5185.51
0.0546987	5185.21
0.054867	5184.87
0.0550357	5184.48
0.0552046	5184.04
0.0553739	5183.54
0.0555433	5182.98
0.0557131	5182.36
0.0558831	5181.66
0.0560534	5180.89
0.056224	5180
0.0563948	5178.97
0.0565659	5177.77
0.0567373	5176.44
0.056909	5175
0.0570809	5173.47
0.0572531	5171.93
0.0574256	5170.39
0.0575983	5168.9
0.0577714	5167.49
0.0579447	5166.16
0.0581183	5164.92
0.0582922	5163.77
0.0584663	5162.7
0.0586408	5161.72
0.0588155	5160.81
0.0589905	5159.9
0.0591657	5158.95
0.0593413	5157.97
0.0595171	5156.95
0.0596932	5155.87
0.0598696	5154.75
0.0600463	5153.57
0.0602233	5152.33
0.0604005	5151.03
0.060578	5149.65
0.0607558	5148.2
0.0609339	5146.64
0.0611123	5144.96
0.061291	5143.12
0.0614699	5141.1
0.0616492	5138.88
0.0618287	5136.47
0.0620085	5133.85
0.0621886	5130.95
0.062369	5127.76
0.0625497	5124.25
0.0627307	5120.41
0.062912	5116.25
0.0630935	5111.79
0.0632753	5107.1
0.0634575	5102.24
0.0636399	5097.34
0.0638226	5092.54
0.0640056	5088.08
0.0641889	5084.06
0.0643725	5080.49
0.0645564	5077.49
0.0647406	5075.18
0.0649251	5073.66
0.0651099	5072.98
0.065295	5073.15
0.0654803	5074.16
0.065666	5075.94
0.0658519	5078.42
0.0658519	5078.42
0.0660382	5081.5
0.0662248	5085.09
0.0664116	5089.06
0.0665988	5093.37
0.0667862	5097.93
0.066974	5102.57
0.0671621	5107.19
0.0673504	5111.68
0.0675391	5115.95
0.0677281	5119.9
0.0679173	5123.46
0.0681069	5126.57
0.0682968	5129.24
0.0684869	5131.47
0.0686774	5133.31
0.0688682	5134.81
0.0690593	5136.02
0.0692507	5136.98
0.0694424	5137.8
0.0696344	5138.5
0.0698267	5139
0.0700194	5139.33
0.0702123	5139.52
0.0704056	5139.59
0.0705991	5139.53
0.070793	5139.39
0.0709872	5139.32
0.0711816	5139.32
0.0713765	5139.32
0.0715716	5139.27
0.071767	5139.2
0.0719627	5139.11
0.0721588	5139
0.0723551	5138.85
0.0725518	5138.67
0.0727488	5138.46
0.0729461	5138.24
0.0731438	5138.02
0.0733417	5137.81
0.0735399	5137.61
0.0737385	5137.43
0.0739374	5137.25
0.0741366	5137.09
0.0743362	5136.95
0.074536	5136.83
0.0747362	5136.72
0.0749367	5136.63
0.0751375	5136.57
0.0753386	5136.52
0.0755401	5136.49
0.0757419	5136.47
0.075944	5136.48
0.0761464	5136.51
0.0763492	5136.55
0.0765522	5136.61
0.0767557	5136.69
0.0769594	5136.79
0.0771634	5136.9
0.0773678	5137.02
0.0775725	5137.16
0.0777776	5137.32
0.0779829	5137.48
0.0781886	5137.65
0.0783947	5137.84
0.078601	5138.03
0.0788077	5138.23
0.0790147	5138.43
0.0792221	5138.64
0.0794297	5138.86
0.0796377	5139.08
0.0798461	5139.31
0.0800548	5139.53
0.0802638	5139.76
0.0804731	5139.99
0.0806828	5140.22
0.0808928	5140.44
0.0811032	5140.67
0.0813139	5140.93
0.0815249	5141.21
0.0817363	5141.51
0.081948	5141.84
0.08216	5142.18
0.0823724	5142.49
0.0825851	5142.74
0.0827982	5142.87
0.0830116	5142.9
0.0832254	5142.89
0.0834395	5142.93
0.0836539	5143.04
0.0838687	5143.22
0.0840838	5143.46
0.0842993	5143.74
0.0845151	5144.05
0.0847313	5144.36
0.0849478	5144.66
0.0851646	5144.93
0.0853818	5145.17
0.0855994	5145.39
0.0858172	5145.61
0.0860355	5145.82
0.0862541	5146.04
0.086473	5146.26
0.0866923	5146.47
0.086912	5146.68
0.087132	5146.89
0.087132	5146.89
0.0873523	5147.1
0.087573	5147.31
0.0877941	5147.52
0.0880155	5147.73
0.0882373	5147.94
0.0884594	5148.16
0.0886819	5148.37
0.0889047	5148.59
0.0891279	5148.81
0.0893514	5149.04
0.0895753	5149.26
0.0897996	5149.49
0.0900242	5149.73
0.0902492	5149.96
0.0904746	5150.2
0.0907003	5150.45
0.0909263	5150.69
0.0911528	5150.94
0.0913796	5151.19
0.0916067	5151.45
0.0918342	5151.71
0.0920621	5151.97
0.0922904	5152.23
0.092519	5152.49
0.092748	5152.76
0.0929773	5153.02
0.093207	5153.28
0.0934371	5153.54
0.0936676	5153.8
0.0938984	5154.05
0.0941296	5154.31
0.0943611	5154.56
0.0945931	5154.81
0.0948254	5155.05
0.095058	5155.3
0.0952911	5155.55
0.0955245	5155.8
0.0957583	5156.05
0.0959925	5156.31
0.096227	5156.57
0.0964619	5156.84
0.0966972	5157.13
0.0969329	5157.42
0.097169	5157.73
0.0974054	5158.05
0.0976422	5158.39
0.0978794	5158.75
0.098117	5159.12
0.0983549	5159.51
0.0985932	5159.92
0.0988319	5160.34
0.099071	5160.78
0.0993105	5161.23
0.0995504	5161.69
0.0997906	5162.16
0.100031	5162.63
0.100272	5163.1
0.100514	5163.56
0.100755	5164.02
0.100998	5164.45
0.10124	5164.87
0.101483	5165.25
0.101726	5165.6
0.10197	5165.91
0.102214	5166.15
0.102459	5166.34
0.102704	5166.46
0.102949	5166.48
0.103195	5166.42
0.103441	5166.24
0.103687	5165.95
0.103934	5165.52
0.104181	5164.95
0.104429	5164.22
0.104677	5163.31
0.104926	5162.22
0.105174	5160.93
0.105424	5159.41
0.105673	5157.66
0.105923	5155.65
0.106174	5153.27
0.106425	5150.37
0.106676	5146.92
0.106928	5143.09
0.10718	5139.22
0.107432	5135.85
0.107685	5133.1
0.107938	5130.44
0.108192	5127.47
0.108446	5124.06
0.108701	5120.19
0.108956	5115.87
0.109211	5111.16
0.109467	5106.14
0.109723	5100.96
0.109979	5095.8
0.110236	5090.97
0.110494	5086.85
0.110751	5083.52
0.111009	5080.93
0.111268	5079.1
0.111527	5078.07
0.111787	5077.8
0.112046	5078.25
0.112307	5079.35
0.112567	5080.98
0.112828	5083.04
0.11309	5085.44
0.113352	5088.06
0.113614	5090.8
0.113877	5093.57
0.11414	5096.28
0.114404	5098.86
0.114668	5101.25
0.114932	5103.43
0.115197	5105.36
0.115462	5107.04
0.115728	5108.47
0.115994	5109.64
0.115994	5109.64
0.116261	5110.57
0.116528	5111.29
0.116795	5111.81
0.117063	5112.16
0.117332	5112.36
0.1176	5112.44
0.117869	5112.42
0.118139	5112.33
0.118409	5112.19
0.11868	5112.02
0.11895	5111.85
0.119222	5111.67
0.119494	5111.52
0.119766	5111.41
0.120038	5111.33
0.120311	5111.29
0.120585	5111.31
0.120859	5111.38
0.121133	5111.5
0.121408	5111.67
0.121683	5111.89
0.121959	5112.14
0.122235	5112.44
0.122512	5112.76
0.122789	5113.12
0.123066	5113.49
0.123344	5113.89
0.123623	5114.3
0.123901	5114.71
0.124181	5115.13
0.12446	5115.56
0.12474	5115.98
0.125021	5116.41
0.125302	5116.83
0.125584	5117.25
0.125866	5117.66
0.126148	5118.07
0.126431	5118.47
0.126714	5118.86
0.126998	5119.25
0.127282	5119.63
0.127567	5120.01
0.127852	5120.39
0.128137	5120.76
0.128423	5121.13
0.12871	5121.51
0.128997	5121.88
0.129284	5122.25
0.129572	5122.6
0.129861	5122.98
0.130149	5123.47
0.130439	5124.11
0.130728	5124.71
0.131019	5124.87
0.131309	5124.73
0.1316	5124.73
0.131892	5125
0.132184	5125.48
0.132476	5126.06
0.132769	5126.62
0.133063	5127.08
0.133357	5127.48
0.133651	5127.87
0.133946	5128.25
0.134241	5128.63
0.134537	5129
0.134834	5129.35
0.13513	5129.7
0.135428	5130.04
0.135725	5130.36
0.136023	5130.67
0.136322	5130.97
0.136621	5131.25
0.136921	5131.52
0.137221	5131.78
0.137522	5132.03
0.137823	5132.27
0.138124	5132.5
0.138426	5132.72
0.138729	5132.94
0.139032	5133.15
0.139335	5133.37
0.139639	5133.58
0.139944	5133.79
0.140249	5134.01
0.140554	5134.23
0.14086	5134.45
0.141166	5134.68
0.141473	5134.91
0.141781	5135.15
0.142089	5135.39
0.142397	5135.64
0.142706	5135.89
0.143015	5136.14
0.143325	5136.39
0.143636	5136.64
0.143946	5136.88
0.144258	5137.12
0.14457	5137.36
0.144882	5137.58
0.145195	5137.79
0.145508	5137.98
0.145822	5138.15
0.145822	5138.15
0.146137	5138.3
0.146451	5138.42
0.146767	5138.52
0.147083	5138.58
0.147399	5138.61
0.147716	5138.61
0.148033	5138.57
0.148351	5138.49
0.14867	5138.36
0.148989	5138.19
0.149308	5137.97
0.149628	5137.7
0.149948	5137.38
0.150269	5137
0.150591	5136.56
0.150913	5136.07
0.151235	5135.51
0.151559	5134.9
0.151882	5134.22
0.152206	5133.48
0.152531	5132.67
0.152856	5131.8
0.153181	5130.86
0.153508	5129.87
0.153834	5128.71
0.154162	5127.26
0.154489	5125.52
0.154818	5123.87
0.155146	5123.04
0.155476	5122.86
0.155805	5122.51
0.156136	5121.63
0.156467	5120.26
0.156798	5118.53
0.15713	5116.63
0.157463	5114.73
0.157796	5113
0.158129	5111.45
0.158463	5109.99
0.158798	5108.6
0.159133	5107.29
0.159469	5106.08
0.159805	5104.98
0.160142	5103.99
0.160479	5103.12
0.160817	5102.38
0.161155	5101.76
0.161494	5101.29
0.161834	5100.96
0.162174	5100.78
0.162514	5100.73
0.162855	5100.82
0.163197	5101.03
0.163539	5101.37
0.163882	5101.81
0.164225	5102.34
0.164569	5102.96
0.164913	5103.66
0.165258	5104.41
0.165604	5105.2
0.16595	5106.03
0.166297	5106.88
0.166644	5107.74
0.166991	5108.6
0.16734	5109.45
0.167689	5110.29
0.168038	5111.1
0.168388	5111.9
0.168738	5112.68
0.16909	5113.44
0.169441	5114.17
0.169793	5114.88
0.170146	5115.57
0.170499	5116.25
0.170853	5116.9
0.171208	5117.54
0.171563	5118.15
0.171918	5118.76
0.172275	5119.56
0.172631	5120.64
0.172989	5121.11
0.173347	5120.84
0.173705	5120.85
0.174064	5121.37
0.174424	5122.1
0.174784	5122.7
0.175145	5123.16
0.175506	5123.58
0.175868	5123.96
0.17623	5124.32
0.176594	5124.66
0.176957	5124.97
0.177321	5125.27
0.177686	5125.54
0.178052	5125.79
0.178418	5126.02
0.178784	5126.23
0.179151	5126.42
0.179519	5126.6
0.179888	5126.76
0.180256	5126.91
0.180626	5127.05
0.180996	5127.18
0.181367	5127.3
0.181738	5127.42
0.18211	5127.53
0.182483	5127.63
0.182856	5127.72
0.183229	5127.8
0.183604	5127.87
0.183979	5127.93
0.184354	5127.98
0.18473	5128.02
0.185107	5128.04
0.185484	5128.06
0.185862	5128.06
0.186241	5128.04
0.18662	5128.01
0.186999	5127.97
0.18738	5127.91
0.187761	5127.82
0.188142	5127.72
0.188524	5127.6
0.188907	5127.45
0.189291	5127.27
0.189675	5127.06
0.190059	5126.82
0.190444	5126.54
0.19083	5126.23
0.191217	5125.87
0.191604	5125.49
0.191992	5125.06
0.19238	5124.59
0.192769	5124.08
0.193158	5123.53
0.193549	5122.94
0.193939	5122.29
0.194331	5121.6
0.194723	5120.83
0.195116	5119.84
0.195509	5118.87
0.195903	5118.27
0.196298	5117.69
0.196693	5116.73
0.197089	5115.48
0.197485	5114.22
0.197882	5113
0.19828	5111.77
0.198678	5110.51
0.199077	5109.2
0.199477	5107.83
0.199877	5106.4
0.200278	5104.87
0.20068	5103.25
0.201082	5101.53
0.201485	5099.67
0.201889	5097.67
0.202293	5095.5
0.202698	5093.13
0.203103	5090.54
0.203509	5087.69
0.203916	5084.56
0.204324	5081.05
0.204732	5077.06
0.20514	5072.47
0.20555	5067.24
0.20596	5061.32
0.20637	5054.53
0.206782	5046.68
0.207194	5037.69
0.207607	5027.49
0.20802	5016.08
0.208434	5003.43
0.208849	4989.48
0.209264	4974.18
0.20968	4957.37
0.210097	4938.85
0.210514	4918.31
0.210932	4895.44
0.211351	4869.87
0.21177	4841.1
0.21219	4808.5
0.212611	4771.51
0.213032	4729.63
0.213454	4682.45
0.213877	4629.7
0.2143	4571.16
0.214724	4506.69
0.215149	4436.2
0.215574	4359.79
0.216	4277.62
0.216427	4190
0.216855	4097.37
0.217283	4000.32
0.217712	3899.52
0.218141	3795.69
0.218571	3689.55
0.219002	3581.97
0.219434	3473.95
0.219866	3366.35
0.220299	3259.94
0.220733	3155.3
0.221167	3052.81
0.221602	2952.87
0.222038	2855.93
0.222475	2762.35
0.222912	2672.29
0.22335	2585.77
0.223788	2502.79
0.224227	2423.29
0.224667	2347.23
0.225108	2274.51
0.225108	2274.51
0.225549	2205.02
0.225992	2138.67
0.226434	2075.32
0.226878	2014.85
0.227322	1957.13
0.227767	1902.01
0.228213	1849.37
0.228659	1799.08
0.229106	1751.01
0.229554	1705.03
0.230002	1661.05
0.230452	1618.95
0.230902	1578.63
0.231352	1539.99
0.231804	1502.95
0.232256	1467.42
0.232708	1433.32
0.233162	1400.59
0.233616	1369.14
0.234071	1338.92
0.234527	1309.87
0.234984	1281.92
0.235441	1255.02
0.235899	1229.12
0.236357	1204.17
0.236817	1180.14
0.237277	1156.96
0.237738	1134.62
0.238199	1113.06
0.238662	1092.25
0.239125	1072.16
0.239589	1052.75
0.240053	1034
0.240519	1015.87
0.240985	998.342
0.241451	981.379
0.241919	964.96
0.242387	949.06
0.242856	933.656
0.243326	918.726
0.243797	904.249
0.244268	890.204
0.24474	876.572
0.245213	863.335
0.245687	850.477
0.246161	837.982
0.246636	825.833
0.247112	814.017
0.247588	802.52
0.248066	791.33
0.248544	780.435
0.249023	769.823
0.249503	759.483
0.249983	749.404
0.250464	739.577
0.250946	729.993
0.251429	720.644
0.251913	711.521
0.252397	702.618
0.252882	693.928
0.253368	685.444
0.253855	677.159
0.254342	669.068
0.25483	661.166
0.255319	653.446
0.255809	645.905
0.2563	638.536
0.256791	631.336
0.257283	624.299
0.257776	617.422
0.25827	610.701
0.258764	604.13
0.259259	597.707
0.259756	591.428
0.260252	585.288
0.26075	579.284
0.261249	573.413
0.261748	567.67
0.262248	562.053
0.262749	556.558
0.26325	551.182
0.263753	545.921
0.264256	540.772
0.26476	535.733
0.265265	530.799
0.265771	525.969
0.266277	521.238
0.266785	516.606
0.267293	512.067
0.267802	507.621
0.268312	503.264
0.268822	498.993
0.269334	494.807
0.269846	490.703
0.270359	486.679
0.270873	482.732
0.270873	482.732
0.271388	478.86
0.271903	475.062
0.272419	471.336
0.272937	467.679
0.273455	464.089
0.273973	460.566
0.274493	457.108
0.275014	453.712
0.275535	450.378
0.276057	447.103
0.27658	443.887
0.277104	440.728
0.277629	437.625
0.278154	434.577
0.27868	431.582
0.279208	428.64
0.279736	425.749
0.280265	422.908
0.280794	420.116
0.281325	417.372
0.281856	414.676
0.282389	412.025
0.282922	409.42
0.283456	406.86
0.283991	404.343
0.284526	401.869
0.285063	399.436
0.2856	397.045
0.286139	394.694
0.286678	392.382
0.287218	390.109
0.287759	387.874
0.2883	385.676
0.288843	383.514
0.289386	381.388
0.289931	379.297
0.290476	377.24
0.291022	375.216
0.291569	373.226
0.292117	371.267
0.292666	369.341
0.293215	367.445
0.293766	365.579
0.294317	363.743
0.294869	361.937
0.295422	360.159
0.295976	358.409
0.296531	356.687
0.297087	354.992
0.297644	353.324
0.298201	351.681
0.29876	350.065
0.299319	348.473
0.29988	346.907
0.300441	345.364
0.301003	343.845
0.301566	342.35
0.30213	340.878
0.302694	339.428
0.30326	338.001
0.303827	336.595
0.304394	335.21
0.304962	333.847
0.305532	332.504
0.306102	331.181
0.306673	329.878
0.307245	328.594
0.307818	327.33
0.308392	326.084
0.308967	324.857
0.309543	323.648
0.310119	322.456
0.310697	321.282
0.311275	320.125
0.311855	318.985
0.312435	317.861
0.313016	316.754
0.313598	315.662
0.314182	314.587
0.314766	313.526
0.315351	312.48
0.315937	311.45
0.316523	310.434
0.317111	309.432
0.3177	308.444
0.31829	307.469
0.31888	306.509
0.31888	306.509
0.319472	305.561
0.320065	304.627
0.320658	303.706
0.321252	302.797
0.321848	301.901
0.322444	301.017
0.323042	300.145
0.32364	299.286
0.324239	298.438
0.324839	297.602
0.32544	296.777
0.326042	295.963
0.326646	295.161
0.32725	294.369
0.327855	293.588
0.328461	292.818
0.329067	292.057
0.329675	291.307
0.330284	290.566
0.330894	289.835
0.331505	289.114
0.332117	288.402
0.33273	287.699
0.333343	287.005
0.333958	286.32
0.334574	285.643
0.335191	284.975
0.335808	284.316
0.336427	283.665
0.337047	283.022
0.337667	282.387
0.338289	281.76
0.338912	281.141
0.339536	280.529
0.34016	279.925
0.340786	279.328
0.341413	278.739
0.34204	278.156
0.342669	277.581
0.343299	277.012
0.343929	276.451
0.344561	275.896
0.345194	275.347
0.345828	274.805
0.346462	274.27
0.347098	273.74
0.347735	273.217
0.348373	272.7
0.349012	272.189
0.349652	271.684
0.350292	271.184
0.350934	270.691
0.351577	270.202
0.352221	269.72
0.352866	269.243
0.353512	268.771
0.354159	268.304
0.354807	267.843
0.355457	267.386
0.356107	266.935
0.356758	266.489
0.35741	266.047
0.358064	265.611
0.358718	265.179
0.359373	264.751
0.36003	264.329
0.360687	263.911
0.361346	263.497
0.362006	263.088
0.362666	262.683
0.363328	262.282
0.363991	261.885
0.364655	261.493
0.36532	261.105
0.365986	260.72
0.366653	260.34
0.367321	259.963
0.36799	259.59
0.36866	259.221
0.369332	258.856
0.370004	258.494
0.370678	258.136
0.371352	257.781
0.372028	257.43
0.372704	257.082
0.373382	256.737
0.374061	256.396
0.374741	256.058
0.375422	255.723
0.376104	255.392
0.376788	255.063
0.377472	254.737
0.378158	254.415
0.378844	254.095
0.379532	253.779
0.380221	253.465
0.38091	253.154
0.381601	252.845
0.382293	252.54
0.382987	252.237
0.383681	251.937
0.384376	251.639
0.385073	251.344
0.38577	251.052
0.386469	250.762
0.387169	250.474
0.38787	250.189
0.388572	249.906
0.389275	249.625
0.38998	249.347
0.390685	249.071
0.391392	248.798
0.3921	248.526
0.392809	248.257
0.393519	247.99
0.39423	247.725
0.394942	247.463
0.395655	247.202
0.39637	246.944
0.397086	246.687
0.397803	246.433
0.398521	246.18
0.39924	245.93
0.39996	245.681
0.400682	245.434
0.401404	245.189
0.402128	244.946
0.402853	244.704
0.403579	244.464
0.404306	244.226
0.405035	243.989
0.405765	243.754
0.406495	243.52
0.407227	243.288
0.40796	243.057
0.408695	242.828
0.40943	242.6
0.410167	242.373
0.410905	242.148
0.411644	241.924
0.412384	241.701
0.413125	241.479
0.413868	241.259
0.414612	241.04
0.415357	240.822
0.416103	240.605
0.41685	240.389
0.417599	240.175
0.418348	239.961
0.419099	239.749
0.419851	239.537
0.420605	239.327
0.421359	239.118
0.422115	238.909
0.422872	238.702
0.42363	238.495
0.42439	238.29
0.42515	238.085
0.425912	237.881
0.426675	237.679
0.427439	237.477
0.428205	237.276
0.428972	237.076
0.42974	236.877
0.430509	236.678
0.431279	236.481
0.432051	236.285
0.432824	236.089
0.433598	235.894
0.434373	235.7
0.43515	235.507
0.435928	235.315
0.436707	235.123
0.437487	234.933
0.438269	234.743
0.439052	234.554
0.439836	234.366
0.440621	234.179
0.441408	233.993
0.442196	233.807
0.442985	233.622
0.443775	233.438
0.444567	233.255
0.44536	233.073
0.446154	232.891
0.446949	232.71
0.447746	232.53
0.447746	232.53
0.448544	232.351
0.449343	232.173
0.450144	231.995
0.450946	231.818
0.451749	231.642
0.452554	231.466
0.453359	231.291
0.454166	231.116
0.454975	230.943
0.455784	230.77
0.456595	230.597
0.457407	230.425
0.458221	230.254
0.459036	230.083
0.459852	229.913
0.460669	229.743
0.461488	229.574
0.462308	229.406
0.463129	229.238
0.463952	229.07
0.464776	228.903
0.465601	228.737
0.466428	228.571
0.467256	228.405
0.468085	228.24
0.468916	228.075
0.469748	227.911
0.470581	227.747
0.471416	227.583
0.472252	227.42
0.473089	227.257
0.473928	227.095
0.474768	226.933
0.475609	226.771
0.476451	226.609
0.477296	226.448
0.478141	226.287
0.478988	226.126
0.479836	225.965
0.480685	225.805
0.481536	225.645
0.482388	225.485
0.483242	225.326
0.484096	225.166
0.484953	225.007
0.48581	224.847
0.486669	224.688
0.48753	224.529
0.488392	224.37
0.489255	224.212
0.490119	224.053
0.490985	223.894
0.491852	223.736
0.492721	223.577
0.493591	223.419
0.494463	223.261
0.495336	223.102
0.49621	222.944
0.497085	222.786
0.497963	222.628
0.498841	222.47
0.499721	222.312
0.500602	222.154
0.501485	221.996
0.502369	221.838
0.503255	221.68
0.504142	221.522
0.50503	221.364
0.50592	221.206
0.506811	221.049
0.507704	220.891
0.508598	220.733
0.509493	220.575
0.51039	220.417
0.511288	220.26
0.512188	220.102
0.51309	219.944
0.513992	219.786
0.514896	219.629
0.515802	219.471
0.516709	219.313
0.517618	219.155
0.518528	218.997
0.519439	218.839
0.520352	218.681
0.521266	218.523
0.522182	218.365
0.523099	218.206
0.524018	218.048
0.524938	217.889
0.52586	217.731
0.526783	217.572
0.527708	217.413
0.528634	217.253
0.529561	217.094
0.530491	216.935
0.531421	216.775
0.532353	216.615
0.533287	216.455
0.534222	216.294
0.535158	216.133
0.536096	215.973
0.537036	215.811
0.537977	215.65
0.53892	215.488
0.539864	215.326
0.540809	215.164
0.541757	215.002
0.542705	214.839
0.543655	214.676
0.544607	214.513
0.54556	214.349
0.546515	214.185
0.547471	214.021
0.548429	213.857
0.549388	213.693
0.550349	213.528
0.551311	213.363
0.552275	213.198
0.553241	213.033
0.554208	212.868
0.555176	212.702
0.556147	212.537
0.557118	212.371
0.558092	212.206
0.559066	212.04
0.560043	211.874
0.561021	211.709
0.562	211.543
0.562981	211.378
0.563964	211.213
0.564948	211.048
0.565934	210.883
0.566921	210.718
0.56791	210.553
0.568901	210.389
0.569893	210.225
0.570886	210.062
0.571882	209.898
0.572879	209.735
0.573877	209.573
0.574877	209.411
0.575879	209.249
0.576882	209.088
0.577887	208.928
0.578894	208.768
0.579902	208.608
0.580839	208.461
0.581777	208.314
0.582715	208.168
0.583652	208.022
0.58459	207.878
0.585528	207.734
0.586465	207.591
0.587403	207.448
0.588341	207.306
0.589278	207.165
0.590216	207.025
0.590216	207.025
0.591154	206.886
0.592091	206.747
0.593029	206.609
0.593966	206.472
0.594904	206.336
0.595842	206.2
0.596779	206.065
0.597717	205.931
0.598655	205.798
0.599592	205.665
0.60053	205.533
0.601468	205.402
0.602405	205.271
0.603343	205.141
0.60449	204.983
0.605638	204.826
0.606786	204.67
0.607933	204.515
0.609081	204.361
0.610228	204.208
0.611376	204.056
0.612523	203.905
0.613671	203.755
0.614818	203.606
0.615966	203.458
0.617114	203.31
0.618261	203.164
0.619409	203.018
0.620556	202.873
0.621704	202.728
0.622851	202.584
0.623999	202.441
0.625146	202.298
0.626294	202.155
0.627441	202.013
0.628589	201.872
0.629737	201.731
0.630884	201.59
0.632032	201.449
0.633179	201.309
0.634327	201.169
0.635474	201.03
0.636622	200.89
0.637769	200.751
0.638917	200.612
0.640065	200.474
0.641212	200.335
0.64236	200.197
0.643507	200.059
0.644655	199.922
0.645802	199.785
0.64695	199.648
0.648097	199.512
0.649245	199.376
0.650392	199.24
0.65154	199.105
0.652688	198.97
0.653835	198.836
0.654983	198.702
0.65613	198.568
0.657278	198.435
0.658425	198.301
0.659573	198.168
0.66072	198.034
0.661868	197.901
0.663016	197.767
0.664163	197.634
0.665311	197.5
0.666458	197.367
0.667606	197.235
0.668753	197.103
0.669901	196.972
0.671048	196.841
0.672196	196.711
0.673343	196.582
0.674491	196.454
0.675639	196.327
0.676786	196.202
0.677934	196.079
0.679081	195.959
0.680229	195.843
0.681376	195.732
0.682524	195.625
0.683671	195.523
0.684819	195.427
0.685967	195.337
0.687114	195.252
0.688262	195.173
0.689409	195.1
0.690557	195.032
0.691704	194.969
0.692852	194.911
0.693999	194.858
0.695147	194.808
0.696294	194.762
0.697442	194.72
0.69859	194.68
0.699737	194.643
0.700885	194.609
0.702032	194.576
0.70318	194.545
0.704327	194.515
0.705475	194.486
0.706622	194.457
0.70777	194.428
0.708918	194.4
0.710065	194.371
0.711213	194.342
0.71236	194.312
0.713508	194.281
0.714655	194.249
0.715803	194.216
0.71695	194.181
0.718098	194.145
0.719245	194.107
0.720393	194.067
0.721541	194.025
0.722688	193.982
0.723836	193.936
0.724983	193.889
0.726131	193.839
0.727278	193.788
0.728426	193.734
0.729573	193.678
0.730721	193.62
0.731869	193.56
0.733016	193.497
0.734164	193.432
0.735311	193.365
0.736459	193.295
0.737606	193.222
0.738754	193.146
0.739901	193.068
0.741049	192.987
0.742197	192.903
0.743344	192.816
0.744492	192.724
0.745639	192.621
0.746787	192.523
0.747934	192.481
0.749082	192.52
0.750229	192.603
0.751377	192.688
0.752524	192.765
0.753672	192.831
0.75482	192.883
0.755967	192.924
0.757115	192.972
0.758262	193.033
0.75941	193.249
0.760557	193.964
0.761705	194.821
0.762852	195.419
0.763426	195.689
0.763713	195.796
0.764	195.836
)
