(title "Density")
(labels "Position" "Density")

((xy/key/label "axis")
-0.01	0.0575983
-0.00993696	0.0575951
-0.00987393	0.0575865
-0.00974786	0.0575676
-0.00962179	0.0575487
-0.00949571	0.0575252
-0.00936964	0.0574997
-0.00924357	0.0574746
-0.0091175	0.0574512
-0.00899143	0.0574304
-0.00886536	0.0574124
-0.00873929	0.0573972
-0.00861321	0.0573846
-0.00848714	0.0573747
-0.00836107	0.0573673
-0.008235	0.0573625
-0.00810893	0.0573599
-0.00798286	0.0573596
-0.00785679	0.0573615
-0.00773071	0.0573654
-0.00760464	0.0573711
-0.00747857	0.0573787
-0.0073525	0.0573881
-0.00722643	0.0573999
-0.00710036	0.0574142
-0.00697429	0.0574316
-0.00684821	0.057452
-0.00672214	0.0574752
-0.00659607	0.0575008
-0.00647	0.0575282
-0.00633636	0.0575581
-0.00620273	0.0575873
-0.00606909	0.0576134
-0.00593545	0.0576339
-0.00580182	0.0576454
-0.00566818	0.0576447
-0.00553455	0.057628
-0.00540091	0.0575911
-0.00526727	0.0575307
-0.00513364	0.0574436
-0.005	0.0573277
-0.00486636	0.0571814
-0.00473273	0.0570038
-0.00459909	0.0567944
-0.00446545	0.0565534
-0.00433182	0.0562812
-0.00419818	0.0559787
-0.00406455	0.0556466
-0.00393091	0.0552862
-0.00379727	0.0548987
-0.00366364	0.0544853
-0.00353	0.0540478
-0.00340393	0.0536138
-0.00327786	0.0531606
-0.00315179	0.0526896
-0.00302571	0.0522024
-0.00289964	0.0517006
-0.00277357	0.0511861
-0.0026475	0.0506606
-0.00252143	0.0501262
-0.00239536	0.049585
-0.00226929	0.0490391
-0.00214321	0.0484908
-0.00201714	0.0479425
-0.00189107	0.0473967
-0.001765	0.0468559
-0.00163893	0.0463227
-0.00151286	0.0457998
-0.00138679	0.0452899
-0.00126071	0.0447957
-0.00113464	0.04432
-0.00100857	0.0438655
-0.0008825	0.043435
-0.000756428	0.0430313
-0.000630357	0.0426568
-0.000504286	0.0423139
-0.000378214	0.0420048
-0.000252143	0.041731
-0.000126071	0.0414939
1.52316e-10	0.0412938
0.000138276	0.0411155
0.000276552	0.0409785
0.000414827	0.0408794
0.000553103	0.0408134
0.000691379	0.0407752
0.000829655	0.0407579
0.00096793	0.0407546
0.00110621	0.0407604
0.00124448	0.0407698
0.00138276	0.0407778
0.00152103	0.0407797
0.00165931	0.0407712
0.00179758	0.040748
0.00193586	0.0407081
0.00207414	0.0406495
0.00221241	0.0405703
0.00235069	0.0404688
0.00248896	0.0403436
0.00262724	0.0401938
0.00276552	0.0400185
0.00290379	0.0398175
0.00304207	0.0395904
0.00318034	0.0393371
0.00331862	0.0390578
0.00345689	0.0387528
0.00359517	0.0384225
0.00373345	0.0380676
0.00387172	0.0376889
0.00401	0.037287
0.00414827	0.0368631
0.00428655	0.0364184
0.00442482	0.035954
0.0045631	0.0354715
0.00470138	0.0349722
0.00483965	0.0344577
0.00497793	0.03393
0.0051162	0.033391
0.00525448	0.032843
0.00539275	0.0322888
0.00553103	0.0317316
0.00566931	0.031176
0.00580758	0.0306276
0.00594586	0.0300942
0.00608413	0.029586
0.00622241	0.0291156
0.00636068	0.0286966
0.00649896	0.0283417
0.00663724	0.0280597
0.00677551	0.0278517
0.00677551	0.0278517
0.00691379	0.027709
0.00705206	0.0276121
0.00719034	0.0275329
0.00732861	0.0274419
0.00746689	0.027315
0.00760517	0.0271375
0.00774344	0.0269057
0.00788172	0.0266252
0.00801999	0.0263079
0.00815827	0.025967
0.00829654	0.0256149
0.00843482	0.0252608
0.0085731	0.0249112
0.00871137	0.0245696
0.00884965	0.0242375
0.00898792	0.0239151
0.0091262	0.0236016
0.00926447	0.0232959
0.00940275	0.0229968
0.00954103	0.0227029
0.0096793	0.0224131
0.00981758	0.0221264
0.00995585	0.0218422
0.0100941	0.0215598
0.0102324	0.0212789
0.0103707	0.0209995
0.010509	0.0207218
0.0106472	0.0204459
0.0107855	0.0201723
0.0109238	0.0199016
0.0110621	0.0196341
0.0112003	0.0193705
0.0113386	0.019111
0.0114769	0.0188559
0.0116152	0.0186053
0.0117534	0.018359
0.0118917	0.0181168
0.01203	0.0178784
0.0121683	0.0176436
0.0123065	0.017412
0.0124448	0.0171837
0.0125831	0.0169588
0.0127214	0.0167376
0.0128596	0.0165206
0.0129979	0.0163083
0.0131362	0.0161013
0.0132745	0.0159001
0.0134127	0.015705
0.013551	0.0155161
0.0136893	0.0153332
0.0138276	0.0151559
0.0139659	0.0149837
0.0141041	0.0148158
0.0142424	0.0146514
0.0143807	0.0144896
0.014519	0.0143298
0.0146572	0.0141712
0.0147955	0.0140134
0.0149338	0.0138561
0.0150721	0.0136992
0.0152103	0.0135426
0.0153486	0.0133867
0.0154869	0.0132315
0.0156252	0.0130776
0.0157634	0.0129252
0.0159017	0.0127747
0.01604	0.0126265
0.0161783	0.012481
0.0163165	0.0123383
0.0164548	0.0121987
0.0165931	0.0120624
0.0167314	0.0119294
0.0168696	0.0117999
0.0170079	0.0116738
0.0171462	0.0115511
0.0172845	0.0114318
0.0174227	0.0113157
0.017561	0.0112027
0.0176993	0.0110927
0.0178376	0.0109854
0.0179758	0.0108808
0.0181141	0.0107785
0.0182524	0.0106785
0.0183907	0.0105805
0.0185289	0.0104845
0.0186672	0.0103902
0.0188055	0.0102975
0.0189438	0.0102064
0.0190821	0.0101167
0.0192203	0.0100285
0.0193586	0.00994156
0.0194969	0.00985599
0.0196352	0.00977175
0.0197734	0.00968883
0.0199117	0.00960725
0.02005	0.009527
0.0201883	0.00944809
0.0203265	0.00937051
0.0204648	0.00929427
0.0206031	0.00921935
0.0207414	0.00914573
0.0208796	0.00907339
0.0210179	0.00900229
0.0211562	0.00893239
0.0212945	0.00886366
0.0214327	0.00879605
0.021571	0.00872953
0.0217093	0.00866406
0.0218476	0.00859961
0.0219858	0.00853615
0.0221241	0.00847366
0.0222624	0.00841213
0.0224007	0.00835156
0.0225389	0.00829195
0.0226772	0.00823331
0.0228155	0.00817565
0.0229538	0.00811901
0.0230921	0.00806339
0.0232303	0.00800882
0.0233686	0.00795533
0.0235069	0.00790294
0.0236452	0.00785165
0.0237834	0.00780149
0.0239217	0.00775246
0.02406	0.00770455
0.0241983	0.00765777
0.0243365	0.0076121
0.0244748	0.00756752
0.0246131	0.00752401
0.0247514	0.00748153
0.0248896	0.00744005
0.0250279	0.00739955
0.0251662	0.00735998
0.0253045	0.00732131
0.0254427	0.0072835
0.025581	0.00724652
0.0257193	0.00721034
0.0258576	0.00717493
0.0258576	0.00717493
0.0259958	0.00714026
0.0261341	0.00710632
0.0262724	0.00707308
0.0264107	0.00704054
0.0265489	0.00700868
0.0266872	0.0069775
0.0268255	0.006947
0.0269638	0.00691718
0.027102	0.00688804
0.0272403	0.00685958
0.0273786	0.00683181
0.0275169	0.00680473
0.0276551	0.00677834
0.0277934	0.00675265
0.0279317	0.00672767
0.02807	0.00670339
0.0282083	0.00667981
0.0283465	0.00665694
0.0284848	0.00663477
0.0286231	0.0066133
0.0287614	0.00659251
0.0288996	0.0065724
0.0290379	0.00655296
0.0291762	0.00653418
0.0293145	0.00651604
0.0294527	0.00649851
0.029591	0.0064816
0.0297293	0.00646528
0.0298676	0.00644953
0.0300058	0.00643433
0.0301441	0.00641968
0.0302824	0.00640555
0.0304207	0.00639194
0.0305589	0.00637882
0.0306972	0.00636619
0.0308355	0.00635403
0.0309738	0.00634234
0.031112	0.00633111
0.0312503	0.00632034
0.0313886	0.00631001
0.0315269	0.00630013
0.0316651	0.00629069
0.0318034	0.00628169
0.0319417	0.00627313
0.03208	0.006265
0.0322182	0.0062573
0.0323565	0.00625002
0.0324948	0.00624316
0.0326331	0.00623671
0.0327714	0.00623066
0.0329096	0.006225
0.0330479	0.00621972
0.0331862	0.00621479
0.0333245	0.0062102
0.0334627	0.00620592
0.033601	0.00620193
0.0337393	0.0061982
0.0338776	0.00619469
0.0340158	0.00619136
0.0341541	0.00618819
0.0342924	0.00618513
0.0344307	0.00618215
0.0345689	0.0061792
0.0347072	0.00617626
0.0348455	0.00617326
0.0349838	0.00617018
0.035122	0.00616696
0.0352603	0.00616357
0.0353986	0.00615996
0.0355369	0.0061561
0.0356751	0.00615194
0.0358134	0.00614747
0.0359517	0.00614265
0.03609	0.00613746
0.0362282	0.00613187
0.0363665	0.00612586
0.0365048	0.00611941
0.0366431	0.0061125
0.0367813	0.00610511
0.0369196	0.00609722
0.0370579	0.00608882
0.0371962	0.00607991
0.0373344	0.00607046
0.0374727	0.00606047
0.037611	0.00604994
0.0377493	0.00603887
0.0378876	0.00602725
0.0380258	0.00601508
0.0381641	0.00600236
0.0383024	0.00598911
0.0384407	0.00597533
0.0385789	0.00596103
0.0387172	0.00594621
0.0388555	0.0059309
0.0389938	0.00591509
0.039132	0.00589881
0.0392703	0.00588207
0.0394086	0.00586488
0.0395469	0.00584724
0.0396851	0.00582919
0.0398234	0.00581072
0.0399617	0.00579185
0.0401	0.0057726
0.0402382	0.00575298
0.0403765	0.00573301
0.0405148	0.00571269
0.0406531	0.00569203
0.0407913	0.00567107
0.0409296	0.00564979
0.0410679	0.00562822
0.0412062	0.00560636
0.0413444	0.00558423
0.0414827	0.00556184
0.041621	0.00553921
0.0417684	0.00551484
0.0419161	0.00549019
0.042064	0.00546526
0.0422122	0.00544005
0.0423606	0.00541455
0.0425092	0.00538878
0.0426581	0.00536274
0.0428072	0.00533644
0.0429565	0.00530988
0.0431061	0.00528307
0.043256	0.00525601
0.043406	0.00522872
0.0435563	0.00520119
0.0437069	0.00517345
0.0438577	0.00514549
0.0440087	0.00511732
0.04416	0.00508896
0.0443115	0.00506042
0.0444632	0.00503171
0.0446152	0.00500283
0.0447675	0.0049738
0.0449199	0.00494463
0.0450727	0.00491534
0.0452257	0.00488592
0.0453789	0.00485639
0.0455323	0.00482677
0.045686	0.00479707
0.04584	0.00476729
0.0459942	0.00473745
0.0461487	0.00470755
0.0463034	0.00467762
0.0463034	0.00467762
0.0464583	0.00464766
0.0466135	0.00461768
0.0467689	0.00458769
0.0469246	0.0045577
0.0470806	0.00452772
0.0472368	0.00449776
0.0473932	0.00446783
0.0475499	0.00443794
0.0477068	0.00440809
0.047864	0.0043783
0.0480215	0.00434858
0.0481792	0.00431892
0.0483371	0.00428935
0.0484953	0.00425986
0.0486538	0.00423047
0.0488125	0.00420118
0.0489715	0.00417201
0.0491307	0.00414295
0.0492902	0.00411401
0.0494499	0.00408521
0.0496099	0.00405654
0.0497701	0.00402802
0.0499306	0.00399966
0.0500914	0.00397144
0.0502524	0.00394339
0.0504137	0.00391551
0.0505752	0.0038878
0.050737	0.00386028
0.050899	0.00383293
0.0510613	0.00380578
0.0512239	0.00377882
0.0513867	0.00375205
0.0515498	0.00372549
0.0517132	0.00369914
0.0518768	0.003673
0.0520407	0.00364707
0.0522048	0.00362136
0.0523692	0.00359588
0.0525339	0.00357062
0.0526988	0.00354559
0.052864	0.0035208
0.0530294	0.00349625
0.0531952	0.00347195
0.0533612	0.0034479
0.0535274	0.00342413
0.0536939	0.00340063
0.0538607	0.00337743
0.0540278	0.00335453
0.0541951	0.00333195
0.0543627	0.00330972
0.0545305	0.00328785
0.0546987	0.00326637
0.054867	0.00324533
0.0550357	0.00322476
0.0552046	0.00320468
0.0553739	0.00318512
0.0555433	0.00316613
0.0557131	0.00314775
0.0558831	0.00313002
0.0560534	0.00311301
0.056224	0.00309673
0.0563948	0.00308122
0.0565659	0.00306655
0.0567373	0.00305276
0.056909	0.00303992
0.0570809	0.00302811
0.0572531	0.00301738
0.0574256	0.0030078
0.0575983	0.00299939
0.0577714	0.00299215
0.0579447	0.00298609
0.0581183	0.00298118
0.0582922	0.00297737
0.0584663	0.00297463
0.0586408	0.00297292
0.0588155	0.00297216
0.0589905	0.0029722
0.0591657	0.00297296
0.0593413	0.00297442
0.0595171	0.00297661
0.0596932	0.00297954
0.0598696	0.00298321
0.0600463	0.00298762
0.0602233	0.00299277
0.0604005	0.00299869
0.060578	0.00300542
0.0607558	0.00301302
0.0609339	0.00302158
0.0611123	0.00303121
0.061291	0.00304206
0.0614699	0.0030543
0.0616492	0.00306813
0.0618287	0.00308381
0.0620085	0.00310162
0.0621886	0.00312188
0.062369	0.00314495
0.0625497	0.00317121
0.0627307	0.00320106
0.062912	0.00323493
0.0630935	0.00327325
0.0632753	0.00331644
0.0634575	0.00336493
0.0636399	0.00341911
0.0638226	0.00347936
0.0640056	0.00354613
0.0641889	0.00361965
0.0643725	0.00369975
0.0645564	0.00378616
0.0647406	0.00387852
0.0649251	0.00397631
0.0651099	0.00407885
0.065295	0.00418532
0.0654803	0.00429478
0.065666	0.00440616
0.0658519	0.00451831
0.0658519	0.00451831
0.0660382	0.00463005
0.0662248	0.00474021
0.0664116	0.00484753
0.0665988	0.00495105
0.0667862	0.00505005
0.066974	0.0051436
0.0671621	0.00523073
0.0673504	0.00531058
0.0675391	0.00538252
0.0677281	0.00544625
0.0679173	0.00550178
0.0681069	0.00554946
0.0682968	0.00558983
0.0684869	0.00562361
0.0686774	0.00565159
0.0688682	0.00567453
0.0690593	0.00569319
0.0692507	0.00570827
0.0694424	0.0057204
0.0696344	0.00573015
0.0698267	0.00573803
0.0700194	0.00574446
0.0702123	0.00574978
0.0704056	0.00575431
0.0705991	0.00575826
0.070793	0.00576187
0.0709872	0.00576568
0.0711816	0.00576995
0.0713765	0.00577457
0.0715716	0.00577951
0.071767	0.00578495
0.0719627	0.00579107
0.0721588	0.00579798
0.0723551	0.00580571
0.0725518	0.00581431
0.0727488	0.00582382
0.0729461	0.00583431
0.0731438	0.00584584
0.0733417	0.00585846
0.0735399	0.00587218
0.0737385	0.00588699
0.0739374	0.00590283
0.0741366	0.00591967
0.0743362	0.00593743
0.074536	0.00595606
0.0747362	0.00597548
0.0749367	0.00599563
0.0751375	0.00601646
0.0753386	0.00603793
0.0755401	0.00605996
0.0757419	0.00608249
0.075944	0.00610544
0.0761464	0.00612872
0.0763492	0.00615227
0.0765522	0.006176
0.0767557	0.00619982
0.0769594	0.00622366
0.0771634	0.00624743
0.0773678	0.00627106
0.0775725	0.00629447
0.0777776	0.00631759
0.0779829	0.00634034
0.0781886	0.00636265
0.0783947	0.00638446
0.078601	0.0064057
0.0788077	0.00642632
0.0790147	0.00644625
0.0792221	0.00646546
0.0794297	0.00648388
0.0796377	0.00650148
0.0798461	0.00651822
0.0800548	0.00653406
0.0802638	0.00654897
0.0804731	0.00656291
0.0806828	0.00657585
0.0808928	0.00658778
0.0811032	0.00659869
0.0813139	0.00660856
0.0815249	0.00661738
0.0817363	0.00662515
0.081948	0.00663183
0.08216	0.0066374
0.0823724	0.00664181
0.0825851	0.006645
0.0827982	0.00664695
0.0830116	0.00664771
0.0832254	0.00664744
0.0834395	0.00664627
0.0836539	0.00664421
0.0838687	0.00664123
0.0840838	0.00663729
0.0842993	0.00663232
0.0845151	0.00662628
0.0847313	0.00661911
0.0849478	0.00661079
0.0851646	0.00660131
0.0853818	0.00659065
0.0855994	0.00657885
0.0858172	0.00656595
0.0860355	0.00655196
0.0862541	0.00653692
0.086473	0.00652084
0.0866923	0.00650373
0.086912	0.00648562
0.087132	0.00646653
0.087132	0.00646653
0.0873523	0.00644648
0.087573	0.0064255
0.0877941	0.00640361
0.0880155	0.00638082
0.0882373	0.00635712
0.0884594	0.00633252
0.0886819	0.00630702
0.0889047	0.00628062
0.0891279	0.00625332
0.0893514	0.00622512
0.0895753	0.00619602
0.0897996	0.00616603
0.0900242	0.00613514
0.0902492	0.00610337
0.0904746	0.00607071
0.0907003	0.00603716
0.0909263	0.00600274
0.0911528	0.00596745
0.0913796	0.0059313
0.0916067	0.00589429
0.0918342	0.00585645
0.0920621	0.00581778
0.0922904	0.00577831
0.092519	0.00573808
0.092748	0.0056971
0.0929773	0.00565542
0.093207	0.00561309
0.0934371	0.00557014
0.0936676	0.00552663
0.0938984	0.00548259
0.0941296	0.00543809
0.0943611	0.00539317
0.0945931	0.00534787
0.0948254	0.00530224
0.095058	0.00525632
0.0952911	0.00521014
0.0955245	0.00516372
0.0957583	0.00511709
0.0959925	0.00507026
0.096227	0.00502323
0.0964619	0.00497601
0.0966972	0.00492857
0.0969329	0.00488092
0.097169	0.00483304
0.0974054	0.0047849
0.0976422	0.00473647
0.0978794	0.00468774
0.098117	0.00463868
0.0983549	0.00458927
0.0985932	0.00453949
0.0988319	0.00448934
0.099071	0.0044388
0.0993105	0.00438787
0.0995504	0.00433658
0.0997906	0.00428493
0.100031	0.00423296
0.100272	0.00418071
0.100514	0.00412822
0.100755	0.00407556
0.100998	0.0040228
0.10124	0.00397001
0.101483	0.00391727
0.101726	0.0038647
0.10197	0.00381237
0.102214	0.00376041
0.102459	0.00370892
0.102704	0.00365804
0.102949	0.00360787
0.103195	0.00355857
0.103441	0.00351026
0.103687	0.00346308
0.103934	0.00341719
0.104181	0.00337272
0.104429	0.00332981
0.104677	0.00328868
0.104926	0.00324946
0.105174	0.00321226
0.105424	0.00317724
0.105673	0.00314464
0.105923	0.00311462
0.106174	0.00308725
0.106425	0.00306263
0.106676	0.00304112
0.106928	0.00302333
0.10718	0.00300982
0.107432	0.0030013
0.107685	0.00299755
0.107938	0.00299766
0.108192	0.00300137
0.108446	0.00300878
0.108701	0.00302035
0.108956	0.00303648
0.109211	0.0030575
0.109467	0.00308371
0.109723	0.00311549
0.109979	0.00315315
0.110236	0.00319705
0.110494	0.00324738
0.110751	0.00330373
0.111009	0.00336546
0.111268	0.00343184
0.111527	0.00350208
0.111787	0.00357541
0.112046	0.00365092
0.112307	0.00372768
0.112567	0.00380476
0.112828	0.00388133
0.11309	0.00395662
0.113352	0.00402987
0.113614	0.00410045
0.113877	0.00416783
0.11414	0.00423163
0.114404	0.00429164
0.114668	0.00434782
0.114932	0.00440028
0.115197	0.00444921
0.115462	0.00449494
0.115728	0.00453786
0.115994	0.00457843
0.115994	0.00457843
0.116261	0.0046172
0.116528	0.00465469
0.116795	0.00469137
0.117063	0.00472764
0.117332	0.00476393
0.1176	0.00480061
0.117869	0.00483799
0.118139	0.00487633
0.118409	0.00491584
0.11868	0.00495667
0.11895	0.00499894
0.119222	0.0050427
0.119494	0.00508795
0.119766	0.00513465
0.120038	0.00518275
0.120311	0.00523213
0.120585	0.00528266
0.120859	0.00533418
0.121133	0.00538654
0.121408	0.00543953
0.121683	0.00549297
0.121959	0.00554666
0.122235	0.00560041
0.122512	0.00565402
0.122789	0.00570731
0.123066	0.00576009
0.123344	0.0058122
0.123623	0.00586349
0.123901	0.00591382
0.124181	0.00596304
0.12446	0.00601106
0.12474	0.00605776
0.125021	0.00610304
0.125302	0.00614683
0.125584	0.00618904
0.125866	0.00622962
0.126148	0.0062685
0.126431	0.00630564
0.126714	0.00634099
0.126998	0.00637451
0.127282	0.00640617
0.127567	0.00643593
0.127852	0.00646371
0.128137	0.00648951
0.128423	0.00651326
0.12871	0.00653492
0.128997	0.00655444
0.129284	0.00657173
0.129572	0.00658674
0.129861	0.00659945
0.130149	0.00660987
0.130439	0.00661797
0.130728	0.00662339
0.131019	0.00662572
0.131309	0.00662539
0.1316	0.00662302
0.131892	0.00661866
0.132184	0.00661206
0.132476	0.00660292
0.132769	0.00659099
0.133063	0.00657612
0.133357	0.00655834
0.133651	0.00653779
0.133946	0.00651452
0.134241	0.00648864
0.134537	0.00646028
0.134834	0.00642961
0.13513	0.00639676
0.135428	0.00636182
0.135725	0.00632492
0.136023	0.00628621
0.136322	0.00624586
0.136621	0.00620404
0.136921	0.00616091
0.137221	0.00611664
0.137522	0.00607136
0.137823	0.0060252
0.138124	0.00597828
0.138426	0.00593068
0.138729	0.00588249
0.139032	0.00583378
0.139335	0.0057846
0.139639	0.005735
0.139944	0.00568501
0.140249	0.00563464
0.140554	0.00558391
0.14086	0.00553283
0.141166	0.00548139
0.141473	0.00542961
0.141781	0.00537749
0.142089	0.00532502
0.142397	0.00527223
0.142706	0.00521912
0.143015	0.00516571
0.143325	0.00511205
0.143636	0.00505815
0.143946	0.00500408
0.144258	0.00494988
0.14457	0.00489562
0.144882	0.00484138
0.145195	0.00478722
0.145508	0.00473325
0.145822	0.00467955
0.145822	0.00467955
0.146137	0.00462622
0.146451	0.00457336
0.146767	0.00452108
0.147083	0.00446947
0.147399	0.00441864
0.147716	0.0043687
0.148033	0.00431975
0.148351	0.00427188
0.14867	0.0042252
0.148989	0.0041798
0.149308	0.00413578
0.149628	0.00409322
0.149948	0.00405223
0.150269	0.00401289
0.150591	0.00397529
0.150913	0.00393952
0.151235	0.00390565
0.151559	0.00387379
0.151882	0.00384402
0.152206	0.00381643
0.152531	0.00379109
0.152856	0.00376807
0.153181	0.00374746
0.153508	0.00372934
0.153834	0.00371376
0.154162	0.00370076
0.154489	0.00369051
0.154818	0.00368342
0.155146	0.00367989
0.155476	0.00367963
0.155805	0.00368198
0.156136	0.00368684
0.156467	0.00369443
0.156798	0.00370507
0.15713	0.00371911
0.157463	0.00373687
0.157796	0.00375866
0.158129	0.00378456
0.158463	0.00381454
0.158798	0.0038486
0.159133	0.00388673
0.159469	0.00392886
0.159805	0.00397493
0.160142	0.00402496
0.160479	0.00407894
0.160817	0.00413678
0.161155	0.00419837
0.161494	0.00426352
0.161834	0.00433204
0.162174	0.00440367
0.162514	0.00447812
0.162855	0.00455506
0.163197	0.00463415
0.163539	0.004715
0.163882	0.00479719
0.164225	0.00488028
0.164569	0.0049638
0.164913	0.00504729
0.165258	0.00513025
0.165604	0.00521223
0.16595	0.00529276
0.166297	0.00537142
0.166644	0.0054478
0.166991	0.00552156
0.16734	0.00559238
0.167689	0.00565999
0.168038	0.00572417
0.168388	0.0057847
0.168738	0.00584141
0.16909	0.00589413
0.169441	0.00594272
0.169793	0.00598707
0.170146	0.00602708
0.170499	0.00606274
0.170853	0.006094
0.171208	0.00612086
0.171563	0.00614328
0.171918	0.00616127
0.172275	0.006175
0.172631	0.00618442
0.172989	0.00618877
0.173347	0.00618855
0.173705	0.00618532
0.174064	0.00617931
0.174424	0.00617008
0.174784	0.00615729
0.175145	0.00614106
0.175506	0.00612172
0.175868	0.00609961
0.17623	0.00607499
0.176594	0.00604806
0.176957	0.00601898
0.177321	0.00598797
0.177686	0.00595527
0.178052	0.00592109
0.178418	0.00588568
0.178784	0.00584924
0.179151	0.00581197
0.179519	0.00577404
0.179888	0.00573558
0.180256	0.00569671
0.180626	0.00565753
0.180996	0.0056181
0.181367	0.0055785
0.181738	0.00553878
0.18211	0.005499
0.182483	0.00545922
0.182856	0.0054195
0.183229	0.0053799
0.183604	0.00534049
0.183979	0.00530131
0.184354	0.00526244
0.18473	0.00522393
0.185107	0.00518583
0.185484	0.00514819
0.185862	0.00511106
0.186241	0.00507447
0.18662	0.00503848
0.186999	0.00500313
0.18738	0.00496847
0.187761	0.00493455
0.188142	0.00490141
0.188524	0.00486911
0.188907	0.00483771
0.189291	0.0048073
0.189675	0.00477796
0.190059	0.00474977
0.190444	0.00472284
0.19083	0.00469723
0.191217	0.00467303
0.191604	0.00465032
0.191992	0.00462917
0.19238	0.00460963
0.192769	0.00459177
0.193158	0.00457569
0.193549	0.0045615
0.193939	0.0045493
0.194331	0.00453921
0.194723	0.00453124
0.195116	0.00452531
0.195509	0.00452168
0.195903	0.00452067
0.196298	0.00452204
0.196693	0.00452556
0.197089	0.00453149
0.197485	0.00454016
0.197882	0.00455175
0.19828	0.00456612
0.198678	0.00458288
0.199077	0.00460188
0.199477	0.00462309
0.199877	0.00464649
0.200278	0.00467204
0.20068	0.00469966
0.201082	0.00472922
0.201485	0.00476053
0.201889	0.0047934
0.202293	0.00482765
0.202698	0.0048631
0.203103	0.00489957
0.203509	0.00493686
0.203916	0.0049745
0.204324	0.00501161
0.204732	0.00504746
0.20514	0.00508186
0.20555	0.00511482
0.20596	0.00514633
0.20637	0.0051765
0.206782	0.00520528
0.207194	0.00523231
0.207607	0.00525709
0.20802	0.00527895
0.208434	0.00529714
0.208849	0.00531167
0.209264	0.00532342
0.20968	0.00533286
0.210097	0.00533973
0.210514	0.00534373
0.210932	0.00534458
0.211351	0.00534192
0.21177	0.00533529
0.21219	0.00532454
0.212611	0.00530994
0.213032	0.00529175
0.213454	0.0052703
0.213877	0.00524587
0.2143	0.00521845
0.214724	0.00518791
0.215149	0.00515413
0.215574	0.00511701
0.216	0.00507652
0.216427	0.00503277
0.216855	0.00498601
0.217283	0.00493651
0.217712	0.00488457
0.218141	0.00483054
0.218571	0.00477479
0.219002	0.00471775
0.219434	0.00465978
0.219866	0.00460124
0.220299	0.00454238
0.220733	0.00448351
0.221167	0.00442506
0.221602	0.00436735
0.222038	0.00431058
0.222475	0.00425491
0.222912	0.00420057
0.22335	0.00414775
0.223788	0.00409658
0.224227	0.0040471
0.224667	0.00399936
0.225108	0.00395334
0.225108	0.00395334
0.225549	0.00390906
0.225992	0.00386649
0.226434	0.00382561
0.226878	0.00378641
0.227322	0.00374887
0.227767	0.00371294
0.228213	0.0036786
0.228659	0.0036458
0.229106	0.00361449
0.229554	0.00358461
0.230002	0.00355612
0.230452	0.00352896
0.230902	0.00350307
0.231352	0.0034784
0.231804	0.00345487
0.232256	0.00343244
0.232708	0.00341104
0.233162	0.0033906
0.233616	0.00337107
0.234071	0.00335239
0.234527	0.0033345
0.234984	0.00331734
0.235441	0.00330086
0.235899	0.00328499
0.236357	0.00326968
0.236817	0.0032549
0.237277	0.00324057
0.237738	0.00322666
0.238199	0.00321313
0.238662	0.00319993
0.239125	0.00318702
0.239589	0.00317436
0.240053	0.00316193
0.240519	0.00314969
0.240985	0.00313761
0.241451	0.00312567
0.241919	0.00311386
0.242387	0.00310214
0.242856	0.00309051
0.243326	0.00307895
0.243797	0.00306745
0.244268	0.003056
0.24474	0.0030446
0.245213	0.00303324
0.245687	0.00302193
0.246161	0.00301067
0.246636	0.00299946
0.247112	0.0029883
0.247588	0.0029772
0.248066	0.00296618
0.248544	0.00295523
0.249023	0.00294436
0.249503	0.0029336
0.249983	0.00292293
0.250464	0.00291238
0.250946	0.00290194
0.251429	0.00289164
0.251913	0.00288147
0.252397	0.00287144
0.252882	0.00286157
0.253368	0.00285186
0.253855	0.00284231
0.254342	0.00283293
0.25483	0.00282373
0.255319	0.0028147
0.255809	0.00280585
0.2563	0.00279719
0.256791	0.0027887
0.257283	0.0027804
0.257776	0.00277227
0.25827	0.00276432
0.258764	0.00275655
0.259259	0.00274895
0.259756	0.00274152
0.260252	0.00273426
0.26075	0.00272715
0.261249	0.0027202
0.261748	0.00271339
0.262248	0.00270673
0.262749	0.00270021
0.26325	0.00269382
0.263753	0.00268756
0.264256	0.00268142
0.26476	0.00267539
0.265265	0.00266948
0.265771	0.00266367
0.266277	0.00265796
0.266785	0.00265234
0.267293	0.00264682
0.267802	0.00264138
0.268312	0.00263603
0.268822	0.00263076
0.269334	0.00262557
0.269846	0.00262045
0.270359	0.0026154
0.270873	0.00261043
0.270873	0.00261043
0.271388	0.00260552
0.271903	0.00260069
0.272419	0.00259591
0.272937	0.00259121
0.273455	0.00258656
0.273973	0.00258198
0.274493	0.00257747
0.275014	0.00257301
0.275535	0.00256862
0.276057	0.00256429
0.27658	0.00256002
0.277104	0.00255581
0.277629	0.00255166
0.278154	0.00254757
0.27868	0.00254354
0.279208	0.00253957
0.279736	0.00253566
0.280265	0.00253181
0.280794	0.00252802
0.281325	0.00252429
0.281856	0.00252061
0.282389	0.00251699
0.282922	0.00251343
0.283456	0.00250992
0.283991	0.00250646
0.284526	0.00250306
0.285063	0.00249971
0.2856	0.00249641
0.286139	0.00249316
0.286678	0.00248995
0.287218	0.0024868
0.287759	0.00248369
0.2883	0.00248063
0.288843	0.00247761
0.289386	0.00247464
0.289931	0.00247171
0.290476	0.00246882
0.291022	0.00246597
0.291569	0.00246317
0.292117	0.0024604
0.292666	0.00245768
0.293215	0.00245499
0.293766	0.00245234
0.294317	0.00244973
0.294869	0.00244716
0.295422	0.00244463
0.295976	0.00244213
0.296531	0.00243967
0.297087	0.00243725
0.297644	0.00243486
0.298201	0.00243251
0.29876	0.0024302
0.299319	0.00242792
0.29988	0.00242567
0.300441	0.00242346
0.301003	0.00242128
0.301566	0.00241913
0.30213	0.00241702
0.302694	0.00241493
0.30326	0.00241288
0.303827	0.00241086
0.304394	0.00240887
0.304962	0.00240691
0.305532	0.00240497
0.306102	0.00240307
0.306673	0.00240119
0.307245	0.00239934
0.307818	0.00239752
0.308392	0.00239573
0.308967	0.00239396
0.309543	0.00239221
0.310119	0.00239049
0.310697	0.0023888
0.311275	0.00238713
0.311855	0.00238548
0.312435	0.00238385
0.313016	0.00238225
0.313598	0.00238067
0.314182	0.00237911
0.314766	0.00237758
0.315351	0.00237606
0.315937	0.00237457
0.316523	0.00237309
0.317111	0.00237164
0.3177	0.0023702
0.31829	0.00236879
0.31888	0.0023674
0.31888	0.0023674
0.319472	0.00236603
0.320065	0.00236467
0.320658	0.00236334
0.321252	0.00236203
0.321848	0.00236074
0.322444	0.00235947
0.323042	0.00235822
0.32364	0.00235699
0.324239	0.00235577
0.324839	0.00235458
0.32544	0.00235341
0.326042	0.00235225
0.326646	0.00235111
0.32725	0.00234998
0.327855	0.00234888
0.328461	0.00234778
0.329067	0.00234671
0.329675	0.00234564
0.330284	0.0023446
0.330894	0.00234356
0.331505	0.00234254
0.332117	0.00234154
0.33273	0.00234054
0.333343	0.00233957
0.333958	0.0023386
0.334574	0.00233765
0.335191	0.00233671
0.335808	0.00233579
0.336427	0.00233487
0.337047	0.00233397
0.337667	0.00233308
0.338289	0.00233221
0.338912	0.00233135
0.339536	0.00233049
0.34016	0.00232965
0.340786	0.00232882
0.341413	0.00232801
0.34204	0.0023272
0.342669	0.0023264
0.343299	0.00232562
0.343929	0.00232485
0.344561	0.00232408
0.345194	0.00232333
0.345828	0.00232259
0.346462	0.00232186
0.347098	0.00232114
0.347735	0.00232042
0.348373	0.00231972
0.349012	0.00231903
0.349652	0.00231835
0.350292	0.00231768
0.350934	0.00231702
0.351577	0.00231636
0.352221	0.00231572
0.352866	0.00231509
0.353512	0.00231446
0.354159	0.00231385
0.354807	0.00231324
0.355457	0.00231264
0.356107	0.00231205
0.356758	0.00231147
0.35741	0.0023109
0.358064	0.00231034
0.358718	0.00230978
0.359373	0.00230923
0.36003	0.00230869
0.360687	0.00230816
0.361346	0.00230764
0.362006	0.00230712
0.362666	0.00230661
0.363328	0.00230611
0.363991	0.00230562
0.364655	0.00230513
0.36532	0.00230465
0.365986	0.00230418
0.366653	0.00230371
0.367321	0.00230325
0.36799	0.0023028
0.36866	0.00230235
0.369332	0.00230191
0.370004	0.00230148
0.370678	0.00230106
0.371352	0.00230064
0.372028	0.00230022
0.372704	0.00229982
0.373382	0.00229941
0.374061	0.00229902
0.374741	0.00229863
0.375422	0.00229825
0.376104	0.00229787
0.376788	0.0022975
0.377472	0.00229714
0.378158	0.00229678
0.378844	0.00229642
0.379532	0.00229607
0.380221	0.00229573
0.38091	0.0022954
0.381601	0.00229506
0.382293	0.00229474
0.382987	0.00229442
0.383681	0.00229411
0.384376	0.0022938
0.385073	0.00229349
0.38577	0.0022932
0.386469	0.00229291
0.387169	0.00229262
0.38787	0.00229234
0.388572	0.00229207
0.389275	0.0022918
0.38998	0.00229154
0.390685	0.00229129
0.391392	0.00229104
0.3921	0.0022908
0.392809	0.00229056
0.393519	0.00229033
0.39423	0.00229011
0.394942	0.00228989
0.395655	0.00228967
0.39637	0.00228946
0.397086	0.00228925
0.397803	0.00228905
0.398521	0.00228885
0.39924	0.00228865
0.39996	0.00228846
0.400682	0.00228826
0.401404	0.00228808
0.402128	0.00228789
0.402853	0.00228771
0.403579	0.00228753
0.404306	0.00228735
0.405035	0.00228718
0.405765	0.00228701
0.406495	0.00228684
0.407227	0.00228667
0.40796	0.00228651
0.408695	0.00228635
0.40943	0.00228619
0.410167	0.00228604
0.410905	0.00228588
0.411644	0.00228573
0.412384	0.00228559
0.413125	0.00228544
0.413868	0.0022853
0.414612	0.00228517
0.415357	0.00228503
0.416103	0.0022849
0.41685	0.00228477
0.417599	0.00228465
0.418348	0.00228452
0.419099	0.0022844
0.419851	0.00228429
0.420605	0.00228417
0.421359	0.00228406
0.422115	0.00228395
0.422872	0.00228385
0.42363	0.00228375
0.42439	0.00228365
0.42515	0.00228356
0.425912	0.00228346
0.426675	0.00228337
0.427439	0.00228329
0.428205	0.0022832
0.428972	0.00228312
0.42974	0.00228305
0.430509	0.00228297
0.431279	0.0022829
0.432051	0.00228283
0.432824	0.00228276
0.433598	0.00228269
0.434373	0.00228263
0.43515	0.00228257
0.435928	0.00228251
0.436707	0.00228245
0.437487	0.0022824
0.438269	0.00228234
0.439052	0.00228229
0.439836	0.00228225
0.440621	0.0022822
0.441408	0.00228215
0.442196	0.00228211
0.442985	0.00228207
0.443775	0.00228203
0.444567	0.00228199
0.44536	0.00228195
0.446154	0.00228191
0.446949	0.00228188
0.447746	0.00228184
0.447746	0.00228184
0.448544	0.00228181
0.449343	0.00228178
0.450144	0.00228174
0.450946	0.00228171
0.451749	0.00228168
0.452554	0.00228165
0.453359	0.00228162
0.454166	0.00228159
0.454975	0.00228155
0.455784	0.00228152
0.456595	0.00228149
0.457407	0.00228147
0.458221	0.00228144
0.459036	0.00228141
0.459852	0.00228138
0.460669	0.00228135
0.461488	0.00228132
0.462308	0.0022813
0.463129	0.00228127
0.463952	0.00228124
0.464776	0.00228122
0.465601	0.00228119
0.466428	0.00228116
0.467256	0.00228114
0.468085	0.00228111
0.468916	0.00228108
0.469748	0.00228105
0.470581	0.00228103
0.471416	0.002281
0.472252	0.00228097
0.473089	0.00228094
0.473928	0.00228091
0.474768	0.00228088
0.475609	0.00228085
0.476451	0.00228082
0.477296	0.00228079
0.478141	0.00228076
0.478988	0.00228072
0.479836	0.00228069
0.480685	0.00228066
0.481536	0.00228062
0.482388	0.00228059
0.483242	0.00228055
0.484096	0.00228051
0.484953	0.00228047
0.48581	0.00228043
0.486669	0.00228039
0.48753	0.00228035
0.488392	0.0022803
0.489255	0.00228026
0.490119	0.00228021
0.490985	0.00228016
0.491852	0.00228011
0.492721	0.00228006
0.493591	0.00228001
0.494463	0.00227996
0.495336	0.0022799
0.49621	0.00227985
0.497085	0.00227979
0.497963	0.00227973
0.498841	0.00227968
0.499721	0.00227961
0.500602	0.00227955
0.501485	0.00227949
0.502369	0.00227942
0.503255	0.00227936
0.504142	0.00227929
0.50503	0.00227922
0.50592	0.00227916
0.506811	0.00227908
0.507704	0.00227901
0.508598	0.00227894
0.509493	0.00227887
0.51039	0.00227879
0.511288	0.00227872
0.512188	0.00227864
0.51309	0.00227856
0.513992	0.00227849
0.514896	0.00227841
0.515802	0.00227833
0.516709	0.00227824
0.517618	0.00227816
0.518528	0.00227808
0.519439	0.00227799
0.520352	0.0022779
0.521266	0.00227782
0.522182	0.00227773
0.523099	0.00227764
0.524018	0.00227755
0.524938	0.00227746
0.52586	0.00227736
0.526783	0.00227727
0.527708	0.00227718
0.528634	0.00227708
0.529561	0.00227698
0.530491	0.00227689
0.531421	0.00227679
0.532353	0.00227669
0.533287	0.00227659
0.534222	0.00227648
0.535158	0.00227638
0.536096	0.00227628
0.537036	0.00227617
0.537977	0.00227606
0.53892	0.00227596
0.539864	0.00227585
0.540809	0.00227574
0.541757	0.00227563
0.542705	0.00227551
0.543655	0.0022754
0.544607	0.00227529
0.54556	0.00227517
0.546515	0.00227506
0.547471	0.00227494
0.548429	0.00227483
0.549388	0.00227471
0.550349	0.00227459
0.551311	0.00227447
0.552275	0.00227435
0.553241	0.00227423
0.554208	0.00227411
0.555176	0.00227399
0.556147	0.00227388
0.557118	0.00227376
0.558092	0.00227364
0.559066	0.00227352
0.560043	0.0022734
0.561021	0.00227328
0.562	0.00227316
0.562981	0.00227304
0.563964	0.00227292
0.564948	0.00227281
0.565934	0.00227269
0.566921	0.00227258
0.56791	0.00227246
0.568901	0.00227235
0.569893	0.00227223
0.570886	0.00227212
0.571882	0.00227201
0.572879	0.0022719
0.573877	0.0022718
0.574877	0.00227169
0.575879	0.00227159
0.576882	0.00227149
0.577887	0.00227139
0.578894	0.0022713
0.579902	0.0022712
0.580839	0.00227112
0.581777	0.00227103
0.582715	0.00227095
0.583652	0.00227087
0.58459	0.00227079
0.585528	0.00227071
0.586465	0.00227064
0.587403	0.00227056
0.588341	0.00227049
0.589278	0.00227042
0.590216	0.00227035
0.590216	0.00227035
0.591154	0.00227028
0.592091	0.00227022
0.593029	0.00227015
0.593966	0.00227009
0.594904	0.00227002
0.595842	0.00226996
0.596779	0.00226989
0.597717	0.00226983
0.598655	0.00226977
0.599592	0.0022697
0.60053	0.00226964
0.601468	0.00226958
0.602405	0.00226952
0.603343	0.00226946
0.60449	0.00226939
0.605638	0.00226931
0.606786	0.00226924
0.607933	0.00226917
0.609081	0.0022691
0.610228	0.00226903
0.611376	0.00226896
0.612523	0.0022689
0.613671	0.00226883
0.614818	0.00226876
0.615966	0.0022687
0.617114	0.00226863
0.618261	0.00226856
0.619409	0.00226849
0.620556	0.00226842
0.621704	0.00226835
0.622851	0.00226828
0.623999	0.00226821
0.625146	0.00226813
0.626294	0.00226805
0.627441	0.00226797
0.628589	0.00226788
0.629737	0.0022678
0.630884	0.00226771
0.632032	0.00226761
0.633179	0.00226752
0.634327	0.00226742
0.635474	0.00226732
0.636622	0.00226721
0.637769	0.0022671
0.638917	0.00226699
0.640065	0.00226688
0.641212	0.00226676
0.64236	0.00226664
0.643507	0.00226652
0.644655	0.00226639
0.645802	0.00226627
0.64695	0.00226614
0.648097	0.00226601
0.649245	0.00226588
0.650392	0.00226574
0.65154	0.0022656
0.652688	0.00226546
0.653835	0.0022653
0.654983	0.00226514
0.65613	0.00226497
0.657278	0.00226478
0.658425	0.00226458
0.659573	0.00226436
0.66072	0.00226413
0.661868	0.00226388
0.663016	0.0022636
0.664163	0.00226331
0.665311	0.002263
0.666458	0.00226266
0.667606	0.00226231
0.668753	0.00226192
0.669901	0.00226152
0.671048	0.0022611
0.672196	0.00226065
0.673343	0.0022602
0.674491	0.00225974
0.675639	0.00225928
0.676786	0.00225883
0.677934	0.00225841
0.679081	0.00225801
0.680229	0.00225764
0.681376	0.00225732
0.682524	0.00225703
0.683671	0.00225679
0.684819	0.00225659
0.685967	0.00225644
0.687114	0.00225632
0.688262	0.00225625
0.689409	0.00225621
0.690557	0.0022562
0.691704	0.00225623
0.692852	0.00225629
0.693999	0.00225638
0.695147	0.00225649
0.696294	0.00225663
0.697442	0.00225679
0.69859	0.00225697
0.699737	0.00225718
0.700885	0.00225741
0.702032	0.00225765
0.70318	0.00225791
0.704327	0.0022582
0.705475	0.0022585
0.706622	0.00225882
0.70777	0.00225917
0.708918	0.00225953
0.710065	0.00225992
0.711213	0.00226033
0.71236	0.00226078
0.713508	0.00226125
0.714655	0.00226175
0.715803	0.0022623
0.71695	0.00226288
0.718098	0.00226352
0.719245	0.00226421
0.720393	0.00226495
0.721541	0.00226576
0.722688	0.00226665
0.723836	0.00226761
0.724983	0.00226867
0.726131	0.00226982
0.727278	0.00227108
0.728426	0.00227246
0.729573	0.00227398
0.730721	0.00227564
0.731869	0.00227745
0.733016	0.00227944
0.734164	0.00228162
0.735311	0.002284
0.736459	0.0022866
0.737606	0.00228945
0.738754	0.00229256
0.739901	0.00229596
0.741049	0.00229965
0.742197	0.00230364
0.743344	0.00230794
0.744492	0.00231251
0.745639	0.00231725
0.746787	0.00232233
0.747934	0.00232845
0.749082	0.00233615
0.750229	0.002345
0.751377	0.00235434
0.752524	0.00236388
0.753672	0.00237339
0.75482	0.00238258
0.755967	0.00239121
0.757115	0.00239918
0.758262	0.00240634
0.75941	0.00241423
0.760557	0.00242707
0.761705	0.00244059
0.762852	0.00244984
0.763426	0.0024536
0.763713	0.002455
0.764	0.00245553
)
