(title "Mach Number")
(labels "Position" "Mach Number")

((xy/key/label "axis")
-0.01	0.00270918
-0.00993696	0.00493681
-0.00987393	0.0107734
-0.00974786	0.0240958
-0.00962179	0.0359101
-0.00949571	0.0465701
-0.00936964	0.0557183
-0.00924357	0.0634272
-0.0091175	0.0698413
-0.00899143	0.0751206
-0.00886536	0.0794192
-0.00873929	0.082872
-0.00861321	0.0856092
-0.00848714	0.0877547
-0.00836107	0.0894062
-0.008235	0.0906368
-0.00810893	0.0914957
-0.00798286	0.0920107
-0.00785679	0.0921874
-0.00773071	0.0920003
-0.00760464	0.0914086
-0.00747857	0.0903701
-0.0073525	0.0888415
-0.00722643	0.0867826
-0.00710036	0.0841485
-0.00697429	0.0808778
-0.00684821	0.0768806
-0.00672214	0.0720499
-0.00659607	0.0662796
-0.00647	0.0594614
-0.00633636	0.0510179
-0.00620273	0.0412971
-0.00606909	0.0303906
-0.00593545	0.0190881
-0.00580182	0.0128458
-0.00566818	0.0181507
-0.00553455	0.0325505
-0.00540091	0.0503177
-0.00526727	0.0696187
-0.00513364	0.0900401
-0.005	0.111338
-0.00486636	0.13333
-0.00473273	0.155859
-0.00459909	0.178797
-0.00446545	0.202033
-0.00433182	0.22548
-0.00419818	0.249065
-0.00406455	0.272735
-0.00393091	0.296444
-0.00379727	0.32016
-0.00366364	0.343853
-0.00353	0.367503
-0.00340393	0.389758
-0.00327786	0.411936
-0.00315179	0.434019
-0.00302571	0.455987
-0.00289964	0.477821
-0.00277357	0.499496
-0.0026475	0.520985
-0.00252143	0.542255
-0.00239536	0.563276
-0.00226929	0.584012
-0.00214321	0.604423
-0.00201714	0.624469
-0.00189107	0.644104
-0.001765	0.663279
-0.00163893	0.681942
-0.00151286	0.700039
-0.00138679	0.717512
-0.00126071	0.7343
-0.00113464	0.75034
-0.00100857	0.765564
-0.0008825	0.779905
-0.000756428	0.793296
-0.000630357	0.805668
-0.000504286	0.816959
-0.000378214	0.827114
-0.000252143	0.836087
-0.000126071	0.843855
1.52316e-10	0.850382
0.000138276	0.856155
0.000276552	0.860586
0.000414827	0.863784
0.000553103	0.865914
0.000691379	0.867165
0.000829655	0.867743
0.00096793	0.867833
0.00110621	0.867613
0.00124448	0.867299
0.00138276	0.867072
0.00152103	0.86707
0.00165931	0.867402
0.00179758	0.868166
0.00193586	0.869459
0.00207414	0.871371
0.00221241	0.873969
0.00235069	0.877295
0.00248896	0.881393
0.00262724	0.886292
0.00276552	0.892016
0.00290379	0.898578
0.00304207	0.905987
0.00318034	0.914246
0.00331862	0.923351
0.00345689	0.933294
0.00359517	0.944062
0.00373345	0.95564
0.00387172	0.968009
0.00401	0.981145
0.00414827	0.99503
0.00428655	1.00963
0.00442482	1.02492
0.0045631	1.04085
0.00470138	1.0574
0.00483965	1.07451
0.00497793	1.09216
0.0051162	1.11028
0.00525448	1.12882
0.00539275	1.1477
0.00553103	1.16681
0.00566931	1.18603
0.00580758	1.20516
0.00594586	1.22391
0.00608413	1.24193
0.00622241	1.25875
0.00636068	1.27383
0.00649896	1.28668
0.00663724	1.29694
0.00677551	1.30453
0.00677551	1.30453
0.00691379	1.30975
0.00705206	1.31334
0.00719034	1.31632
0.00732861	1.31975
0.00746689	1.32457
0.00760517	1.33131
0.00774344	1.34014
0.00788172	1.35084
0.00801999	1.36302
0.00815827	1.37617
0.00829654	1.38987
0.00843482	1.40377
0.0085731	1.41761
0.00871137	1.43126
0.00884965	1.44466
0.00898792	1.45779
0.0091262	1.47069
0.00926447	1.48339
0.00940275	1.49594
0.00954103	1.5084
0.0096793	1.5208
0.00981758	1.53319
0.00995585	1.54561
0.0100941	1.55807
0.0102324	1.57059
0.0103707	1.58317
0.010509	1.59582
0.0106472	1.60851
0.0107855	1.62123
0.0109238	1.63397
0.0110621	1.64668
0.0112003	1.65936
0.0113386	1.67198
0.0114769	1.68452
0.0116152	1.69698
0.0117534	1.70937
0.0118917	1.7217
0.01203	1.73396
0.0121683	1.74619
0.0123065	1.75839
0.0124448	1.77055
0.0125831	1.78267
0.0127214	1.79473
0.0128596	1.8067
0.0129979	1.81854
0.0131362	1.83022
0.0132745	1.8417
0.0134127	1.85296
0.013551	1.86398
0.0136893	1.87477
0.0138276	1.88534
0.0139659	1.89572
0.0141041	1.90595
0.0142424	1.91607
0.0143807	1.92614
0.014519	1.9362
0.0146572	1.94628
0.0147955	1.95642
0.0149338	1.96664
0.0150721	1.97694
0.0152103	1.98733
0.0153486	1.99779
0.0154869	2.00831
0.0156252	2.01887
0.0157634	2.02943
0.0159017	2.03997
0.01604	2.05047
0.0161783	2.0609
0.0163165	2.07123
0.0164548	2.08145
0.0165931	2.09154
0.0167314	2.10148
0.0168696	2.11127
0.0170079	2.1209
0.0171462	2.13037
0.0172845	2.13967
0.0174227	2.14881
0.017561	2.1578
0.0176993	2.16664
0.0178376	2.17534
0.0179758	2.18392
0.0181141	2.19237
0.0182524	2.20072
0.0183907	2.20897
0.0185289	2.21714
0.0186672	2.22524
0.0188055	2.23326
0.0189438	2.24123
0.0190821	2.24913
0.0192203	2.25699
0.0193586	2.26479
0.0194969	2.27253
0.0196352	2.28022
0.0197734	2.28786
0.0199117	2.29544
0.02005	2.30296
0.0201883	2.31041
0.0203265	2.3178
0.0204648	2.32513
0.0206031	2.33238
0.0207414	2.33957
0.0208796	2.34669
0.0210179	2.35375
0.0211562	2.36074
0.0212945	2.36767
0.0214327	2.37454
0.021571	2.38135
0.0217093	2.38811
0.0218476	2.39481
0.0219858	2.40146
0.0221241	2.40806
0.0222624	2.41461
0.0224007	2.4211
0.0225389	2.42753
0.0226772	2.43391
0.0228155	2.44023
0.0229538	2.44647
0.0230921	2.45265
0.0232303	2.45875
0.0233686	2.46478
0.0235069	2.47072
0.0236452	2.47657
0.0237834	2.48233
0.0239217	2.488
0.02406	2.49357
0.0241983	2.49905
0.0243365	2.50443
0.0244748	2.50971
0.0246131	2.5149
0.0247514	2.52
0.0248896	2.525
0.0250279	2.52992
0.0251662	2.53474
0.0253045	2.53949
0.0254427	2.54415
0.025581	2.54874
0.0257193	2.55325
0.0258576	2.55769
0.0258576	2.55769
0.0259958	2.56206
0.0261341	2.56636
0.0262724	2.57059
0.0264107	2.57475
0.0265489	2.57885
0.0266872	2.58287
0.0268255	2.58683
0.0269638	2.59071
0.027102	2.59453
0.0272403	2.59826
0.0273786	2.60193
0.0275169	2.60552
0.0276551	2.60902
0.0277934	2.61245
0.0279317	2.6158
0.02807	2.61906
0.0282083	2.62224
0.0283465	2.62534
0.0284848	2.62835
0.0286231	2.63128
0.0287614	2.63412
0.0288996	2.63688
0.0290379	2.63955
0.0291762	2.64215
0.0293145	2.64466
0.0294527	2.64709
0.029591	2.64944
0.0297293	2.65172
0.0298676	2.65392
0.0300058	2.65605
0.0301441	2.65811
0.0302824	2.6601
0.0304207	2.66203
0.0305589	2.66388
0.0306972	2.66568
0.0308355	2.6674
0.0309738	2.66907
0.031112	2.67067
0.0312503	2.67221
0.0313886	2.67369
0.0315269	2.67511
0.0316651	2.67646
0.0318034	2.67776
0.0319417	2.67899
0.03208	2.68016
0.0322182	2.68127
0.0323565	2.68232
0.0324948	2.68332
0.0326331	2.68425
0.0327714	2.68513
0.0329096	2.68595
0.0330479	2.68672
0.0331862	2.68744
0.0333245	2.68811
0.0334627	2.68873
0.033601	2.68932
0.0337393	2.68987
0.0338776	2.69039
0.0340158	2.69089
0.0341541	2.69136
0.0342924	2.69182
0.0344307	2.69227
0.0345689	2.69272
0.0347072	2.69317
0.0348455	2.69363
0.0349838	2.69411
0.035122	2.69461
0.0352603	2.69513
0.0353986	2.69569
0.0355369	2.69629
0.0356751	2.69693
0.0358134	2.69763
0.0359517	2.69837
0.03609	2.69917
0.0362282	2.70004
0.0363665	2.70097
0.0365048	2.70197
0.0366431	2.70304
0.0367813	2.70419
0.0369196	2.70541
0.0370579	2.70671
0.0371962	2.70809
0.0373344	2.70955
0.0374727	2.7111
0.037611	2.71273
0.0377493	2.71445
0.0378876	2.71625
0.0380258	2.71814
0.0381641	2.72012
0.0383024	2.72218
0.0384407	2.72432
0.0385789	2.72655
0.0387172	2.72886
0.0388555	2.73126
0.0389938	2.73374
0.039132	2.7363
0.0392703	2.73893
0.0394086	2.74165
0.0395469	2.74444
0.0396851	2.74731
0.0398234	2.75025
0.0399617	2.75326
0.0401	2.75635
0.0402382	2.7595
0.0403765	2.76272
0.0405148	2.76601
0.0406531	2.76936
0.0407913	2.77278
0.0409296	2.77626
0.0410679	2.7798
0.0412062	2.7834
0.0413444	2.78706
0.0414827	2.79078
0.041621	2.79455
0.0417684	2.79863
0.0419161	2.80278
0.042064	2.807
0.0422122	2.81128
0.0423606	2.81563
0.0425092	2.82005
0.0426581	2.82454
0.0428072	2.8291
0.0429565	2.83373
0.0431061	2.83843
0.043256	2.84319
0.043406	2.84803
0.0435563	2.85293
0.0437069	2.8579
0.0438577	2.86293
0.0440087	2.86804
0.04416	2.8732
0.0443115	2.87844
0.0444632	2.88373
0.0446152	2.88909
0.0447675	2.89451
0.0449199	2.89999
0.0450727	2.90553
0.0452257	2.91112
0.0453789	2.91677
0.0455323	2.92248
0.045686	2.92824
0.04584	2.93406
0.0459942	2.93992
0.0461487	2.94584
0.0463034	2.9518
0.0463034	2.9518
0.0464583	2.95781
0.0466135	2.96387
0.0467689	2.96997
0.0469246	2.97611
0.0470806	2.9823
0.0472368	2.98852
0.0473932	2.99478
0.0475499	3.00108
0.0477068	3.00742
0.047864	3.01379
0.0480215	3.02019
0.0481792	3.02663
0.0483371	3.03309
0.0484953	3.03959
0.0486538	3.04611
0.0488125	3.05265
0.0489715	3.05922
0.0491307	3.06582
0.0492902	3.07243
0.0494499	3.07907
0.0496099	3.08572
0.0497701	3.09239
0.0499306	3.09908
0.0500914	3.10578
0.0502524	3.11249
0.0504137	3.11922
0.0505752	3.12595
0.050737	3.13269
0.050899	3.13944
0.0510613	3.14619
0.0512239	3.15294
0.0513867	3.1597
0.0515498	3.16645
0.0517132	3.17321
0.0518768	3.17996
0.0520407	3.18671
0.0522048	3.19345
0.0523692	3.20019
0.0525339	3.20691
0.0526988	3.21362
0.052864	3.22032
0.0530294	3.227
0.0531952	3.23367
0.0533612	3.2403
0.0535274	3.24692
0.0536939	3.2535
0.0538607	3.26004
0.0540278	3.26654
0.0541951	3.27299
0.0543627	3.27938
0.0545305	3.28571
0.0546987	3.29196
0.054867	3.29812
0.0550357	3.30417
0.0552046	3.31011
0.0553739	3.31592
0.0555433	3.32158
0.0557131	3.32708
0.0558831	3.3324
0.0560534	3.33752
0.056224	3.34242
0.0563948	3.34708
0.0565659	3.35147
0.0567373	3.35557
0.056909	3.35937
0.0570809	3.36285
0.0572531	3.36599
0.0574256	3.36877
0.0575983	3.37119
0.0577714	3.37326
0.0579447	3.37496
0.0581183	3.37631
0.0582922	3.37731
0.0584663	3.37799
0.0586408	3.37835
0.0588155	3.3784
0.0589905	3.3782
0.0591657	3.37776
0.0593413	3.37708
0.0595171	3.37615
0.0596932	3.37497
0.0598696	3.37355
0.0600463	3.37187
0.0602233	3.36995
0.0604005	3.36777
0.060578	3.36531
0.0607558	3.36257
0.0609339	3.3595
0.0611123	3.35607
0.061291	3.35224
0.0614699	3.34795
0.0616492	3.34312
0.0618287	3.3377
0.0620085	3.33161
0.0621886	3.32473
0.062369	3.31698
0.0625497	3.30826
0.0627307	3.29846
0.062912	3.2875
0.0630935	3.27529
0.0632753	3.26177
0.0634575	3.2469
0.0636399	3.23064
0.0638226	3.21301
0.0640056	3.19401
0.0641889	3.1737
0.0643725	3.15222
0.0645564	3.12977
0.0647406	3.10655
0.0649251	3.08278
0.0651099	3.0587
0.065295	3.03456
0.0654803	3.01059
0.065666	2.98702
0.0658519	2.96408
0.0658519	2.96408
0.0660382	2.94195
0.0662248	2.92081
0.0664116	2.90083
0.0665988	2.8821
0.0667862	2.86468
0.066974	2.84864
0.0671621	2.83404
0.0673504	2.82095
0.0675391	2.80939
0.0677281	2.79933
0.0679173	2.79069
0.0681069	2.78337
0.0682968	2.77723
0.0684869	2.77214
0.0686774	2.76794
0.0688682	2.76452
0.0690593	2.76175
0.0692507	2.75951
0.0694424	2.75773
0.0696344	2.7563
0.0698267	2.75514
0.0700194	2.75418
0.0702123	2.75337
0.0704056	2.75267
0.0705991	2.75203
0.070793	2.75144
0.0709872	2.75082
0.0711816	2.75014
0.0713765	2.74941
0.0715716	2.74862
0.071767	2.74774
0.0719627	2.74676
0.0721588	2.74565
0.0723551	2.7444
0.0725518	2.74301
0.0727488	2.74148
0.0729461	2.73979
0.0731438	2.73795
0.0733417	2.73594
0.0735399	2.73376
0.0737385	2.73143
0.0739374	2.72894
0.0741366	2.72631
0.0743362	2.72355
0.074536	2.72067
0.0747362	2.71768
0.0749367	2.71459
0.0751375	2.71142
0.0753386	2.70816
0.0755401	2.70483
0.0757419	2.70145
0.075944	2.69802
0.0761464	2.69456
0.0763492	2.69108
0.0765522	2.68758
0.0767557	2.6841
0.0769594	2.68062
0.0771634	2.67717
0.0773678	2.67376
0.0775725	2.6704
0.0777776	2.6671
0.0779829	2.66386
0.0781886	2.6607
0.0783947	2.65763
0.078601	2.65465
0.0788077	2.65177
0.0790147	2.64899
0.0792221	2.64633
0.0794297	2.64379
0.0796377	2.64137
0.0798461	2.63908
0.0800548	2.63692
0.0802638	2.6349
0.0804731	2.63301
0.0806828	2.63127
0.0808928	2.62967
0.0811032	2.62821
0.0813139	2.62691
0.0815249	2.62575
0.0817363	2.62474
0.081948	2.62389
0.08216	2.62319
0.0823724	2.62265
0.0825851	2.62226
0.0827982	2.62202
0.0830116	2.62192
0.0832254	2.62196
0.0834395	2.62213
0.0836539	2.62243
0.0838687	2.62287
0.0840838	2.62346
0.0842993	2.62419
0.0845151	2.62507
0.0847313	2.62611
0.0849478	2.62731
0.0851646	2.62866
0.0853818	2.63017
0.0855994	2.63184
0.0858172	2.63366
0.0860355	2.63564
0.0862541	2.63777
0.086473	2.64004
0.0866923	2.64247
0.086912	2.64504
0.087132	2.64776
0.087132	2.64776
0.0873523	2.65062
0.087573	2.65362
0.0877941	2.65676
0.0880155	2.66004
0.0882373	2.66346
0.0884594	2.66702
0.0886819	2.67073
0.0889047	2.67459
0.0891279	2.67859
0.0893514	2.68275
0.0895753	2.68706
0.0897996	2.69152
0.0900242	2.69614
0.0902492	2.70091
0.0904746	2.70585
0.0907003	2.71095
0.0909263	2.71621
0.0911528	2.72164
0.0913796	2.72723
0.0916067	2.733
0.0918342	2.73893
0.0920621	2.74503
0.0922904	2.75131
0.092519	2.75775
0.092748	2.76436
0.0929773	2.77113
0.093207	2.77807
0.0934371	2.78516
0.0936676	2.7924
0.0938984	2.79979
0.0941296	2.80732
0.0943611	2.81499
0.0945931	2.82279
0.0948254	2.83072
0.095058	2.83878
0.0952911	2.84696
0.0955245	2.85525
0.0957583	2.86367
0.0959925	2.87221
0.096227	2.88087
0.0964619	2.88965
0.0966972	2.89857
0.0969329	2.90762
0.097169	2.91682
0.0974054	2.92616
0.0976422	2.93567
0.0978794	2.94535
0.098117	2.9552
0.0983549	2.96525
0.0985932	2.97549
0.0988319	2.98593
0.099071	2.99658
0.0993105	3.00745
0.0995504	3.01854
0.0997906	3.02986
0.100031	3.04139
0.100272	3.05314
0.100514	3.0651
0.100755	3.07727
0.100998	3.08963
0.10124	3.10216
0.101483	3.11487
0.101726	3.12771
0.10197	3.14068
0.102214	3.15374
0.102459	3.16687
0.102704	3.18002
0.102949	3.19317
0.103195	3.20628
0.103441	3.21929
0.103687	3.23217
0.103934	3.24485
0.104181	3.2573
0.104429	3.26944
0.104677	3.2812
0.104926	3.29253
0.105174	3.30336
0.105424	3.31363
0.105673	3.32324
0.105923	3.33211
0.106174	3.34017
0.106425	3.34735
0.106676	3.35348
0.106928	3.35841
0.10718	3.36198
0.107432	3.36405
0.107685	3.36469
0.107938	3.36411
0.108192	3.3623
0.108446	3.3592
0.108701	3.3547
0.108956	3.34866
0.109211	3.34103
0.109467	3.33176
0.109723	3.32082
0.109979	3.30819
0.110236	3.2939
0.110494	3.27806
0.110751	3.26087
0.111009	3.24261
0.111268	3.22357
0.111527	3.20402
0.111787	3.18423
0.112046	3.16446
0.112307	3.14494
0.112567	3.12588
0.112828	3.10746
0.11309	3.08981
0.113352	3.07305
0.113614	3.05726
0.113877	3.0425
0.11414	3.02879
0.114404	3.01611
0.114668	3.00441
0.114932	2.99363
0.115197	2.98369
0.115462	2.97448
0.115728	2.9659
0.115994	2.95785
0.115994	2.95785
0.116261	2.95019
0.116528	2.94281
0.116795	2.93562
0.117063	2.92854
0.117332	2.92148
0.1176	2.91439
0.117869	2.9072
0.118139	2.89987
0.118409	2.89238
0.11868	2.8847
0.11895	2.87682
0.119222	2.86874
0.119494	2.86047
0.119766	2.85202
0.120038	2.84342
0.120311	2.83468
0.120585	2.82584
0.120859	2.81693
0.121133	2.80798
0.121408	2.79902
0.121683	2.7901
0.121959	2.78123
0.122235	2.77245
0.122512	2.76379
0.122789	2.75527
0.123066	2.74693
0.123344	2.73877
0.123623	2.73083
0.123901	2.72311
0.124181	2.71562
0.12446	2.70839
0.12474	2.70142
0.125021	2.69472
0.125302	2.68829
0.125584	2.68214
0.125866	2.67627
0.126148	2.67069
0.126431	2.6654
0.126714	2.66039
0.126998	2.65567
0.127282	2.65125
0.127567	2.64711
0.127852	2.64327
0.128137	2.63973
0.128423	2.63648
0.12871	2.63354
0.128997	2.63091
0.129284	2.62859
0.129572	2.62659
0.129861	2.62491
0.130149	2.62357
0.130439	2.62258
0.130728	2.62195
0.131019	2.62167
0.131309	2.62169
0.1316	2.62202
0.131892	2.62267
0.132184	2.62367
0.132476	2.62503
0.132769	2.62677
0.133063	2.62891
0.133357	2.63144
0.133651	2.63436
0.133946	2.63767
0.134241	2.64136
0.134537	2.6454
0.134834	2.64979
0.13513	2.65451
0.135428	2.65955
0.135725	2.6649
0.136023	2.67054
0.136322	2.67645
0.136621	2.68262
0.136921	2.68902
0.137221	2.69564
0.137522	2.70246
0.137823	2.70946
0.138124	2.71664
0.138426	2.72397
0.138729	2.73146
0.139032	2.7391
0.139335	2.74688
0.139639	2.75479
0.139944	2.76284
0.140249	2.77103
0.140554	2.77936
0.14086	2.78783
0.141166	2.79644
0.141473	2.8052
0.141781	2.81411
0.142089	2.82317
0.142397	2.83238
0.142706	2.84175
0.143015	2.85128
0.143325	2.86096
0.143636	2.87079
0.143946	2.88076
0.144258	2.89088
0.14457	2.90112
0.144882	2.91149
0.145195	2.92195
0.145508	2.93251
0.145822	2.94314
0.145822	2.94314
0.146137	2.95383
0.146451	2.96455
0.146767	2.97528
0.147083	2.98599
0.147399	2.99667
0.147716	3.00729
0.148033	3.01782
0.148351	3.02824
0.14867	3.03851
0.148989	3.04861
0.149308	3.05851
0.149628	3.06818
0.149948	3.07758
0.150269	3.08669
0.150591	3.09548
0.150913	3.10391
0.151235	3.11195
0.151559	3.11957
0.151882	3.12673
0.152206	3.13339
0.152531	3.13954
0.152856	3.14514
0.153181	3.15015
0.153508	3.15455
0.153834	3.15829
0.154162	3.16134
0.154489	3.16363
0.154818	3.16514
0.155146	3.16588
0.155476	3.16589
0.155805	3.16521
0.156136	3.16377
0.156467	3.16155
0.156798	3.15848
0.15713	3.15452
0.157463	3.14963
0.157796	3.14378
0.158129	3.13697
0.158463	3.12921
0.158798	3.12053
0.159133	3.11096
0.159469	3.10055
0.159805	3.08935
0.160142	3.07738
0.160479	3.06468
0.160817	3.05131
0.161155	3.03733
0.161494	3.02281
0.161834	3.00784
0.162174	2.99248
0.162514	2.97684
0.162855	2.96099
0.163197	2.94502
0.163539	2.92903
0.163882	2.91309
0.164225	2.89729
0.164569	2.88172
0.164913	2.86645
0.165258	2.85156
0.165604	2.8371
0.16595	2.82316
0.166297	2.80976
0.166644	2.79696
0.166991	2.78479
0.16734	2.77327
0.167689	2.76243
0.168038	2.75227
0.168388	2.7428
0.168738	2.73403
0.16909	2.72597
0.169441	2.71862
0.169793	2.71198
0.170146	2.70603
0.170499	2.70079
0.170853	2.69622
0.171208	2.69234
0.171563	2.68913
0.171918	2.68658
0.172275	2.68471
0.172631	2.68352
0.172989	2.68297
0.173347	2.68296
0.173705	2.68344
0.174064	2.68443
0.174424	2.68592
0.174784	2.68793
0.175145	2.69042
0.175506	2.69337
0.175868	2.69674
0.17623	2.70049
0.176594	2.70461
0.176957	2.70906
0.177321	2.71382
0.177686	2.71887
0.178052	2.72417
0.178418	2.72969
0.178784	2.73541
0.179151	2.74128
0.179519	2.7473
0.179888	2.75344
0.180256	2.75969
0.180626	2.76603
0.180996	2.77246
0.181367	2.77897
0.181738	2.78554
0.18211	2.79217
0.182483	2.79885
0.182856	2.80557
0.183229	2.81232
0.183604	2.8191
0.183979	2.82588
0.184354	2.83266
0.18473	2.83942
0.185107	2.84617
0.185484	2.85289
0.185862	2.85956
0.186241	2.86618
0.18662	2.87275
0.186999	2.87924
0.18738	2.88565
0.187761	2.89197
0.188142	2.89818
0.188524	2.90428
0.188907	2.91024
0.189291	2.91605
0.189675	2.92168
0.190059	2.92712
0.190444	2.93234
0.19083	2.93732
0.191217	2.94205
0.191604	2.9465
0.191992	2.95065
0.19238	2.95449
0.192769	2.958
0.193158	2.96115
0.193549	2.96392
0.193939	2.96628
0.194331	2.96821
0.194723	2.96969
0.195116	2.97071
0.195509	2.97126
0.195903	2.97134
0.196298	2.97094
0.196693	2.97001
0.197089	2.96854
0.197485	2.96651
0.197882	2.96388
0.19828	2.9607
0.198678	2.95702
0.199077	2.95291
0.199477	2.94834
0.199877	2.94335
0.200278	2.93794
0.20068	2.93212
0.201082	2.92594
0.201485	2.91943
0.201889	2.91262
0.202293	2.90557
0.202698	2.89829
0.203103	2.89082
0.203509	2.8832
0.203916	2.87551
0.204324	2.8679
0.204732	2.86048
0.20514	2.85324
0.20555	2.84618
0.20596	2.83927
0.20637	2.83246
0.206782	2.82572
0.207194	2.81909
0.207607	2.81263
0.20802	2.80645
0.208434	2.80067
0.208849	2.79526
0.209264	2.79005
0.20968	2.78492
0.210097	2.77988
0.210514	2.7749
0.210932	2.76997
0.211351	2.76507
0.21177	2.76018
0.21219	2.75519
0.212611	2.74993
0.213032	2.74424
0.213454	2.73798
0.213877	2.73101
0.2143	2.72327
0.214724	2.71471
0.215149	2.7053
0.215574	2.69503
0.216	2.6839
0.216427	2.67189
0.216855	2.659
0.217283	2.64525
0.217712	2.63066
0.218141	2.61527
0.218571	2.59912
0.219002	2.58227
0.219434	2.56488
0.219866	2.54706
0.220299	2.52894
0.220733	2.51062
0.221167	2.4921
0.221602	2.47344
0.222038	2.45474
0.222475	2.43612
0.222912	2.41763
0.22335	2.39925
0.223788	2.381
0.224227	2.36288
0.224667	2.34492
0.225108	2.32711
0.225108	2.32711
0.225549	2.30948
0.225992	2.29202
0.226434	2.27476
0.226878	2.25767
0.227322	2.24077
0.227767	2.22404
0.228213	2.20748
0.228659	2.19108
0.229106	2.17484
0.229554	2.15875
0.230002	2.14281
0.230452	2.12701
0.230902	2.11136
0.231352	2.09584
0.231804	2.08046
0.232256	2.06523
0.232708	2.05013
0.233162	2.03518
0.233616	2.02037
0.234071	2.00572
0.234527	1.99121
0.234984	1.97687
0.235441	1.96268
0.235899	1.94867
0.236357	1.93482
0.236817	1.92115
0.237277	1.90767
0.237738	1.89437
0.238199	1.88126
0.238662	1.86835
0.239125	1.85564
0.239589	1.84313
0.240053	1.83083
0.240519	1.81873
0.240985	1.80685
0.241451	1.79517
0.241919	1.7837
0.242387	1.77243
0.242856	1.76137
0.243326	1.75052
0.243797	1.73986
0.244268	1.7294
0.24474	1.71914
0.245213	1.70905
0.245687	1.69915
0.246161	1.68942
0.246636	1.67986
0.247112	1.67047
0.247588	1.66122
0.248066	1.65213
0.248544	1.64318
0.249023	1.63436
0.249503	1.62567
0.249983	1.6171
0.250464	1.60864
0.250946	1.60029
0.251429	1.59204
0.251913	1.58389
0.252397	1.57582
0.252882	1.56785
0.253368	1.55995
0.253855	1.55214
0.254342	1.54439
0.25483	1.53672
0.255319	1.52911
0.255809	1.52157
0.2563	1.51409
0.256791	1.50668
0.257283	1.49932
0.257776	1.49202
0.25827	1.48478
0.258764	1.47759
0.259259	1.47046
0.259756	1.46339
0.260252	1.45638
0.26075	1.44943
0.261249	1.44253
0.261748	1.43569
0.262248	1.4289
0.262749	1.42218
0.26325	1.41552
0.263753	1.40891
0.264256	1.40237
0.26476	1.39588
0.265265	1.38946
0.265771	1.3831
0.266277	1.3768
0.266785	1.37055
0.267293	1.36437
0.267802	1.35825
0.268312	1.35219
0.268822	1.34619
0.269334	1.34025
0.269846	1.33436
0.270359	1.32854
0.270873	1.32277
0.270873	1.32277
0.271388	1.31705
0.271903	1.31139
0.272419	1.30579
0.272937	1.30023
0.273455	1.29473
0.273973	1.28929
0.274493	1.28389
0.275014	1.27854
0.275535	1.27324
0.276057	1.26799
0.27658	1.26278
0.277104	1.25762
0.277629	1.25251
0.278154	1.24744
0.27868	1.24241
0.279208	1.23743
0.279736	1.23249
0.280265	1.2276
0.280794	1.22274
0.281325	1.21793
0.281856	1.21315
0.282389	1.20842
0.282922	1.20373
0.283456	1.19908
0.283991	1.19446
0.284526	1.18989
0.285063	1.18536
0.2856	1.18087
0.286139	1.17641
0.286678	1.172
0.287218	1.16762
0.287759	1.16328
0.2883	1.15899
0.288843	1.15473
0.289386	1.15051
0.289931	1.14632
0.290476	1.14218
0.291022	1.13807
0.291569	1.13399
0.292117	1.12996
0.292666	1.12596
0.293215	1.12199
0.293766	1.11807
0.294317	1.11417
0.294869	1.11031
0.295422	1.10649
0.295976	1.1027
0.296531	1.09894
0.297087	1.09522
0.297644	1.09152
0.298201	1.08787
0.29876	1.08424
0.299319	1.08065
0.29988	1.07708
0.300441	1.07355
0.301003	1.07005
0.301566	1.06659
0.30213	1.06315
0.302694	1.05974
0.30326	1.05637
0.303827	1.05302
0.304394	1.04971
0.304962	1.04642
0.305532	1.04316
0.306102	1.03993
0.306673	1.03674
0.307245	1.03357
0.307818	1.03043
0.308392	1.02731
0.308967	1.02423
0.309543	1.02117
0.310119	1.01814
0.310697	1.01514
0.311275	1.01217
0.311855	1.00922
0.312435	1.0063
0.313016	1.0034
0.313598	1.00053
0.314182	0.997691
0.314766	0.994874
0.315351	0.992083
0.315937	0.989316
0.316523	0.986575
0.317111	0.983857
0.3177	0.981163
0.31829	0.978493
0.31888	0.975846
0.31888	0.975846
0.319472	0.973221
0.320065	0.970619
0.320658	0.968038
0.321252	0.96548
0.321848	0.962943
0.322444	0.960427
0.323042	0.957933
0.32364	0.95546
0.324239	0.953008
0.324839	0.950578
0.32544	0.948168
0.326042	0.945779
0.326646	0.943411
0.32725	0.941064
0.327855	0.938737
0.328461	0.93643
0.329067	0.934144
0.329675	0.931877
0.330284	0.92963
0.330894	0.927402
0.331505	0.925193
0.332117	0.923002
0.33273	0.920831
0.333343	0.918677
0.333958	0.916542
0.334574	0.914424
0.335191	0.912324
0.335808	0.910241
0.336427	0.908176
0.337047	0.906128
0.337667	0.904097
0.338289	0.902082
0.338912	0.900084
0.339536	0.898103
0.34016	0.896137
0.340786	0.894188
0.341413	0.892254
0.34204	0.890336
0.342669	0.888434
0.343299	0.886546
0.343929	0.884674
0.344561	0.882816
0.345194	0.880973
0.345828	0.879144
0.346462	0.877329
0.347098	0.875528
0.347735	0.873741
0.348373	0.871968
0.349012	0.870207
0.349652	0.86846
0.350292	0.866727
0.350934	0.865005
0.351577	0.863297
0.352221	0.861601
0.352866	0.859917
0.353512	0.858245
0.354159	0.856585
0.354807	0.854937
0.355457	0.853301
0.356107	0.851676
0.356758	0.850063
0.35741	0.84846
0.358064	0.846869
0.358718	0.845289
0.359373	0.84372
0.36003	0.842161
0.360687	0.840613
0.361346	0.839075
0.362006	0.837548
0.362666	0.836031
0.363328	0.834524
0.363991	0.833027
0.364655	0.83154
0.36532	0.830063
0.365986	0.828595
0.366653	0.827136
0.367321	0.825686
0.36799	0.824246
0.36866	0.822815
0.369332	0.821392
0.370004	0.819978
0.370678	0.818573
0.371352	0.817176
0.372028	0.815787
0.372704	0.814407
0.373382	0.813034
0.374061	0.81167
0.374741	0.810314
0.375422	0.808965
0.376104	0.807624
0.376788	0.806291
0.377472	0.804965
0.378158	0.803646
0.378844	0.802334
0.379532	0.80103
0.380221	0.799732
0.38091	0.798441
0.381601	0.797157
0.382293	0.795879
0.382987	0.794608
0.383681	0.793343
0.384376	0.792084
0.385073	0.79083
0.38577	0.789582
0.386469	0.78834
0.387169	0.787103
0.38787	0.785872
0.388572	0.784645
0.389275	0.783424
0.38998	0.782207
0.390685	0.780995
0.391392	0.779787
0.3921	0.778585
0.392809	0.777387
0.393519	0.776193
0.39423	0.775005
0.394942	0.773822
0.395655	0.772643
0.39637	0.77147
0.397086	0.770302
0.397803	0.769139
0.398521	0.767981
0.39924	0.766828
0.39996	0.76568
0.400682	0.764537
0.401404	0.763399
0.402128	0.762265
0.402853	0.761135
0.403579	0.76001
0.404306	0.758889
0.405035	0.757772
0.405765	0.756658
0.406495	0.755548
0.407227	0.754442
0.40796	0.753338
0.408695	0.752238
0.40943	0.751141
0.410167	0.750047
0.410905	0.748955
0.411644	0.747866
0.412384	0.74678
0.413125	0.745696
0.413868	0.744615
0.414612	0.743536
0.415357	0.742459
0.416103	0.741384
0.41685	0.740311
0.417599	0.73924
0.418348	0.73817
0.419099	0.737103
0.419851	0.736037
0.420605	0.734972
0.421359	0.733909
0.422115	0.732847
0.422872	0.731787
0.42363	0.730728
0.42439	0.72967
0.42515	0.728613
0.425912	0.727558
0.426675	0.726503
0.427439	0.72545
0.428205	0.724398
0.428972	0.723347
0.42974	0.722297
0.430509	0.721249
0.431279	0.720201
0.432051	0.719155
0.432824	0.718109
0.433598	0.717065
0.434373	0.716021
0.43515	0.714979
0.435928	0.713937
0.436707	0.712896
0.437487	0.711856
0.438269	0.710817
0.439052	0.709779
0.439836	0.708741
0.440621	0.707704
0.441408	0.706668
0.442196	0.705634
0.442985	0.7046
0.443775	0.703567
0.444567	0.702534
0.44536	0.701503
0.446154	0.700473
0.446949	0.699444
0.447746	0.698415
0.447746	0.698415
0.448544	0.697388
0.449343	0.696362
0.450144	0.695337
0.450946	0.694312
0.451749	0.693289
0.452554	0.692266
0.453359	0.691244
0.454166	0.690223
0.454975	0.689203
0.455784	0.688183
0.456595	0.687163
0.457407	0.686144
0.458221	0.685125
0.459036	0.684107
0.459852	0.683089
0.460669	0.682071
0.461488	0.681053
0.462308	0.680036
0.463129	0.679018
0.463952	0.678001
0.464776	0.676984
0.465601	0.675967
0.466428	0.674949
0.467256	0.673932
0.468085	0.672915
0.468916	0.671897
0.469748	0.670879
0.470581	0.669861
0.471416	0.668843
0.472252	0.667824
0.473089	0.666805
0.473928	0.665785
0.474768	0.664765
0.475609	0.663744
0.476451	0.662723
0.477296	0.661701
0.478141	0.660678
0.478988	0.659655
0.479836	0.658631
0.480685	0.657606
0.481536	0.65658
0.482388	0.655553
0.483242	0.654525
0.484096	0.653497
0.484953	0.652467
0.48581	0.651437
0.486669	0.650405
0.48753	0.649372
0.488392	0.648338
0.489255	0.647303
0.490119	0.646266
0.490985	0.645228
0.491852	0.644189
0.492721	0.643148
0.493591	0.642105
0.494463	0.641061
0.495336	0.640015
0.49621	0.638968
0.497085	0.637919
0.497963	0.636868
0.498841	0.635816
0.499721	0.634762
0.500602	0.633706
0.501485	0.632648
0.502369	0.631589
0.503255	0.630527
0.504142	0.629464
0.50503	0.628398
0.50592	0.627331
0.506811	0.626261
0.507704	0.62519
0.508598	0.624116
0.509493	0.62304
0.51039	0.621962
0.511288	0.620882
0.512188	0.619799
0.51309	0.618715
0.513992	0.617628
0.514896	0.616539
0.515802	0.615447
0.516709	0.614353
0.517618	0.613256
0.518528	0.612157
0.519439	0.611055
0.520352	0.60995
0.521266	0.608843
0.522182	0.607733
0.523099	0.60662
0.524018	0.605503
0.524938	0.604384
0.52586	0.603262
0.526783	0.602136
0.527708	0.601007
0.528634	0.599874
0.529561	0.598739
0.530491	0.597599
0.531421	0.596457
0.532353	0.59531
0.533287	0.59416
0.534222	0.593007
0.535158	0.591849
0.536096	0.590688
0.537036	0.589523
0.537977	0.588354
0.53892	0.587181
0.539864	0.586004
0.540809	0.584822
0.541757	0.583637
0.542705	0.582448
0.543655	0.581254
0.544607	0.580056
0.54556	0.578854
0.546515	0.577649
0.547471	0.576438
0.548429	0.575224
0.549388	0.574006
0.550349	0.572784
0.551311	0.571558
0.552275	0.570327
0.553241	0.569093
0.554208	0.567855
0.555176	0.566613
0.556147	0.565367
0.557118	0.564117
0.558092	0.562864
0.559066	0.561608
0.560043	0.560348
0.561021	0.559085
0.562	0.557819
0.562981	0.556551
0.563964	0.555279
0.564948	0.554005
0.565934	0.552728
0.566921	0.551449
0.56791	0.550168
0.568901	0.548885
0.569893	0.547599
0.570886	0.546312
0.571882	0.545022
0.572879	0.54373
0.573877	0.542437
0.574877	0.541141
0.575879	0.539845
0.576882	0.538546
0.577887	0.537247
0.578894	0.535947
0.579902	0.534647
0.580839	0.533438
0.581777	0.532232
0.582715	0.531026
0.583652	0.529823
0.58459	0.528621
0.585528	0.527421
0.586465	0.526223
0.587403	0.525026
0.588341	0.523831
0.589278	0.522638
0.590216	0.521448
0.590216	0.521448
0.591154	0.520259
0.592091	0.519074
0.593029	0.51789
0.593966	0.51671
0.594904	0.515532
0.595842	0.514358
0.596779	0.513186
0.597717	0.512017
0.598655	0.51085
0.599592	0.509687
0.60053	0.508525
0.601468	0.507366
0.602405	0.50621
0.603343	0.505056
0.60449	0.503646
0.605638	0.502241
0.606786	0.500839
0.607933	0.49944
0.609081	0.498045
0.610228	0.496653
0.611376	0.495265
0.612523	0.49388
0.613671	0.492499
0.614818	0.491122
0.615966	0.489748
0.617114	0.488378
0.618261	0.487012
0.619409	0.485648
0.620556	0.484288
0.621704	0.48293
0.622851	0.481576
0.623999	0.480224
0.625146	0.478875
0.626294	0.477529
0.627441	0.476184
0.628589	0.474842
0.629737	0.473502
0.630884	0.472164
0.632032	0.470828
0.633179	0.469494
0.634327	0.468161
0.635474	0.46683
0.636622	0.465501
0.637769	0.464172
0.638917	0.462845
0.640065	0.461519
0.641212	0.460194
0.64236	0.45887
0.643507	0.457548
0.644655	0.456226
0.645802	0.454905
0.64695	0.453585
0.648097	0.452267
0.649245	0.450951
0.650392	0.449637
0.65154	0.448328
0.652688	0.447023
0.653835	0.445724
0.654983	0.444433
0.65613	0.443151
0.657278	0.441878
0.658425	0.440615
0.659573	0.439362
0.66072	0.438121
0.661868	0.436891
0.663016	0.435675
0.664163	0.434474
0.665311	0.43329
0.666458	0.432125
0.667606	0.430981
0.668753	0.42986
0.669901	0.428763
0.671048	0.427689
0.672196	0.426636
0.673343	0.425603
0.674491	0.424584
0.675639	0.423575
0.676786	0.422575
0.677934	0.421581
0.679081	0.420595
0.680229	0.419618
0.681376	0.418654
0.682524	0.417707
0.683671	0.416779
0.684819	0.415875
0.685967	0.414996
0.687114	0.414144
0.688262	0.413321
0.689409	0.412524
0.690557	0.411755
0.691704	0.411012
0.692852	0.410292
0.693999	0.409594
0.695147	0.408914
0.696294	0.408249
0.697442	0.407597
0.69859	0.406953
0.699737	0.406314
0.700885	0.405676
0.702032	0.405034
0.70318	0.404384
0.704327	0.403722
0.705475	0.403043
0.706622	0.402343
0.70777	0.401617
0.708918	0.400859
0.710065	0.400064
0.711213	0.399227
0.71236	0.398342
0.713508	0.397402
0.714655	0.396402
0.715803	0.395334
0.71695	0.394191
0.718098	0.392966
0.719245	0.391649
0.720393	0.390233
0.721541	0.388706
0.722688	0.38706
0.723836	0.385282
0.724983	0.383361
0.726131	0.381283
0.727278	0.379033
0.728426	0.376595
0.729573	0.373951
0.730721	0.371082
0.731869	0.367966
0.733016	0.364579
0.734164	0.360892
0.735311	0.356875
0.736459	0.352494
0.737606	0.34771
0.738754	0.342482
0.739901	0.336762
0.741049	0.330506
0.742197	0.323667
0.743344	0.316206
0.744492	0.308091
0.745639	0.299275
0.746787	0.289689
0.747934	0.279085
0.749082	0.267057
0.750229	0.253442
0.751377	0.238268
0.752524	0.221513
0.753672	0.203172
0.75482	0.183311
0.755967	0.162064
0.757115	0.139619
0.758262	0.116111
0.75941	0.0918757
0.760557	0.0672302
0.761705	0.0413129
0.762852	0.0153044
0.763426	0.00474866
0.763713	0.00157657
0.764	0.00055432
)
